<?xml version="1.0" encoding="utf-8"?>
<root>
	<node>
		<identifier>Scene Root</identifier>
		<transform>
			<row0>1.000000 0.000000 0.000000</row0>
			<row1>0.000000 1.000000 0.000000</row1>
			<row2>0.000000 0.000000 1.000000</row2>
			<row3>0.000000 0.000000 0.000000</row3>
		</transform>
		<node>
			<identifier>nodes_01</identifier>
			<transform>
				<row0>1.000000 0.000000 0.000000</row0>
				<row1>0.000000 1.000000 0.000000</row1>
				<row2>0.000000 0.000000 1.000000</row2>
				<row3>0.000000 0.000000 0.000000</row3>
			</transform>
			<node>
				<identifier>HP_Fire_1</identifier>
				<transform>
					<row0>1.000000 0.000000 0.000000</row0>
					<row1>0.000000 1.000000 0.000000</row1>
					<row2>0.000000 0.000000 1.000000</row2>
					<row3>0.000000 0.125883 -2.264989</row3>
				</transform>
			</node>
			<node>
				<identifier>HP_Fire_2</identifier>
				<transform>
					<row0>1.000000 0.000000 0.000000</row0>
					<row1>0.000000 1.000000 0.000000</row1>
					<row2>0.000000 0.000000 1.000000</row2>
					<row3>-0.811321 0.070623 1.554327</row3>
				</transform>
			</node>
			<node>
				<identifier>HP_TrackUp_LFront</identifier>
				<transform>
					<row0>1.000000 0.000000 0.000000</row0>
					<row1>0.000000 0.830128 0.557572</row1>
					<row2>0.000000 -0.557572 0.830128</row2>
					<row3>-1.418321 0.071635 2.735976</row3>
				</transform>
			</node>
			<node>
				<identifier>HP_TrackUp_LRear</identifier>
				<transform>
					<row0>-1.000000 0.000000 0.000000</row0>
					<row1>0.000000 0.631538 -0.775345</row1>
					<row2>-0.000000 -0.775345 -0.631538</row2>
					<row3>-1.418321 -0.253473 -2.861359</row3>
				</transform>
			</node>
			<node>
				<identifier>HP_TrackUp_RFront</identifier>
				<transform>
					<row0>1.000000 0.000000 0.000000</row0>
					<row1>0.000000 0.830128 0.557572</row1>
					<row2>0.000000 -0.557572 0.830128</row2>
					<row3>1.418321 0.071635 2.735976</row3>
				</transform>
			</node>
			<node>
				<identifier>HP_TrackUp_RRear</identifier>
				<transform>
					<row0>-1.000000 0.000000 0.000000</row0>
					<row1>0.000000 0.631538 -0.775345</row1>
					<row2>-0.000000 -0.775345 -0.631538</row2>
					<row3>1.418321 -0.253473 -2.861359</row3>
				</transform>
			</node>
			<node>
				<identifier>HP_Track_Exhaus_1</identifier>
				<transform>
					<row0>1.000000 0.000002 0.000001</row0>
					<row1>0.000002 -0.143449 -0.989658</row1>
					<row2>-0.000001 0.989658 -0.143449</row2>
					<row3>-0.378401 0.681698 -3.051799</row3>
				</transform>
			</node>
			<node>
				<identifier>HP_Track_Exhaus_2</identifier>
				<transform>
					<row0>1.000000 -0.000002 -0.000001</row0>
					<row1>-0.000002 -0.143449 -0.989658</row1>
					<row2>0.000001 0.989658 -0.143449</row2>
					<row3>0.378478 0.681698 -3.052740</row3>
				</transform>
			</node>
			<node>
				<identifier>HP_turretJoint_1</identifier>
				<transform>
					<row0>1.000000 0.000000 0.000000</row0>
					<row1>0.000000 1.000000 0.000000</row1>
					<row2>0.000000 0.000000 1.000000</row2>
					<row3>0.001037 0.773256 -0.166712</row3>
				</transform>
			</node>
			<node>
				<identifier>HP_turretJoint_2</identifier>
				<transform>
					<row0>1.000000 0.000000 0.000000</row0>
					<row1>0.000000 1.000000 0.000000</row1>
					<row2>0.000000 0.000000 1.000000</row2>
					<row3>0.001037 0.743256 -0.166892</row3>
				</transform>
			</node>
		</node>
	</node>
	<renderSet>
		<treatAsWorldSpaceObject>false</treatAsWorldSpaceObject>
		<node>Scene Root</node>
		<geometry>
			<vertices>vertices</vertices>
			<primitive>indices</primitive>
			<primitiveGroup>
				0
				<material>
					<identifier>tank_hull_01</identifier>
					<fx>shaders/std_effects/PBS_tank.fx</fx>
					<materialKind>0</materialKind>
					<collisionFlags>0</collisionFlags>
					<property>
						alphaReference
						<Int>64</Int>
					</property>
					<property>
						colorIdMap
						<Texture>vehicles/russian/common/common_ID.dds</Texture>
					</property>
					<property>
						diffuseMap
						<Texture>vehicles/german/G04_PzVI_Tiger_I/_skins/G04_PzVI_Tiger_I_E_3DSt/PzVI_Tiger_I_E_3DSt_hull_01_AM.dds</Texture>
					</property>
					<property>
						excludeMaskAndAOMap
						<Texture>vehicles/german/G04_PzVI_Tiger_I/_skins/G04_PzVI_Tiger_I_E_3DSt/PzVI_Tiger_I_E_3DSt_hull_01_AO.dds</Texture>
					</property>
					<property>
						g_detailUVTiling
						<Vector4>7.013700 7.013700 0.000000 0.000000</Vector4>
					</property>
					<property>
						g_useDetailMetallic
						<Bool>true</Bool>
					</property>
					<property>
						metallicDetailMap
						<Texture>vehicles/russian/Tank_detail/Details_map.dds</Texture>
					</property>
					<property>
						metallicGlossMap
						<Texture>vehicles/german/G04_PzVI_Tiger_I/_skins/G04_PzVI_Tiger_I_E_3DSt/PzVI_Tiger_I_E_3DSt_hull_01_GMM.dds</Texture>
					</property>
					<property>
						normalMap
						<Texture>vehicles/german/G04_PzVI_Tiger_I/_skins/G04_PzVI_Tiger_I_E_3DSt/PzVI_Tiger_I_E_3DSt_hull_01_ANM.dds</Texture>
					</property>
				</material>
				<groupOrigin>0.004175 0.151280 -0.174692</groupOrigin>
			</primitiveGroup>
			<primitiveGroup>
				1
				<material>
					<identifier>tank_equipment</identifier>
					<fx>shaders/std_effects/PBS_tank.fx</fx>
					<materialKind>0</materialKind>
					<collisionFlags>0</collisionFlags>
					<property>
						alphaReference
						<Int>128</Int>
					</property>
					<property>
						colorIdMap
						<Texture>vehicles/russian/common/common_ID.dds</Texture>
					</property>
					<property>
						diffuseMap
						<Texture>vehicles/german/G04_PzVI_Tiger_I/_skins/G04_PzVI_Tiger_I_E_3DSt/PzVI_Tiger_I_E_3DSt_equipment_AM.dds</Texture>
					</property>
					<property>
						excludeMaskAndAOMap
						<Texture>vehicles/german/G04_PzVI_Tiger_I/_skins/G04_PzVI_Tiger_I_E_3DSt/PzVI_Tiger_I_E_3DSt_equipment_AO.dds</Texture>
					</property>
					<property>
						g_detailUVTiling
						<Vector4>3.506850 3.506850 0.000000 0.000000</Vector4>
					</property>
					<property>
						g_useDetailMetallic
						<Bool>true</Bool>
					</property>
					<property>
						metallicDetailMap
						<Texture>vehicles/russian/Tank_detail/Details_map.dds</Texture>
					</property>
					<property>
						metallicGlossMap
						<Texture>vehicles/german/G04_PzVI_Tiger_I/_skins/G04_PzVI_Tiger_I_E_3DSt/PzVI_Tiger_I_E_3DSt_equipment_GMM.dds</Texture>
					</property>
					<property>
						normalMap
						<Texture>vehicles/german/G04_PzVI_Tiger_I/_skins/G04_PzVI_Tiger_I_E_3DSt/PzVI_Tiger_I_E_3DSt_equipment_ANM.dds</Texture>
					</property>
					<property>
						alphaTestEnable
						<Bool>true</Bool>
					</property>
				</material>
				<groupOrigin>0.225501 0.531577 1.803690</groupOrigin>
			</primitiveGroup>
		</geometry>
	</renderSet>
	<boundingBox>
		<min>-1.848240 -0.681416 -3.353584</min>
		<max>1.856589 0.983975 3.004199</max>
	</boundingBox>
	<geometrySize>443370</geometrySize>
	<minUVDensity>0.001302</minUVDensity>
</root>
