<?xml version="1.0" encoding="utf-8"?>
<root>
	<node>
		<identifier>Scene Root</identifier>
		<transform>
			<row0>1.000000 0.000000 0.000000</row0>
			<row1>0.000000 1.000000 0.000000</row1>
			<row2>0.000000 0.000000 1.000000</row2>
			<row3>0.000000 0.000000 0.000000</row3>
		</transform>
		<node>
			<identifier>nodes_01</identifier>
			<transform>
				<row0>1.000000 0.000000 0.000000</row0>
				<row1>0.000000 1.000000 0.000000</row1>
				<row2>0.000000 0.000000 1.000000</row2>
				<row3>0.000000 0.000000 0.000000</row3>
			</transform>
			<node>
				<identifier>HP_Fire_1</identifier>
				<transform>
					<row0>1.000000 0.000000 0.000000</row0>
					<row1>0.000000 1.000000 0.000000</row1>
					<row2>0.000000 0.000000 1.000000</row2>
					<row3>0.000000 0.141073 -2.043523</row3>
				</transform>
			</node>
			<node>
				<identifier>HP_Fire_2</identifier>
				<transform>
					<row0>1.000000 0.000000 0.000000</row0>
					<row1>0.000000 1.000000 0.000000</row1>
					<row2>0.000000 0.000000 1.000000</row2>
					<row3>-0.419070 -0.010555 2.007296</row3>
				</transform>
			</node>
			<node>
				<identifier>HP_TrackUp_LFront</identifier>
				<transform>
					<row0>1.000000 0.000000 0.000000</row0>
					<row1>0.000000 0.737255 0.675614</row1>
					<row2>0.000000 -0.675614 0.737255</row2>
					<row3>-1.255103 -0.049205 2.532894</row3>
				</transform>
			</node>
			<node>
				<identifier>HP_TrackUp_LRear</identifier>
				<transform>
					<row0>-1.000000 0.000000 0.000000</row0>
					<row1>0.000000 0.761738 -0.647885</row1>
					<row2>-0.000000 -0.647885 -0.761738</row2>
					<row3>-1.255103 -0.058693 -2.447500</row3>
				</transform>
			</node>
			<node>
				<identifier>HP_TrackUp_RFront</identifier>
				<transform>
					<row0>1.000000 0.000000 0.000000</row0>
					<row1>0.000000 0.737255 0.675614</row1>
					<row2>0.000000 -0.675614 0.737255</row2>
					<row3>1.255103 -0.049205 2.532894</row3>
				</transform>
			</node>
			<node>
				<identifier>HP_TrackUp_RRear</identifier>
				<transform>
					<row0>-1.000000 0.000000 0.000000</row0>
					<row1>0.000000 0.761738 -0.647885</row1>
					<row2>-0.000000 -0.647885 -0.761738</row2>
					<row3>1.255103 -0.058693 -2.447500</row3>
				</transform>
			</node>
			<node>
				<identifier>HP_Track_Exhaus_1</identifier>
				<transform>
					<row0>1.000000 0.000000 0.000000</row0>
					<row1>0.000000 -1.000000 -0.000000</row1>
					<row2>0.000000 0.000000 -1.000000</row2>
					<row3>-0.705823 -0.338187 -2.587990</row3>
				</transform>
			</node>
			<node>
				<identifier>HP_Track_Exhaus_2</identifier>
				<transform>
					<row0>1.000000 0.000000 0.000000</row0>
					<row1>0.000000 -1.000000 -0.000000</row1>
					<row2>0.000000 0.000000 -1.000000</row2>
					<row3>0.705823 -0.338187 -2.587990</row3>
				</transform>
			</node>
			<node>
				<identifier>HP_turretJoint</identifier>
				<transform>
					<row0>1.000000 0.000000 0.000000</row0>
					<row1>0.000000 1.000000 0.000000</row1>
					<row2>0.000000 0.000000 1.000000</row2>
					<row3>0.000000 0.588731 0.334500</row3>
				</transform>
			</node>
		</node>
	</node>
	<renderSet>
		<treatAsWorldSpaceObject>false</treatAsWorldSpaceObject>
		<node>Scene Root</node>
		<geometry>
			<vertices>vertices</vertices>
			<primitive>indices</primitive>
			<primitiveGroup>
				0
				<material>
					<identifier>tank_hull_01</identifier>
					<collisionFlags>0</collisionFlags>
					<materialKind>0</materialKind>
					<fx>shaders/std_effects/PBS_tank.fx</fx>
					<property>
						alphaReference
						<Int>64</Int>
					</property>
					<property>
						g_useNormalPackDXT1
						<Bool>false</Bool>
					</property>
					<property>
						g_detailUVTiling
						<Vector4>7.013700 7.013700 0.000000 0.000000</Vector4>
					</property>
					<property>
						alphaTestEnable
						<Bool>true</Bool>
					</property>
					<property>
						diffuseMap
						<Texture>vehicles/german/G107_PzKpfwIII_AusfK/PzKpfwIII_AusfK_hull_01_AM.dds</Texture>
					</property>
					<property>
						normalMap
						<Texture>vehicles/german/G107_PzKpfwIII_AusfK/PzKpfwIII_AusfK_hull_01_ANM.dds</Texture>
					</property>
					<property>
						metallicGlossMap
						<Texture>vehicles/german/G107_PzKpfwIII_AusfK/PzKpfwIII_AusfK_hull_01_GMM.dds</Texture>
					</property>
					<property>
						excludeMaskAndAOMap
						<Texture>vehicles/german/G107_PzKpfwIII_AusfK/PzKpfwIII_AusfK_hull_01_AO.dds</Texture>
					</property>
					<property>
						colorIdMap
						<Texture>vehicles/russian/common/common_ID.dds</Texture>
					</property>
					<property>
						metallicDetailMap
						<Texture>vehicles/russian/Tank_detail/Details_map.dds</Texture>
					</property>
				</material>
				<groupOrigin>-0.003726 -0.009401 0.007332</groupOrigin>
			</primitiveGroup>
		</geometry>
	</renderSet>
	<boundingBox>
		<min>-1.492217 -0.686849 -2.728818</min>
		<max>1.484766 0.668046 2.743481</max>
	</boundingBox>
	<geometrySize>240226</geometrySize>
	<minUVDensity>0.003684</minUVDensity>
</root>
