<?xml version="1.0" encoding="utf-8"?>
<root>
	<node>
		<identifier>Scene Root</identifier>
		<transform>
			<row0>1.000000 0.000000 0.000000</row0>
			<row1>0.000000 1.000000 0.000000</row1>
			<row2>0.000000 0.000000 1.000000</row2>
			<row3>0.000000 0.000000 0.000000</row3>
		</transform>
		<node>
			<identifier>Character1_Root</identifier>
			<transform>
				<row0>0.000000 1.000000 0.000000</row0>
				<row1>-1.000000 0.000000 0.000000</row1>
				<row2>0.000000 0.000000 1.000000</row2>
				<row3>0.000000 0.000000 0.000000</row3>
			</transform>
			<node>
				<identifier>Character1_Hips</identifier>
				<transform>
					<row0>1.000000 0.000000 0.000000</row0>
					<row1>0.000000 1.000000 0.000000</row1>
					<row2>0.000000 0.000000 1.000000</row2>
					<row3>0.965673 0.000000 0.000000</row3>
				</transform>
				<node>
					<identifier>Character1_LeftUpLeg</identifier>
					<transform>
						<row0>-0.998731 -0.034458 0.036731</row0>
						<row1>0.043676 -0.955729 0.290990</row1>
						<row2>0.025078 0.292225 0.956021</row2>
						<row3>-0.015733 -0.099010 -0.003098</row3>
					</transform>
					<node>
						<identifier>Character1_LeftLeg</identifier>
						<transform>
							<row0>0.995687 0.036736 0.085191</row0>
							<row1>-0.041596 0.997564 0.056001</row1>
							<row2>-0.082926 -0.059303 0.994790</row2>
							<row3>0.442107 0.006067 -0.007771</row3>
						</transform>
						<node>
							<identifier>Character1_LeftFoot</identifier>
							<transform>
								<row0>0.448742 0.000000 -0.893661</row0>
								<row1>0.000000 1.000000 -0.000000</row1>
								<row2>0.893661 -0.000000 0.448742</row2>
								<row3>0.386934 -0.000002 0.000002</row3>
							</transform>
							<node>
								<identifier>Character1_LeftToeBase</identifier>
								<transform>
									<row0>0.861817 0.022441 -0.506722</row0>
									<row1>0.018417 0.996978 0.075476</row1>
									<row2>0.506884 -0.074379 0.858799</row2>
									<row3>0.178509 0.000000 0.000001</row3>
								</transform>
								<node>
									<identifier>Character1_LeftToeBase_BlendBone</identifier>
									<transform>
										<row0>0.367435 0.930048 -0.001613</row0>
										<row1>-0.037491 0.013079 -0.999211</row1>
										<row2>0.929293 -0.367206 -0.039674</row2>
										<row3>-0.147191 -0.155735 0.032505</row3>
									</transform>
								</node>
							</node>
							<node>
								<identifier>Character1_LeftFoot_BlendBone</identifier>
								<transform>
									<row0>0.332973 0.935602 -0.117377</row0>
									<row1>-0.538554 0.086518 -0.838137</row1>
									<row2>0.774008 -0.342291 -0.532681</row2>
									<row3>0.065264 -0.160985 0.090747</row3>
								</transform>
							</node>
						</node>
						<node>
							<identifier>Character1_LeftLeg_BlendBone</identifier>
							<transform>
								<row0>0.044524 0.935602 -0.350237</row0>
								<row1>-0.990683 0.086518 0.105178</row1>
								<row2>-0.128707 -0.342291 -0.930737</row2>
								<row3>0.497318 -0.160988 -0.017600</row3>
							</transform>
						</node>
					</node>
					<node>
						<identifier>Character1_LeftUpLeg_BlendBone</identifier>
						<transform>
							<row0>0.034458 0.955729 -0.292225</row0>
							<row1>-0.998731 0.043676 0.025078</row1>
							<row2>-0.036731 -0.290990 -0.956021</row2>
							<row3>0.945437 -0.135215 0.008072</row3>
						</transform>
					</node>
				</node>
				<node>
					<identifier>Character1_RightUpLeg</identifier>
					<transform>
						<row0>0.998731 -0.034458 -0.036731</row0>
						<row1>-0.043676 -0.955729 -0.290990</row1>
						<row2>-0.025078 0.292225 -0.956021</row2>
						<row3>-0.015733 0.099010 -0.003098</row3>
					</transform>
					<node>
						<identifier>Character1_RightLeg</identifier>
						<transform>
							<row0>0.995687 0.036736 0.085191</row0>
							<row1>-0.041597 0.997564 0.056001</row1>
							<row2>-0.082926 -0.059303 0.994790</row2>
							<row3>-0.442107 -0.006067 0.007771</row3>
						</transform>
						<node>
							<identifier>Character1_RightFoot</identifier>
							<transform>
								<row0>0.448742 0.000000 -0.893661</row0>
								<row1>-0.000000 1.000000 0.000000</row1>
								<row2>0.893661 0.000000 0.448742</row2>
								<row3>-0.386934 0.000002 -0.000002</row3>
							</transform>
							<node>
								<identifier>Character1_RightToeBase</identifier>
								<transform>
									<row0>0.861817 0.022441 -0.506722</row0>
									<row1>0.018417 0.996978 0.075476</row1>
									<row2>0.506884 -0.074379 0.858799</row2>
									<row3>-0.178508 0.000000 -0.000001</row3>
								</transform>
								<node>
									<identifier>Character1_RightToeBase_BlendBone</identifier>
									<transform>
										<row0>0.367435 0.930048 -0.001613</row0>
										<row1>0.037491 -0.013079 0.999211</row1>
										<row2>-0.929293 0.367206 0.039674</row2>
										<row3>0.147191 0.155735 -0.032504</row3>
									</transform>
								</node>
							</node>
							<node>
								<identifier>Character1_RightFoot_BlendBone</identifier>
								<transform>
									<row0>0.332973 0.935602 -0.117377</row0>
									<row1>0.538554 -0.086518 0.838137</row1>
									<row2>-0.774008 0.342291 0.532681</row2>
									<row3>-0.065264 0.160986 -0.090747</row3>
								</transform>
							</node>
						</node>
						<node>
							<identifier>Character1_RightLeg_BlendBone</identifier>
							<transform>
								<row0>0.044524 0.935602 -0.350237</row0>
								<row1>0.990683 -0.086518 -0.105178</row1>
								<row2>0.128707 0.342291 0.930737</row2>
								<row3>-0.497318 0.160988 0.017600</row3>
							</transform>
						</node>
					</node>
					<node>
						<identifier>Character1_RightUpLeg_BlendBone</identifier>
						<transform>
							<row0>0.034458 0.955729 -0.292225</row0>
							<row1>0.998731 -0.043676 -0.025078</row1>
							<row2>0.036731 0.290990 0.956021</row2>
							<row3>-0.945436 0.135215 -0.008072</row3>
						</transform>
					</node>
				</node>
				<node>
					<identifier>Character1_Spine</identifier>
					<transform>
						<row0>0.998453 0.000000 0.055595</row0>
						<row1>0.000000 1.000000 0.000000</row1>
						<row2>-0.055595 0.000000 0.998453</row2>
						<row3>0.038995 0.000000 0.000000</row3>
					</transform>
					<node>
						<identifier>Character1_Spine1</identifier>
						<transform>
							<row0>0.999074 -0.000000 0.043027</row0>
							<row1>0.000000 1.000000 0.000000</row1>
							<row2>-0.043027 -0.000000 0.999074</row2>
							<row3>0.122398 0.000461 0.000029</row3>
						</transform>
						<node>
							<identifier>Character1_Spine2</identifier>
							<transform>
								<row0>0.999959 -0.000000 -0.009058</row0>
								<row1>0.000000 1.000000 0.000000</row1>
								<row2>0.009058 0.000000 0.999959</row2>
								<row3>0.122804 0.000888 0.000057</row3>
							</transform>
							<node>
								<identifier>Character1_Spine3</identifier>
								<transform>
									<row0>0.998191 -0.000000 -0.060121</row0>
									<row1>0.000000 1.000000 0.000000</row1>
									<row2>0.060121 -0.000000 0.998191</row2>
									<row3>0.122695 -0.001350 -0.000085</row3>
								</transform>
								<node>
									<identifier>Character1_LeftShoulder</identifier>
									<transform>
										<row0>-0.414067 -0.811042 0.413232</row0>
										<row1>0.884899 -0.465053 -0.026062</row1>
										<row2>0.213312 0.354877 0.910253</row2>
										<row3>0.096821 -0.056410 -0.049066</row3>
									</transform>
									<node>
										<identifier>Character1_LeftArm</identifier>
										<transform>
											<row0>0.895036 -0.114499 -0.431047</row0>
											<row1>0.104962 0.993413 -0.045935</row1>
											<row2>0.433468 -0.004130 0.901160</row2>
											<row3>0.179365 0.000001 -0.000001</row3>
										</transform>
										<node>
											<identifier>Character1_LeftForeArm</identifier>
											<transform>
												<row0>0.963462 -0.000000 -0.267844</row0>
												<row1>0.000000 1.000000 0.000000</row1>
												<row2>0.267844 -0.000000 0.963462</row2>
												<row3>0.196967 0.000001 -0.000001</row3>
											</transform>
											<node>
												<identifier>Character1_LeftHand</identifier>
												<transform>
													<row0>0.966131 -0.257357 -0.018917</row0>
													<row1>0.258035 0.962655 0.081941</row1>
													<row2>-0.002877 -0.084047 0.996458</row2>
													<row3>0.267873 0.000000 -0.000002</row3>
												</transform>
												<node>
													<identifier>Character1_LeftHandMiddle1</identifier>
													<transform>
														<row0>0.957450 -0.266551 0.110636</row0>
														<row1>0.273752 0.960184 -0.055739</row1>
														<row2>-0.091374 0.083654 0.992297</row2>
														<row3>0.091750 -0.000001 -0.000001</row3>
													</transform>
													<node>
														<identifier>Character1_LeftHandMiddle2</identifier>
														<transform>
															<row0>0.884610 -0.464864 -0.036975</row0>
															<row1>0.466331 0.881649 0.072318</row1>
															<row2>-0.001019 -0.081216 0.996696</row2>
															<row3>0.054225 0.000000 -0.000000</row3>
														</transform>
														<node>
															<identifier>Character1_LeftHandMiddle3</identifier>
															<transform>
																<row0>0.967001 -0.254771 0.000559</row0>
																<row1>0.254443 0.965640 -0.052894</row1>
																<row2>0.012936 0.051290 0.998600</row2>
																<row3>0.027547 -0.000000 -0.000000</row3>
															</transform>
															<node>
																<identifier>Character1_LeftHandMiddle3_BlendBone</identifier>
																<transform>
																	<row0>-0.315425 0.931281 0.182272</row0>
																	<row1>-0.943614 -0.287469 -0.164180</row1>
																	<row2>0.100501 0.223781 -0.969444</row2>
																	<row3>1.137582 -0.337379 0.117749</row3>
																</transform>
															</node>
														</node>
														<node>
															<identifier>Character1_LeftHandMiddle2_BlendBone</identifier>
															<transform>
																<row0>-0.065701 0.988992 0.132581</row0>
																<row1>-0.987744 -0.045607 -0.149272</row1>
																<row2>0.141582 0.140764 -0.979867</row2>
																<row3>1.043269 -0.609570 0.136064</row3>
															</transform>
														</node>
													</node>
													<node>
														<identifier>Character1_LeftHandMiddle1_BlendBone</identifier>
														<transform>
															<row0>0.402943 0.891719 0.206095</row0>
															<row1>-0.894884 0.431080 -0.115555</row1>
															<row2>0.191886 0.137869 -0.971685</row2>
															<row3>0.692711 -1.033456 0.052957</row3>
														</transform>
													</node>
												</node>
												<node>
													<identifier>Character1_LeftHandThumb1</identifier>
													<transform>
														<row0>0.828874 -0.367774 -0.421558</row0>
														<row1>0.217079 0.905937 -0.363530</row1>
														<row2>0.515602 0.209809 0.830743</row2>
														<row3>0.030133 -0.014650 -0.030183</row3>
													</transform>
													<node>
														<identifier>Character1_LeftHandThumb2</identifier>
														<transform>
															<row0>0.979048 0.001623 0.203625</row0>
															<row1>-0.102429 0.868177 0.485568</row1>
															<row2>-0.175994 -0.496251 0.850153</row2>
															<row3>0.040998 0.000000 0.000000</row3>
														</transform>
														<node>
															<identifier>Character1_LeftHandThumb3</identifier>
															<transform>
																<row0>0.998432 -0.009515 0.055159</row0>
																<row1>0.009219 0.999942 0.005611</row1>
																<row2>-0.055209 -0.005094 0.998462</row2>
																<row3>0.035085 -0.000000 0.000000</row3>
															</transform>
															<node>
																<identifier>Character1_LeftHandThumb3_BlendBone</identifier>
																<transform>
																	<row0>0.268198 0.955044 0.126338</row0>
																	<row1>-0.841668 0.296097 -0.451578</row1>
																	<row2>0.468685 -0.014777 -0.883242</row2>
																	<row3>0.675258 -0.876005 0.503962</row3>
																</transform>
															</node>
														</node>
														<node>
															<identifier>Character1_LeftHandThumb2_BlendBone</identifier>
															<transform>
																<row0>0.269607 0.951793 0.146297</row0>
																<row1>-0.812687 0.306388 -0.495648</row1>
																<row2>0.516577 -0.014737 -0.856114</row2>
																<row3>0.673385 -0.884946 0.535518</row3>
															</transform>
														</node>
													</node>
													<node>
														<identifier>Character1_LeftHandThumb1_BlendBone</identifier>
														<transform>
															<row0>0.140720 0.754163 0.641433</row0>
															<row1>-0.739811 0.510646 -0.438087</row1>
															<row2>0.657934 0.412892 -0.629796</row2>
															<row3>0.696670 -1.032948 0.162689</row3>
														</transform>
													</node>
												</node>
												<node>
													<identifier>Character1_LeftHand_BlendBone</identifier>
													<transform>
														<row0>0.611076 0.766050 0.199384</row0>
														<row1>-0.728238 0.642781 -0.237700</row1>
														<row2>0.310250 -0.000053 -0.950655</row2>
														<row3>0.467237 -1.172520 0.186790</row3>
													</transform>
												</node>
											</node>
											<node>
												<identifier>Character1_LeftForeArm_BlendBone</identifier>
												<transform>
													<row0>0.787473 0.563419 0.249889</row0>
													<row1>-0.537030 0.826171 -0.170412</row1>
													<row2>0.302464 0.000003 -0.953161</row2>
													<row3>0.416197 -1.264678 0.081211</row3>
												</transform>
											</node>
										</node>
										<node>
											<identifier>Character1_LeftArm_BlendBone</identifier>
											<transform>
												<row0>0.825632 0.563419 0.029839</row0>
												<row1>-0.563052 0.826171 -0.020345</row1>
												<row2>0.036115 0.000003 -0.999348</row2>
												<row3>0.619709 -1.264677 -0.033233</row3>
											</transform>
										</node>
									</node>
									<node>
										<identifier>Character1_LeftShoulder_BlendBone</identifier>
										<transform>
											<row0>0.811042 0.465053 -0.354877</row0>
											<row1>-0.426054 0.885283 0.186418</row1>
											<row2>-0.400861 -0.000005 -0.916139</row2>
											<row3>0.586879 -1.327165 -0.238980</row3>
										</transform>
									</node>
								</node>
								<node>
									<identifier>Character1_Neck</identifier>
									<transform>
										<row0>0.932362 -0.000000 -0.361527</row0>
										<row1>0.000000 1.000000 0.000000</row1>
										<row2>0.361527 0.000000 0.932362</row2>
										<row3>0.122262 -0.000457 -0.000028</row3>
									</transform>
									<node>
										<identifier>Character1_Head</identifier>
										<transform>
											<row0>1.000000 0.000000 0.000000</row0>
											<row1>0.000000 1.000000 0.000000</row1>
											<row2>-0.000000 -0.000000 1.000000</row2>
											<row3>0.114338 0.000000 0.000000</row3>
										</transform>
										<node>
											<identifier>Character1_LeftEye</identifier>
											<transform>
												<row0>0.333920 0.000000 -0.942601</row0>
												<row1>0.000000 1.000000 0.000000</row1>
												<row2>0.942601 -0.000000 0.333920</row2>
												<row3>0.081801 -0.032137 -0.049864</row3>
											</transform>
											<node>
												<identifier>Character1_LeftEye_BlendBone</identifier>
												<transform>
													<row0>-0.000000 -1.000000 0.000000</row0>
													<row1>0.000003 0.000000 1.000000</row1>
													<row2>1.000000 -0.000000 -0.000003</row2>
													<row3>-0.079047 0.032593 -1.661727</row3>
												</transform>
											</node>
										</node>
										<node>
											<identifier>Character1_RightEye</identifier>
											<transform>
												<row0>0.333920 0.000000 -0.942601</row0>
												<row1>0.000000 1.000000 0.000000</row1>
												<row2>0.942601 -0.000000 0.333920</row2>
												<row3>0.081804 0.032137 -0.049863</row3>
											</transform>
											<node>
												<identifier>Character1_RightEye_BlendBone</identifier>
												<transform>
													<row0>-0.000000 -1.000000 0.000000</row0>
													<row1>0.000003 0.000000 1.000000</row1>
													<row2>1.000000 -0.000000 -0.000003</row2>
													<row3>-0.079047 -0.031680 -1.661729</row3>
												</transform>
											</node>
										</node>
										<node>
											<identifier>Character1_Head_BlendBone</identifier>
											<transform>
												<row0>0.000000 -1.000000 0.000000</row0>
												<row1>0.942602 0.000000 0.333918</row1>
												<row2>0.333918 0.000000 -0.942602</row2>
												<row3>-1.510940 0.000457 -0.530238</row3>
											</transform>
										</node>
									</node>
									<node>
										<identifier>Character1_Neck_BlendBone</identifier>
										<transform>
											<row0>0.000000 -1.000000 0.000000</row0>
											<row1>0.942602 0.000000 0.333918</row1>
											<row2>0.333918 0.000000 -0.942602</row2>
											<row3>-1.396602 0.000457 -0.530238</row3>
										</transform>
									</node>
								</node>
								<node>
									<identifier>Character1_RightShoulder</identifier>
									<transform>
										<row0>0.414067 -0.811042 -0.413232</row0>
										<row1>-0.884899 -0.465052 0.026062</row1>
										<row2>-0.213311 0.354877 -0.910253</row2>
										<row3>0.096821 0.056410 -0.049066</row3>
									</transform>
									<node>
										<identifier>Character1_RightArm</identifier>
										<transform>
											<row0>0.895036 -0.114499 -0.431047</row0>
											<row1>0.104961 0.993415 -0.045935</row1>
											<row2>0.433468 -0.004130 0.901160</row2>
											<row3>-0.179365 0.000001 0.000001</row3>
										</transform>
										<node>
											<identifier>Character1_RightForeArm</identifier>
											<transform>
												<row0>0.963462 0.000000 -0.267844</row0>
												<row1>-0.000000 1.000000 -0.000000</row1>
												<row2>0.267844 0.000000 0.963462</row2>
												<row3>-0.196966 -0.000003 0.000001</row3>
											</transform>
											<node>
												<identifier>Character1_RightHand</identifier>
												<transform>
													<row0>0.966131 -0.257357 -0.018917</row0>
													<row1>0.258035 0.962654 0.081941</row1>
													<row2>-0.002877 -0.084047 0.996458</row2>
													<row3>-0.267871 -0.000004 0.000003</row3>
												</transform>
												<node>
													<identifier>Character1_RightHandMiddle1</identifier>
													<transform>
														<row0>0.957450 -0.266550 0.110636</row0>
														<row1>0.273752 0.960184 -0.055739</row1>
														<row2>-0.091374 0.083654 0.992297</row2>
														<row3>-0.091753 0.000003 -0.000000</row3>
													</transform>
													<node>
														<identifier>Character1_RightHandMiddle2</identifier>
														<transform>
															<row0>0.884610 -0.464864 -0.036975</row0>
															<row1>0.466331 0.881649 0.072318</row1>
															<row2>-0.001019 -0.081216 0.996696</row2>
															<row3>-0.054221 -0.000002 0.000001</row3>
														</transform>
														<node>
															<identifier>Character1_RightHandMiddle3</identifier>
															<transform>
																<row0>0.967001 -0.254771 0.000559</row0>
																<row1>0.254443 0.965640 -0.052894</row1>
																<row2>0.012937 0.051290 0.998600</row2>
																<row3>-0.027551 0.000000 -0.000000</row3>
															</transform>
															<node>
																<identifier>Character1_RightHandMiddle3_BlendBone</identifier>
																<transform>
																	<row0>-0.315425 0.931281 0.182272</row0>
																	<row1>0.943614 0.287468 0.164180</row1>
																	<row2>-0.100501 -0.223780 0.969444</row2>
																	<row3>-1.137582 0.337379 -0.117749</row3>
																</transform>
															</node>
														</node>
														<node>
															<identifier>Character1_RightHandMiddle2_BlendBone</identifier>
															<transform>
																<row0>-0.065701 0.988992 0.132581</row0>
																<row1>0.987744 0.045607 0.149272</row1>
																<row2>-0.141583 -0.140764 0.979867</row2>
																<row3>-1.043274 0.609570 -0.136065</row3>
															</transform>
														</node>
													</node>
													<node>
														<identifier>Character1_RightHandMiddle1_BlendBone</identifier>
														<transform>
															<row0>0.402943 0.891718 0.206095</row0>
															<row1>0.894884 -0.431081 0.115555</row1>
															<row2>-0.191886 -0.137869 0.971685</row2>
															<row3>-0.692711 1.033456 -0.052956</row3>
														</transform>
													</node>
												</node>
												<node>
													<identifier>Character1_RightHandThumb1</identifier>
													<transform>
														<row0>0.828873 -0.367774 -0.421558</row0>
														<row1>0.217079 0.905937 -0.363530</row1>
														<row2>0.515602 0.209809 0.830743</row2>
														<row3>-0.030136 0.014653 0.030182</row3>
													</transform>
													<node>
														<identifier>Character1_RightHandThumb2</identifier>
														<transform>
															<row0>0.979048 0.001623 0.203625</row0>
															<row1>-0.102429 0.868177 0.485568</row1>
															<row2>-0.175994 -0.496251 0.850153</row2>
															<row3>-0.040997 0.000000 0.000000</row3>
														</transform>
														<node>
															<identifier>Character1_RightHandThumb3</identifier>
															<transform>
																<row0>0.998432 -0.009515 0.055159</row0>
																<row1>0.009219 0.999942 0.005611</row1>
																<row2>-0.055210 -0.005094 0.998462</row2>
																<row3>-0.035083 -0.000001 0.000001</row3>
															</transform>
															<node>
																<identifier>Character1_RightHandThumb3_BlendBone</identifier>
																<transform>
																	<row0>0.268198 0.955044 0.126338</row0>
																	<row1>0.841667 -0.296097 0.451578</row1>
																	<row2>-0.468685 0.014777 0.883242</row2>
																	<row3>-0.675262 0.876007 -0.503964</row3>
																</transform>
															</node>
														</node>
														<node>
															<identifier>Character1_RightHandThumb2_BlendBone</identifier>
															<transform>
																<row0>0.269608 0.951793 0.146297</row0>
																<row1>0.812687 -0.306388 0.495648</row1>
																<row2>-0.516577 0.014737 0.856114</row2>
																<row3>-0.673386 0.884947 -0.535519</row3>
															</transform>
														</node>
													</node>
													<node>
														<identifier>Character1_RightHandThumb1_BlendBone</identifier>
														<transform>
															<row0>0.140720 0.754162 0.641434</row0>
															<row1>0.739811 -0.510646 0.438087</row1>
															<row2>-0.657934 -0.412892 0.629796</row2>
															<row3>-0.696671 1.032949 -0.162689</row3>
														</transform>
													</node>
												</node>
												<node>
													<identifier>Character1_RightHand_BlendBone</identifier>
													<transform>
														<row0>0.611076 0.766050 0.199384</row0>
														<row1>0.728238 -0.642782 0.237700</row1>
														<row2>-0.310250 0.000053 0.950655</row2>
														<row3>-0.467239 1.172523 -0.186791</row3>
													</transform>
												</node>
											</node>
											<node>
												<identifier>Character1_RightForeArm_BlendBone</identifier>
												<transform>
													<row0>0.787474 0.563419 0.249889</row0>
													<row1>0.537030 -0.826171 0.170412</row1>
													<row2>-0.302464 -0.000003 0.953161</row2>
													<row3>-0.416196 1.264677 -0.081211</row3>
												</transform>
											</node>
										</node>
										<node>
											<identifier>Character1_RightArm_BlendBone</identifier>
											<transform>
												<row0>0.825632 0.563419 0.029839</row0>
												<row1>0.563052 -0.826171 0.020345</row1>
												<row2>-0.036115 -0.000003 0.999348</row2>
												<row3>-0.619707 1.264675 0.033233</row3>
											</transform>
										</node>
									</node>
									<node>
										<identifier>Character1_RightShoulder_BlendBone</identifier>
										<transform>
											<row0>0.811042 0.465052 -0.354877</row0>
											<row1>0.426054 -0.885283 -0.186418</row1>
											<row2>0.400861 0.000005 0.916139</row2>
											<row3>-0.586878 1.327166 0.238979</row3>
										</transform>
									</node>
								</node>
								<node>
									<identifier>Character1_Spine3_BlendBone</identifier>
									<transform>
										<row0>0.000000 -1.000000 -0.000000</row0>
										<row1>0.999566 0.000000 -0.029444</row1>
										<row2>-0.029444 0.000000 -0.999566</row2>
										<row3>-1.371571 -0.000000 0.010507</row3>
									</transform>
								</node>
							</node>
							<node>
								<identifier>Character1_Spine2_BlendBone</identifier>
								<transform>
									<row0>0.000000 -1.000000 -0.000000</row0>
									<row1>0.995988 0.000000 -0.089485</row1>
									<row2>-0.089485 0.000000 -0.995988</row2>
									<row3>-1.245764 -0.001350 0.092863</row3>
								</transform>
							</node>
						</node>
						<node>
							<identifier>Character1_Spine1_BlendBone</identifier>
							<transform>
								<row0>0.000000 -1.000000 -0.000000</row0>
								<row1>0.995137 0.000000 -0.098503</row1>
								<row2>-0.098503 0.000000 -0.995137</row2>
								<row3>-1.122068 -0.000462 0.104200</row3>
							</transform>
						</node>
					</node>
					<node>
						<identifier>Character1_Spine_BlendBone</identifier>
						<transform>
							<row0>0.000000 -1.000000 -0.000000</row0>
							<row1>0.998453 0.000000 -0.055595</row1>
							<row2>-0.055595 0.000000 -0.998453</row2>
							<row3>-1.003114 -0.000000 0.055854</row3>
						</transform>
					</node>
				</node>
				<node>
					<identifier>Character1_Hips_BlendBone</identifier>
					<transform>
						<row0>0.000000 -1.000000 0.000000</row0>
						<row1>1.000000 0.000000 0.000000</row1>
						<row2>0.000000 0.000000 -1.000000</row2>
						<row3>-0.965673 -0.000000 0.000000</row3>
					</transform>
				</node>
			</node>
			<node>
				<identifier>ChoppedLog01</identifier>
				<transform>
					<row0>-0.887673 0.451407 -0.090932</row0>
					<row1>-0.451920 -0.891914 -0.016046</row1>
					<row2>-0.088347 0.026850 0.995728</row2>
					<row3>0.407693 -0.439431 -0.691726</row3>
				</transform>
				<node>
					<identifier>ChoppedLog01_BlendBone</identifier>
					<transform>
						<row0>-0.451407 0.891914 -0.026850</row0>
						<row1>-0.887673 -0.451920 -0.088347</row1>
						<row2>0.090932 0.016046 -0.995728</row2>
						<row3>0.497360 -0.218790 0.736588</row3>
					</transform>
				</node>
			</node>
			<node>
				<identifier>ChoppedLog02</identifier>
				<transform>
					<row0>0.939885 0.261215 -0.219960</row0>
					<row1>-0.221063 0.956349 0.191120</row1>
					<row2>0.260282 -0.131006 0.956604</row2>
					<row3>0.434420 0.330788 -0.742139</row3>
				</transform>
				<node>
					<identifier>ChoppedLog02_BlendBone</identifier>
					<transform>
						<row0>-0.261215 -0.956350 0.131006</row0>
						<row1>0.939886 -0.221063 0.260282</row1>
						<row2>0.219960 -0.191120 -0.956604</row2>
						<row3>-0.657952 -0.078477 0.640197</row3>
					</transform>
				</node>
			</node>
			<node>
				<identifier>ChoppingLog</identifier>
				<transform>
					<row0>0.000989 -0.999948 -0.010162</row0>
					<row1>0.999993 0.001025 -0.003533</row1>
					<row2>0.003543 -0.010159 0.999942</row2>
					<row3>0.248187 -0.073271 -0.753493</row3>
				</transform>
				<node>
					<identifier>ChoppingLog_BlendBone</identifier>
					<transform>
						<row0>0.999948 -0.001025 0.010159</row0>
						<row1>0.000989 0.999993 0.003543</row1>
						<row2>0.010162 0.003533 -0.999942</row2>
						<row3>-0.081170 -0.250773 0.751826</row3>
					</transform>
				</node>
			</node>
			<node>
				<identifier>FineLog</identifier>
				<transform>
					<row0>0.207055 -0.489174 -0.847253</row0>
					<row1>0.977025 0.148095 0.153264</row1>
					<row2>0.050501 -0.859521 0.508599</row2>
					<row3>0.139214 -0.591965 -0.266405</row3>
				</transform>
				<node>
					<identifier>FineLog_BlendBone</identifier>
					<transform>
						<row0>0.489174 -0.148095 0.859521</row0>
						<row1>0.207055 0.977025 0.050501</row1>
						<row2>0.847253 -0.153264 -0.508599</row2>
						<row3>-0.544111 -0.007518 -0.380344</row3>
					</transform>
				</node>
			</node>
			<node>
				<identifier>axe</identifier>
				<transform>
					<row0>0.097811 -0.990021 0.101449</row0>
					<row1>0.058589 0.107489 0.992478</row1>
					<row2>-0.993479 -0.091131 0.068518</row2>
					<row3>0.691228 0.000316 -0.062329</row3>
				</transform>
				<node>
					<identifier>axe_BlendBone</identifier>
					<transform>
						<row0>0.990021 -0.107489 0.091131</row0>
						<row1>0.097810 0.058589 -0.993479</row1>
						<row2>-0.101449 -0.992478 -0.068518</row2>
						<row3>-0.060974 0.021328 0.691020</row3>
					</transform>
				</node>
			</node>
		</node>
	</node>
	<renderSet>
		<treatAsWorldSpaceObject>true</treatAsWorldSpaceObject>
		<node>ChoppingLog_BlendBone</node>
		<geometry>
			<vertices>CoppingLogShape.vertices</vertices>
			<primitive>CoppingLogShape.indices</primitive>
			<primitiveGroup>
				0
				<material>
					<identifier>s_nd_2_skinned</identifier>
					<fx>shaders/std_effects/PBS_ext_skinned.fx</fx>
					<collisionFlags>0</collisionFlags>
					<materialKind>0</materialKind>
					<property>
						doubleSided
						<Bool>false</Bool>
					</property>
					<property>
						alphaReference
						<Int>0</Int>
					</property>
					<property>
						alphaTestEnable
						<Bool>false</Bool>
					</property>
					<property>
						diffuseMap
						<Texture>content/Hangars/CharacterAnimations/Soldier_NoJacket/hd_hv3_012_Axe_AM.dds</Texture>
					</property>
					<property>
						dynamicObject
						<Bool>true</Bool>
					</property>
					<property>
						metallicGlossMap
						<Texture>content/Hangars/CharacterAnimations/Soldier_NoJacket/hd_hv3_012_Axe_GMM.dds</Texture>
					</property>
					<property>
						normalMap
						<Texture>content/Hangars/CharacterAnimations/Soldier_NoJacket/hd_hv3_012_Axe_ANM.dds</Texture>
					</property>
				</material>
				<groupOrigin>0.077756 0.247681 0.763373</groupOrigin>
			</primitiveGroup>
		</geometry>
	</renderSet>
	<renderSet>
		<treatAsWorldSpaceObject>true</treatAsWorldSpaceObject>
		<node>ChoppedLog02_BlendBone</node>
		<geometry>
			<vertices>SlicedLog02Shape.vertices</vertices>
			<primitive>SlicedLog02Shape.indices</primitive>
			<primitiveGroup>
				0
				<material>
					<identifier>s_nd_2_skinned</identifier>
					<fx>shaders/std_effects/PBS_ext_skinned.fx</fx>
					<collisionFlags>0</collisionFlags>
					<materialKind>0</materialKind>
					<property>
						doubleSided
						<Bool>false</Bool>
					</property>
					<property>
						alphaReference
						<Int>0</Int>
					</property>
					<property>
						alphaTestEnable
						<Bool>false</Bool>
					</property>
					<property>
						diffuseMap
						<Texture>content/Hangars/CharacterAnimations/Soldier_NoJacket/hd_hv3_012_Axe_AM.dds</Texture>
					</property>
					<property>
						dynamicObject
						<Bool>true</Bool>
					</property>
					<property>
						metallicGlossMap
						<Texture>content/Hangars/CharacterAnimations/Soldier_NoJacket/hd_hv3_012_Axe_GMM.dds</Texture>
					</property>
					<property>
						normalMap
						<Texture>content/Hangars/CharacterAnimations/Soldier_NoJacket/hd_hv3_012_Axe_ANM.dds</Texture>
					</property>
				</material>
				<groupOrigin>-0.328323 0.441717 0.750001</groupOrigin>
			</primitiveGroup>
		</geometry>
	</renderSet>
	<renderSet>
		<treatAsWorldSpaceObject>true</treatAsWorldSpaceObject>
		<node>ChoppedLog01_BlendBone</node>
		<geometry>
			<vertices>SlicedLog01Shape.vertices</vertices>
			<primitive>SlicedLog01Shape.indices</primitive>
			<primitiveGroup>
				0
				<material>
					<identifier>s_nd_2_skinned</identifier>
					<fx>shaders/std_effects/PBS_ext_skinned.fx</fx>
					<collisionFlags>0</collisionFlags>
					<materialKind>0</materialKind>
					<property>
						doubleSided
						<Bool>false</Bool>
					</property>
					<property>
						alphaReference
						<Int>0</Int>
					</property>
					<property>
						alphaTestEnable
						<Bool>false</Bool>
					</property>
					<property>
						diffuseMap
						<Texture>content/Hangars/CharacterAnimations/Soldier_NoJacket/hd_hv3_012_Axe_AM.dds</Texture>
					</property>
					<property>
						dynamicObject
						<Bool>true</Bool>
					</property>
					<property>
						metallicGlossMap
						<Texture>content/Hangars/CharacterAnimations/Soldier_NoJacket/hd_hv3_012_Axe_GMM.dds</Texture>
					</property>
					<property>
						normalMap
						<Texture>content/Hangars/CharacterAnimations/Soldier_NoJacket/hd_hv3_012_Axe_ANM.dds</Texture>
					</property>
				</material>
				<groupOrigin>0.437316 0.406551 0.701121</groupOrigin>
			</primitiveGroup>
		</geometry>
	</renderSet>
	<renderSet>
		<treatAsWorldSpaceObject>true</treatAsWorldSpaceObject>
		<node>axe_BlendBone</node>
		<geometry>
			<vertices>AxeShape.vertices</vertices>
			<primitive>AxeShape.indices</primitive>
			<primitiveGroup>
				0
				<material>
					<identifier>s_nd_2_skinned</identifier>
					<fx>shaders/std_effects/PBS_ext_skinned.fx</fx>
					<collisionFlags>0</collisionFlags>
					<materialKind>0</materialKind>
					<property>
						doubleSided
						<Bool>false</Bool>
					</property>
					<property>
						alphaReference
						<Int>0</Int>
					</property>
					<property>
						alphaTestEnable
						<Bool>false</Bool>
					</property>
					<property>
						diffuseMap
						<Texture>content/Hangars/CharacterAnimations/Soldier_NoJacket/hd_hv3_012_Axe_AM.dds</Texture>
					</property>
					<property>
						dynamicObject
						<Bool>true</Bool>
					</property>
					<property>
						metallicGlossMap
						<Texture>content/Hangars/CharacterAnimations/Soldier_NoJacket/hd_hv3_012_Axe_GMM.dds</Texture>
					</property>
					<property>
						normalMap
						<Texture>content/Hangars/CharacterAnimations/Soldier_NoJacket/hd_hv3_012_Axe_ANM.dds</Texture>
					</property>
				</material>
				<groupOrigin>0.041065 0.615053 0.330946</groupOrigin>
			</primitiveGroup>
		</geometry>
	</renderSet>
	<renderSet>
		<treatAsWorldSpaceObject>true</treatAsWorldSpaceObject>
		<node>FineLog_BlendBone</node>
		<geometry>
			<vertices>LogToChopShape.vertices</vertices>
			<primitive>LogToChopShape.indices</primitive>
			<primitiveGroup>
				0
				<material>
					<identifier>s_nd_2_skinned</identifier>
					<fx>shaders/std_effects/PBS_ext_skinned.fx</fx>
					<collisionFlags>0</collisionFlags>
					<materialKind>0</materialKind>
					<property>
						doubleSided
						<Bool>false</Bool>
					</property>
					<property>
						alphaReference
						<Int>0</Int>
					</property>
					<property>
						alphaTestEnable
						<Bool>false</Bool>
					</property>
					<property>
						diffuseMap
						<Texture>content/Hangars/CharacterAnimations/Soldier_NoJacket/hd_hv3_012_Axe_AM.dds</Texture>
					</property>
					<property>
						dynamicObject
						<Bool>true</Bool>
					</property>
					<property>
						metallicGlossMap
						<Texture>content/Hangars/CharacterAnimations/Soldier_NoJacket/hd_hv3_012_Axe_GMM.dds</Texture>
					</property>
					<property>
						normalMap
						<Texture>content/Hangars/CharacterAnimations/Soldier_NoJacket/hd_hv3_012_Axe_ANM.dds</Texture>
					</property>
				</material>
				<groupOrigin>0.590212 0.137497 0.268686</groupOrigin>
			</primitiveGroup>
		</geometry>
	</renderSet>
	<renderSet>
		<treatAsWorldSpaceObject>true</treatAsWorldSpaceObject>
		<node>Character1_Spine_BlendBone</node>
		<node>Character1_Spine1_BlendBone</node>
		<node>Character1_Hips_BlendBone</node>
		<node>Character1_Spine2_BlendBone</node>
		<node>Character1_Spine3_BlendBone</node>
		<node>Character1_LeftArm_BlendBone</node>
		<node>Character1_LeftShoulder_BlendBone</node>
		<node>Character1_LeftForeArm_BlendBone</node>
		<node>Character1_Neck_BlendBone</node>
		<node>Character1_RightShoulder_BlendBone</node>
		<node>Character1_RightArm_BlendBone</node>
		<node>Character1_RightForeArm_BlendBone</node>
		<geometry>
			<vertices>cloths_01Shape_split_1.vertices</vertices>
			<primitive>cloths_01Shape_split_1.indices</primitive>
			<primitiveGroup>
				0
				<material>
					<identifier>s_nd_0_skinned</identifier>
					<fx>shaders/std_effects/PBS_ext_skinned.fx</fx>
					<collisionFlags>0</collisionFlags>
					<materialKind>0</materialKind>
					<property>
						doubleSided
						<Bool>false</Bool>
					</property>
					<property>
						alphaReference
						<Int>0</Int>
					</property>
					<property>
						alphaTestEnable
						<Bool>false</Bool>
					</property>
					<property>
						diffuseMap
						<Texture>content/Hangars/CharacterAnimations/Soldier_NoJacket/Soldier_NoJacket_Body_AM.dds</Texture>
					</property>
					<property>
						dynamicObject
						<Bool>true</Bool>
					</property>
					<property>
						normalMap
						<Texture>content/Hangars/CharacterAnimations/Soldier_NoJacket/Soldier_NoJacket_Body_ANM.dds</Texture>
					</property>
					<property>
						metallicGlossMap
						<Texture>content/Hangars/CharacterAnimations/Soldier_NoJacket/Soldier_NoJacket_Body_GMM.dds</Texture>
					</property>
				</material>
				<groupOrigin>-0.000483 1.348553 -0.032462</groupOrigin>
			</primitiveGroup>
		</geometry>
	</renderSet>
	<renderSet>
		<treatAsWorldSpaceObject>true</treatAsWorldSpaceObject>
		<node>Character1_LeftUpLeg_BlendBone</node>
		<node>Character1_Hips_BlendBone</node>
		<node>Character1_LeftLeg_BlendBone</node>
		<node>Character1_RightUpLeg_BlendBone</node>
		<node>Character1_RightLeg_BlendBone</node>
		<node>Character1_Spine_BlendBone</node>
		<node>Character1_Spine1_BlendBone</node>
		<node>Character1_Spine2_BlendBone</node>
		<node>Character1_LeftFoot_BlendBone</node>
		<node>Character1_LeftToeBase_BlendBone</node>
		<node>Character1_RightFoot_BlendBone</node>
		<node>Character1_RightToeBase_BlendBone</node>
		<node>Character1_RightShoulder_BlendBone</node>
		<node>Character1_Spine3_BlendBone</node>
		<node>Character1_RightArm_BlendBone</node>
		<node>Character1_LeftShoulder_BlendBone</node>
		<node>Character1_LeftArm_BlendBone</node>
		<geometry>
			<vertices>cloths_01Shape_split_0.vertices</vertices>
			<primitive>cloths_01Shape_split_0.indices</primitive>
			<primitiveGroup>
				0
				<material>
					<identifier>s_nd_0_skinned</identifier>
					<fx>shaders/std_effects/PBS_ext_skinned.fx</fx>
					<collisionFlags>0</collisionFlags>
					<materialKind>0</materialKind>
					<property>
						doubleSided
						<Bool>false</Bool>
					</property>
					<property>
						alphaReference
						<Int>0</Int>
					</property>
					<property>
						alphaTestEnable
						<Bool>false</Bool>
					</property>
					<property>
						diffuseMap
						<Texture>content/Hangars/CharacterAnimations/Soldier_NoJacket/Soldier_NoJacket_Body_AM.dds</Texture>
					</property>
					<property>
						dynamicObject
						<Bool>true</Bool>
					</property>
					<property>
						normalMap
						<Texture>content/Hangars/CharacterAnimations/Soldier_NoJacket/Soldier_NoJacket_Body_ANM.dds</Texture>
					</property>
					<property>
						metallicGlossMap
