<?xml version="1.0" encoding="utf-8"?>
<root>
	<node>
		<identifier>Scene Root</identifier>
		<transform>
			<row0>1.000000 0.000000 0.000000</row0>
			<row1>0.000000 1.000000 0.000000</row1>
			<row2>0.000000 0.000000 1.000000</row2>
			<row3>0.000000 0.000000 0.000000</row3>
		</transform>
		<node>
			<identifier>nodes_01</identifier>
			<transform>
				<row0>1.000000 0.000000 0.000000</row0>
				<row1>0.000000 1.000000 0.000000</row1>
				<row2>0.000000 0.000000 1.000000</row2>
				<row3>0.000000 0.000000 0.000000</row3>
			</transform>
			<node>
				<identifier>HP_Fire_1</identifier>
				<transform>
					<row0>1.000000 0.000000 0.000000</row0>
					<row1>0.000000 1.000000 0.000000</row1>
					<row2>0.000000 0.000000 1.000000</row2>
					<row3>0.000000 0.235951 -1.500000</row3>
				</transform>
			</node>
			<node>
				<identifier>HP_Fire_2</identifier>
				<transform>
					<row0>1.000000 0.000000 0.000000</row0>
					<row1>0.000000 1.000000 0.000000</row1>
					<row2>0.000000 0.000000 1.000000</row2>
					<row3>0.000000 0.235951 1.500000</row3>
				</transform>
			</node>
			<node>
				<identifier>HP_TrackUp_LFront</identifier>
				<transform>
					<row0>1.000000 0.000000 0.000000</row0>
					<row1>0.000000 0.730073 0.683369</row1>
					<row2>0.000000 -0.683369 0.730073</row2>
					<row3>-1.510974 0.112419 2.982851</row3>
				</transform>
			</node>
			<node>
				<identifier>HP_TrackUp_LRear</identifier>
				<transform>
					<row0>-1.000000 0.000000 0.000000</row0>
					<row1>0.000000 0.364636 -0.931150</row1>
					<row2>-0.000000 -0.931150 -0.364636</row2>
					<row3>-1.510974 0.012375 -3.004699</row3>
				</transform>
			</node>
			<node>
				<identifier>HP_TrackUp_RFront</identifier>
				<transform>
					<row0>1.000000 0.000000 0.000000</row0>
					<row1>0.000000 0.730073 0.683369</row1>
					<row2>0.000000 -0.683369 0.730073</row2>
					<row3>1.510974 0.112419 2.982851</row3>
				</transform>
			</node>
			<node>
				<identifier>HP_TrackUp_RRear</identifier>
				<transform>
					<row0>-1.000000 0.000000 0.000000</row0>
					<row1>0.000000 0.364636 -0.931150</row1>
					<row2>-0.000000 -0.931150 -0.364636</row2>
					<row3>1.510974 0.012384 -3.004699</row3>
				</transform>
			</node>
			<node>
				<identifier>HP_Track_Exhaus_1</identifier>
				<transform>
					<row0>0.012623 0.807512 -0.589716</row0>
					<row1>0.999855 -0.003466 0.016656</row1>
					<row2>0.011406 -0.589841 -0.807439</row2>
					<row3>-0.000000 0.386629 -3.178242</row3>
				</transform>
			</node>
			<node>
				<identifier>HP_turretJoint</identifier>
				<transform>
					<row0>1.000000 0.000000 0.000000</row0>
					<row1>0.000000 1.000000 0.000000</row1>
					<row2>0.000000 0.000000 1.000000</row2>
					<row3>0.000000 0.425000 0.367230</row3>
				</transform>
			</node>
		</node>
	</node>
	<renderSet>
		<treatAsWorldSpaceObject>false</treatAsWorldSpaceObject>
		<node>Scene Root</node>
		<geometry>
			<vertices>vertices</vertices>
			<primitive>indices</primitive>
			<primitiveGroup>
				0
				<material>
					<identifier>tank_hull_01</identifier>
					<fx>shaders/std_effects/PBS_tank.fx</fx>
					<materialKind>0</materialKind>
					<collisionFlags>0</collisionFlags>
					<property>
						diffuseMap
						<Texture>vehicles/american/A83_T110E4/_skins/A83_T110E4_Dl_22_3Dst/T110E4_Dl_22_3Dst_hull_01_AM.dds</Texture>
					</property>
					<property>
						excludeMaskAndAOMap
						<Texture>vehicles/american/A83_T110E4/_skins/A83_T110E4_Dl_22_3Dst/T110E4_Dl_22_3Dst_hull_01_AO.dds</Texture>
					</property>
					<property>
						metallicGlossMap
						<Texture>vehicles/american/A83_T110E4/_skins/A83_T110E4_Dl_22_3Dst/T110E4_Dl_22_3Dst_hull_01_GMM.dds</Texture>
					</property>
					<property>
						normalMap
						<Texture>vehicles/american/A83_T110E4/_skins/A83_T110E4_Dl_22_3Dst/T110E4_Dl_22_3Dst_hull_01_ANM.dds</Texture>
					</property>
				</material>
				<groupOrigin>-0.001220 0.059348 -0.014530</groupOrigin>
			</primitiveGroup>
			<primitiveGroup>
				1
				<material>
					<identifier>tank_equipment</identifier>
					<fx>shaders/std_effects/PBS_tank.fx</fx>
					<materialKind>0</materialKind>
					<collisionFlags>0</collisionFlags>
					<property>
						alphaReference
						<Int>64</Int>
					</property>
					<property>
						alphaTestEnable
						<Bool>true</Bool>
					</property>
					<property>
						diffuseMap
						<Texture>vehicles/american/A83_T110E4/_skins/A83_T110E4_Dl_22_3Dst/T110E4_Dl_22_3Dst_equipment_AM.dds</Texture>
					</property>
					<property>
						excludeMaskAndAOMap
						<Texture>vehicles/american/A83_T110E4/_skins/A83_T110E4_Dl_22_3Dst/T110E4_Dl_22_3Dst_equipment_AO.dds</Texture>
					</property>
					<property>
						g_detailUVTiling
						<Vector4>7.013700 3.507000 0.000000 0.000000</Vector4>
					</property>
					<property>
						metallicDetailMap
						<Texture>vehicles/russian/Tank_detail/Details_map.dds</Texture>
					</property>
					<property>
						metallicGlossMap
						<Texture>vehicles/american/A83_T110E4/_skins/A83_T110E4_Dl_22_3Dst/T110E4_Dl_22_3Dst_equipment_GMM.dds</Texture>
					</property>
					<property>
						normalMap
						<Texture>vehicles/american/A83_T110E4/_skins/A83_T110E4_Dl_22_3Dst/T110E4_Dl_22_3Dst_equipment_ANM.dds</Texture>
					</property>
				</material>
				<groupOrigin>-0.032580 0.225086 -0.097871</groupOrigin>
			</primitiveGroup>
		</geometry>
	</renderSet>
	<boundingBox>
		<min>-2.014807 -0.726034 -3.325224</min>
		<max>1.949646 1.004476 3.240817</max>
	</boundingBox>
	<geometrySize>75448</geometrySize>
	<minUVDensity>0.000164</minUVDensity>
</root>
