<?xml version="1.0" encoding="utf-8"?>
<root>
	<node>
		<identifier>Scene Root</identifier>
		<transform>
			<row0>1.000000 0.000000 0.000000</row0>
			<row1>0.000000 1.000000 0.000000</row1>
			<row2>0.000000 0.000000 1.000000</row2>
			<row3>0.000000 0.000000 0.000000</row3>
		</transform>
		<node>
			<identifier>lod0</identifier>
			<transform>
				<row0>1.000000 0.000000 0.000000</row0>
				<row1>0.000000 1.000000 0.000000</row1>
				<row2>0.000000 0.000000 1.000000</row2>
				<row3>0.000000 0.000000 0.000000</row3>
			</transform>
			<node>
				<identifier>hull</identifier>
				<transform>
					<row0>1.000000 0.000000 0.000000</row0>
					<row1>0.000000 1.000000 0.000000</row1>
					<row2>0.000000 0.000000 1.000000</row2>
					<row3>0.000000 -1.108321 0.000000</row3>
				</transform>
			</node>
		</node>
		<node>
			<identifier>HP_Fire_1</identifier>
			<transform>
				<row0>1.000000 0.000000 0.000000</row0>
				<row1>0.000000 1.000000 0.000000</row1>
				<row2>0.000000 0.000000 1.000000</row2>
				<row3>-0.387484 0.033754 -2.967280</row3>
			</transform>
		</node>
		<node>
			<identifier>HP_Fire_2</identifier>
			<transform>
				<row0>1.000000 0.000000 0.000000</row0>
				<row1>0.000000 1.000000 0.000000</row1>
				<row2>0.000000 0.000000 1.000000</row2>
				<row3>0.467417 -0.281055 1.616070</row3>
			</transform>
		</node>
		<node>
			<identifier>HP_TrackUp_LFront</identifier>
			<transform>
				<row0>1.000000 0.000000 0.000000</row0>
				<row1>0.000000 0.060061 0.998195</row1>
				<row2>0.000000 -0.998195 0.060061</row2>
				<row3>-1.394140 -0.315265 3.291980</row3>
			</transform>
		</node>
		<node>
			<identifier>HP_TrackUp_LRear</identifier>
			<transform>
				<row0>-1.000000 0.000000 0.000000</row0>
				<row1>0.000000 0.399179 -0.916873</row1>
				<row2>-0.000000 -0.916873 -0.399179</row2>
				<row3>-1.394140 -0.056457 -3.413030</row3>
			</transform>
		</node>
		<node>
			<identifier>HP_TrackUp_RFront</identifier>
			<transform>
				<row0>1.000000 0.000000 0.000000</row0>
				<row1>0.000000 0.060061 0.998195</row1>
				<row2>0.000000 -0.998195 0.060061</row2>
				<row3>1.394140 -0.315265 3.291980</row3>
			</transform>
		</node>
		<node>
			<identifier>HP_TrackUp_RRear</identifier>
			<transform>
				<row0>-1.000000 0.000000 0.000000</row0>
				<row1>0.000000 0.399179 -0.916873</row1>
				<row2>-0.000000 -0.916873 -0.399179</row2>
				<row3>1.394140 -0.056457 -3.413030</row3>
			</transform>
		</node>
		<node>
			<identifier>HP_Track_Exhaus_1</identifier>
			<transform>
				<row0>-0.997722 0.000000 -0.067454</row0>
				<row1>0.015633 0.972772 -0.231238</row1>
				<row2>0.065617 -0.231766 -0.970556</row2>
				<row3>-1.298030 0.327308 -3.559420</row3>
			</transform>
		</node>
		<node>
			<identifier>HP_Track_Exhaus_2</identifier>
			<transform>
				<row0>-0.997722 0.000000 -0.067454</row0>
				<row1>0.018693 0.960835 -0.276489</row1>
				<row2>0.064812 -0.277120 -0.958647</row2>
				<row3>1.299950 0.322045 -3.559420</row3>
			</transform>
		</node>
		<node>
			<identifier>HP_turretJoint</identifier>
			<transform>
				<row0>1.000000 0.000000 0.000000</row0>
				<row1>0.000000 1.000000 0.000000</row1>
				<row2>0.000000 0.000000 1.000000</row2>
				<row3>0.000000 0.291079 0.137100</row3>
			</transform>
		</node>
	</node>
	<renderSet>
		<treatAsWorldSpaceObject>false</treatAsWorldSpaceObject>
		<node>Scene Root</node>
		<geometry>
			<vertices>vertices</vertices>
			<primitive>indices</primitive>
			<primitiveGroup>
				0
				<material>
					<identifier>tank_hull_01</identifier>
					<collisionFlags>0</collisionFlags>
					<materialKind>0</materialKind>
					<property>
						g_detailPowerAlbedo
						<Float>
							0.11
							<!--BW_String-->
						</Float>
					</property>
					<property>
						diffuseMap
						<Texture>vehicles/british/GB70_N_FV4202_105/N_FV4202_105_hull_01_AM.dds</Texture>
					</property>
					<property>
						excludeMaskAndAOMap
						<Texture>vehicles/british/GB70_N_FV4202_105/N_FV4202_105_hull_01_AO.dds</Texture>
					</property>
					<property>
						colorIdMap
						<Texture>vehicles/russian/common/common_ID.dds</Texture>
					</property>
					<property>
						g_useNormalPackDXT1
						<Bool>false</Bool>
					</property>
					<fx>shaders/std_effects/PBS_tank.fx</fx>
					<property>
						g_detailPowerGloss
						<Float>
							0.35
							<!--BW_String-->
						</Float>
					</property>
					<property>
						metallicGlossMap
						<Texture>vehicles/british/GB70_N_FV4202_105/N_FV4202_105_hull_01_GMM.dds</Texture>
					</property>
					<property>
						metallicDetailMap
						<Texture>vehicles/russian/Tank_detail/Details_map.dds</Texture>
					</property>
					<property>
						g_detailUVTiling
						<Vector4>
							8.41644 8.41644 0.000000 0.000000
							<!--BW_String-->
						</Vector4>
					</property>
					<property>
						g_detailPower
						<Float>8</Float>
					</property>
					<property>
						normalMap
						<Texture>vehicles/british/GB70_N_FV4202_105/N_FV4202_105_hull_01_ANM.dds</Texture>
					</property>
					<property>
						g_useDetailMetallic
						<Bool>true</Bool>
					</property>
					<property>
						g_maskBias
						<Float>
							0.22
							<!--BW_String-->
						</Float>
					</property>
				</material>
				<groupOrigin>0.005630 -0.091661 -0.273313</groupOrigin>
			</primitiveGroup>
		</geometry>
	</renderSet>
	<boundingBox>
		<min>-1.738590 -0.775752 -3.962898</min>
		<max>1.749849 0.592431 3.416271</max>
	</boundingBox>
	<geometrySize>472844</geometrySize>
	<minUVDensity>0.001662</minUVDensity>
</root>
