<?xml version="1.0" encoding="utf-8"?>
<root>
	<node>
		<identifier>Scene Root</identifier>
		<transform>
			<row0>1.000000 0.000000 0.000000</row0>
			<row1>0.000000 1.000000 0.000000</row1>
			<row2>0.000000 0.000000 1.000000</row2>
			<row3>0.000000 0.000000 0.000000</row3>
		</transform>
		<node>
			<identifier>nodes_01</identifier>
			<transform>
				<row0>1.000000 0.000000 0.000000</row0>
				<row1>0.000000 1.000000 0.000000</row1>
				<row2>0.000000 0.000000 1.000000</row2>
				<row3>0.000000 0.000000 0.000000</row3>
			</transform>
			<node>
				<identifier>HP_Fire_1</identifier>
				<transform>
					<row0>1.000000 0.000000 0.000000</row0>
					<row1>0.000000 1.000000 0.000000</row1>
					<row2>0.000000 0.000000 1.000000</row2>
					<row3>-0.262605 0.053000 -1.566355</row3>
				</transform>
			</node>
			<node>
				<identifier>HP_Fire_2</identifier>
				<transform>
					<row0>1.000000 0.000000 0.000000</row0>
					<row1>0.000000 1.000000 0.000000</row1>
					<row2>0.000000 0.000000 1.000000</row2>
					<row3>-0.601093 0.010157 1.438529</row3>
				</transform>
			</node>
			<node>
				<identifier>HP_TrackUp_LFront</identifier>
				<transform>
					<row0>1.000000 0.000000 0.000000</row0>
					<row1>0.000000 0.965316 0.261083</row1>
					<row2>0.000000 -0.261083 0.965316</row2>
					<row3>-1.329155 0.162294 2.930532</row3>
				</transform>
			</node>
			<node>
				<identifier>HP_TrackUp_LRear</identifier>
				<transform>
					<row0>-1.000000 0.000000 0.000000</row0>
					<row1>0.000000 0.920296 -0.391223</row1>
					<row2>-0.000000 -0.391223 -0.920296</row2>
					<row3>-1.329155 0.118970 -2.870324</row3>
				</transform>
			</node>
			<node>
				<identifier>HP_TrackUp_RFront</identifier>
				<transform>
					<row0>1.000000 0.000000 0.000000</row0>
					<row1>0.000000 0.965316 0.261083</row1>
					<row2>0.000000 -0.261083 0.965316</row2>
					<row3>1.329155 0.162294 2.929666</row3>
				</transform>
			</node>
			<node>
				<identifier>HP_TrackUp_RRear</identifier>
				<transform>
					<row0>-1.000000 0.000000 0.000000</row0>
					<row1>0.000000 0.919289 -0.393583</row1>
					<row2>-0.000000 -0.393583 -0.919289</row2>
					<row3>1.329155 0.118565 -2.870671</row3>
				</transform>
			</node>
			<node>
				<identifier>HP_Track_Exhaus_1</identifier>
				<transform>
					<row0>1.000000 0.000000 0.000000</row0>
					<row1>0.000000 -0.965926 -0.258819</row1>
					<row2>0.000000 0.258819 -0.965926</row2>
					<row3>-1.340271 0.412880 -2.225163</row3>
				</transform>
			</node>
			<node>
				<identifier>HP_Track_Exhaus_2</identifier>
				<transform>
					<row0>1.000000 0.000000 0.000000</row0>
					<row1>0.000000 -0.965926 -0.258819</row1>
					<row2>0.000000 0.258819 -0.965926</row2>
					<row3>1.340271 0.412880 -2.225163</row3>
				</transform>
			</node>
			<node>
				<identifier>HP_turretJoint</identifier>
				<transform>
					<row0>1.000000 0.000000 0.000000</row0>
					<row1>0.000000 1.000000 0.000000</row1>
					<row2>0.000000 0.000000 1.000000</row2>
					<row3>-0.011813 0.507557 -0.055340</row3>
				</transform>
			</node>
		</node>
	</node>
	<renderSet>
		<treatAsWorldSpaceObject>false</treatAsWorldSpaceObject>
		<node>Scene Root</node>
		<geometry>
			<vertices>vertices</vertices>
			<primitive>indices</primitive>
			<primitiveGroup>
				0
				<material>
					<identifier>tank_hull_01</identifier>
					<fx>shaders/std_effects/PBS_tank.fx</fx>
					<materialKind>0</materialKind>
					<collisionFlags>0</collisionFlags>
					<property>
						diffuseMap
						<Texture>vehicles/chinese/Ch25_121_mod_1971B/_skins/Ch25_121_mod_1971B_MC_3DSt/121_mod_1971B_MC_3DSt_hull_AM.dds</Texture>
					</property>
					<property>
						excludeMaskAndAOMap
						<Texture>vehicles/chinese/Ch25_121_mod_1971B/_skins/Ch25_121_mod_1971B_MC_3DSt/121_mod_1971B_MC_3DSt_hull_AO.dds</Texture>
					</property>
					<property>
						g_detailUVTiling
						<Vector4>7.013700 7.013700 0.000000 0.000000</Vector4>
					</property>
					<property>
						metallicDetailMap
						<Texture>vehicles/russian/Tank_detail/Details_map.dds</Texture>
					</property>
					<property>
						metallicGlossMap
						<Texture>vehicles/chinese/Ch25_121_mod_1971B/_skins/Ch25_121_mod_1971B_MC_3DSt/121_mod_1971B_MC_3DSt_hull_GMM.dds</Texture>
					</property>
					<property>
						normalMap
						<Texture>vehicles/chinese/Ch25_121_mod_1971B/_skins/Ch25_121_mod_1971B_MC_3DSt/121_mod_1971B_MC_3DSt_hull_ANM.dds</Texture>
					</property>
				</material>
				<groupOrigin>-0.014847 0.045497 -0.000470</groupOrigin>
			</primitiveGroup>
			<primitiveGroup>
				1
				<material>
					<identifier>tank_havok_01</identifier>
					<fx>shaders/std_effects/PBS_tank.fx</fx>
					<materialKind>0</materialKind>
					<collisionFlags>0</collisionFlags>
					<property>
						diffuseMap
						<Texture>vehicles/chinese/Ch25_121_mod_1971B/_skins/Ch25_121_mod_1971B_MC_3DSt/121_mod_1971B_MC_3DSt_havok_AM.dds</Texture>
					</property>
					<property>
						excludeMaskAndAOMap
						<Texture>vehicles/chinese/Ch25_121_mod_1971B/_skins/Ch25_121_mod_1971B_MC_3DSt/121_mod_1971B_MC_3DSt_havok_AO.dds</Texture>
					</property>
					<property>
						g_detailUVTiling
						<Vector4>7.013700 3.507000 0.000000 0.000000</Vector4>
					</property>
					<property>
						metallicDetailMap
						<Texture>vehicles/russian/Tank_detail/Details_map.dds</Texture>
					</property>
					<property>
						metallicGlossMap
						<Texture>vehicles/chinese/Ch25_121_mod_1971B/_skins/Ch25_121_mod_1971B_MC_3DSt/121_mod_1971B_MC_3DSt_havok_GMM.dds</Texture>
					</property>
					<property>
						normalMap
						<Texture>vehicles/chinese/Ch25_121_mod_1971B/_skins/Ch25_121_mod_1971B_MC_3DSt/121_mod_1971B_MC_3DSt_havok_ANM.dds</Texture>
					</property>
				</material>
				<groupOrigin>-0.010866 0.220045 -0.172722</groupOrigin>
			</primitiveGroup>
		</geometry>
	</renderSet>
	<boundingBox>
		<min>-1.782198 -0.612619 -3.441396</min>
		<max>1.752504 0.703613 3.378893</max>
	</boundingBox>
	<geometrySize>145396</geometrySize>
	<minUVDensity>0.002158</minUVDensity>
</root>
