<?xml version="1.0" encoding="utf-8"?>
<root>
	<node>
		<identifier>Scene Root</identifier>
		<transform>
			<row0>1.000000 0.000000 0.000000</row0>
			<row1>0.000000 1.000000 0.000000</row1>
			<row2>0.000000 0.000000 1.000000</row2>
			<row3>0.000000 0.000000 0.000000</row3>
		</transform>
		<node>
			<identifier>nodes_01</identifier>
			<transform>
				<row0>1.000000 0.000000 0.000000</row0>
				<row1>0.000000 1.000000 0.000000</row1>
				<row2>0.000000 0.000000 1.000000</row2>
				<row3>0.000000 0.000000 0.000000</row3>
			</transform>
			<node>
				<identifier>HP_Fire_1</identifier>
				<transform>
					<row0>1.000000 0.000000 0.000000</row0>
					<row1>0.000000 1.000000 0.000000</row1>
					<row2>0.000000 0.000000 1.000000</row2>
					<row3>0.000000 0.327983 -2.467765</row3>
				</transform>
			</node>
			<node>
				<identifier>HP_Fire_2</identifier>
				<transform>
					<row0>1.000000 0.000000 0.000000</row0>
					<row1>0.000000 1.000000 0.000000</row1>
					<row2>0.000000 0.000000 1.000000</row2>
					<row3>-0.922601 0.398793 1.879674</row3>
				</transform>
			</node>
			<node>
				<identifier>HP_TrackUp_LFront</identifier>
				<transform>
					<row0>1.000000 0.000000 0.000000</row0>
					<row1>0.000000 0.925569 0.378579</row1>
					<row2>0.000000 -0.378579 0.925569</row2>
					<row3>-1.518130 0.187062 3.525377</row3>
				</transform>
			</node>
			<node>
				<identifier>HP_TrackUp_LRear</identifier>
				<transform>
					<row0>-1.000000 0.000000 0.000000</row0>
					<row1>0.000000 0.737721 -0.675106</row1>
					<row2>-0.000000 -0.675106 -0.737721</row2>
					<row3>-1.518130 0.001168 -3.635175</row3>
				</transform>
			</node>
			<node>
				<identifier>HP_TrackUp_RFront</identifier>
				<transform>
					<row0>1.000000 0.000000 0.000000</row0>
					<row1>0.000000 0.925569 0.378579</row1>
					<row2>0.000000 -0.378579 0.925569</row2>
					<row3>1.518130 0.187062 3.525377</row3>
				</transform>
			</node>
			<node>
				<identifier>HP_TrackUp_RRear</identifier>
				<transform>
					<row0>-1.000000 0.000000 0.000000</row0>
					<row1>0.000000 0.737721 -0.675106</row1>
					<row2>-0.000000 -0.675106 -0.737721</row2>
					<row3>1.518130 0.001168 -3.635175</row3>
				</transform>
			</node>
			<node>
				<identifier>HP_Track_Exhaus_1</identifier>
				<transform>
					<row0>-0.000000 -1.000000 0.000000</row0>
					<row1>-1.000000 0.000000 0.000000</row1>
					<row2>-0.000000 -0.000000 -1.000000</row2>
					<row3>-1.266077 0.481268 -3.313339</row3>
				</transform>
			</node>
			<node>
				<identifier>HP_Track_Exhaus_2</identifier>
				<transform>
					<row0>-0.000000 -1.000000 0.000000</row0>
					<row1>-1.000000 0.000000 0.000000</row1>
					<row2>-0.000000 -0.000000 -1.000000</row2>
					<row3>1.284628 0.481268 -3.313339</row3>
				</transform>
			</node>
			<node>
				<identifier>HP_turretJoint</identifier>
				<transform>
					<row0>1.000000 0.000000 0.000000</row0>
					<row1>0.000000 1.000000 0.000000</row1>
					<row2>0.000000 0.000000 1.000000</row2>
					<row3>0.000000 0.553642 2.026009</row3>
				</transform>
			</node>
		</node>
	</node>
	<renderSet>
		<treatAsWorldSpaceObject>false</treatAsWorldSpaceObject>
		<node>Scene Root</node>
		<geometry>
			<vertices>vertices</vertices>
			<primitive>indices</primitive>
			<primitiveGroup>
				0
				<material>
					<identifier>tank_proxy</identifier>
					<property>
						selfIllumination
						<Float>0.000000</Float>
					</property>
					<property>
						diffuseMap
						<Texture>vehicles/british/GB92_FV217/_skins/GB92_FV217_3Dst_BV/FV217_3Dst_BV_proxy_AM.dds</Texture>
					</property>
					<collisionFlags>0</collisionFlags>
					<materialKind>0</materialKind>
					<fx>shaders/std_effects/PBS_tank.fx</fx>
					<property>
						colorIdMap
						<Texture>vehicles/russian/common/common_ID.dds</Texture>
					</property>
					<property>
						excludeMaskAndAOMap
						<Texture>vehicles/british/GB92_FV217/_skins/GB92_FV217_3Dst_BV/FV217_3Dst_BV_proxy_AO.dds</Texture>
					</property>
					<property>
						metallicGlossMap
						<Texture>vehicles/british/GB92_FV217/_skins/GB92_FV217_3Dst_BV/FV217_3Dst_BV_proxy_GMM.dds</Texture>
					</property>
					<property>
						normalMap
						<Texture>vehicles/british/GB92_FV217/_skins/GB92_FV217_3Dst_BV/FV217_3Dst_BV_proxy_ANM.dds</Texture>
					</property>
				</material>
				<groupOrigin>-0.018990 0.482020 -0.309602</groupOrigin>
			</primitiveGroup>
		</geometry>
	</renderSet>
	<boundingBox>
		<min>-2.031392 -0.760181 -4.464627</min>
		<max>2.066781 2.172369 3.937940</max>
	</boundingBox>
	<geometrySize>4764</geometrySize>
	<minUVDensity>0.002046</minUVDensity>
</root>
