<?xml version="1.0" encoding="utf-8"?>
<root>
	<node>
		<identifier>Scene Root</identifier>
		<transform>
			<row0>1.000000 0.000000 0.000000</row0>
			<row1>0.000000 1.000000 0.000000</row1>
			<row2>0.000000 0.000000 1.000000</row2>
			<row3>0.000000 0.000000 0.000000</row3>
		</transform>
		<node>
			<identifier>nodes_01</identifier>
			<transform>
				<row0>1.000000 0.000000 0.000000</row0>
				<row1>0.000000 1.000000 0.000000</row1>
				<row2>0.000000 0.000000 1.000000</row2>
				<row3>0.000000 0.000000 0.000000</row3>
			</transform>
			<node>
				<identifier>HP_Fire_1</identifier>
				<transform>
					<row0>1.000000 0.000000 0.000000</row0>
					<row1>0.000000 1.000000 0.000000</row1>
					<row2>0.000000 0.000000 1.000000</row2>
					<row3>0.000000 0.517787 -0.099968</row3>
				</transform>
			</node>
			<node>
				<identifier>HP_Fire_2</identifier>
				<transform>
					<row0>1.000000 0.000000 0.000000</row0>
					<row1>0.000000 1.000000 0.000000</row1>
					<row2>0.000000 0.000000 1.000000</row2>
					<row3>0.511627 0.785155 1.612445</row3>
				</transform>
			</node>
			<node>
				<identifier>HP_TrackUp_LFront</identifier>
				<transform>
					<row0>1.000000 0.000000 0.000000</row0>
					<row1>0.000000 0.608485 0.793565</row1>
					<row2>0.000000 -0.793565 0.608485</row2>
					<row3>-1.223914 0.051026 3.443999</row3>
				</transform>
			</node>
			<node>
				<identifier>HP_TrackUp_LRear</identifier>
				<transform>
					<row0>-1.000000 0.000000 0.000000</row0>
					<row1>0.000000 0.601621 -0.798781</row1>
					<row2>-0.000000 -0.798781 -0.601621</row2>
					<row3>-1.223914 -0.028846 -3.427868</row3>
				</transform>
			</node>
			<node>
				<identifier>HP_TrackUp_RFront</identifier>
				<transform>
					<row0>1.000000 0.000000 0.000000</row0>
					<row1>0.000000 0.608485 0.793565</row1>
					<row2>0.000000 -0.793565 0.608485</row2>
					<row3>1.223914 0.051025 3.443999</row3>
				</transform>
			</node>
			<node>
				<identifier>HP_TrackUp_RRear</identifier>
				<transform>
					<row0>-1.000000 0.000000 0.000000</row0>
					<row1>0.000000 0.601621 -0.798781</row1>
					<row2>-0.000000 -0.798781 -0.601621</row2>
					<row3>1.223914 -0.028846 -3.427868</row3>
				</transform>
			</node>
			<node>
				<identifier>HP_Track_Exhaus_1</identifier>
				<transform>
					<row0>-0.500000 0.000000 0.866025</row0>
					<row1>0.000000 1.000000 0.000000</row1>
					<row2>-0.866025 0.000000 -0.500000</row2>
					<row3>-1.293484 0.892778 -0.912524</row3>
				</transform>
			</node>
			<node>
				<identifier>HP_Track_Exhaus_2</identifier>
				<transform>
					<row0>-0.500000 0.000000 -0.866025</row0>
					<row1>0.000000 1.000000 0.000000</row1>
					<row2>0.866025 0.000000 -0.500000</row2>
					<row3>1.293484 0.892778 -0.912524</row3>
				</transform>
			</node>
			<node>
				<identifier>HP_turretJoint</identifier>
				<transform>
					<row0>1.000000 0.000000 0.000000</row0>
					<row1>0.000000 1.000000 0.000000</row1>
					<row2>0.000000 0.000000 1.000000</row2>
					<row3>0.000000 1.331990 -0.786451</row3>
				</transform>
			</node>
		</node>
	</node>
	<renderSet>
		<treatAsWorldSpaceObject>false</treatAsWorldSpaceObject>
		<node>Scene Root</node>
		<geometry>
			<vertices>vertices</vertices>
			<primitive>indices</primitive>
			<primitiveGroup>
				0
				<material>
					<identifier>tank_hull_01</identifier>
					<fx>shaders/std_effects/PBS_tank.fx</fx>
					<materialKind>0</materialKind>
					<collisionFlags>0</collisionFlags>
					<property>
						colorIdMap
						<Texture>vehicles/russian/common/common_ID.dds</Texture>
					</property>
					<property>
						diffuseMap
						<Texture>vehicles/japan/J34_Ho_Ri_1/Ho_Ri_1_proxy_AM.dds</Texture>
					</property>
					<property>
						excludeMaskAndAOMap
						<Texture>vehicles/japan/J34_Ho_Ri_1/Ho_Ri_1_proxy_AO.dds</Texture>
					</property>
					<property>
						metallicGlossMap
						<Texture>vehicles/japan/J34_Ho_Ri_1/Ho_Ri_1_proxy_GMM.dds</Texture>
					</property>
					<property>
						normalMap
						<Texture>vehicles/japan/J34_Ho_Ri_1/Ho_Ri_1_proxy_ANM.dds</Texture>
					</property>
				</material>
				<groupOrigin>-0.010921 0.681963 -0.372332</groupOrigin>
			</primitiveGroup>
		</geometry>
	</renderSet>
	<boundingBox>
		<min>-1.540382 -0.613064 -4.300140</min>
		<max>1.518541 1.976991 3.555476</max>
	</boundingBox>
	<geometrySize>3484</geometrySize>
	<minUVDensity>0.002736</minUVDensity>
</root>
