<?xml version="1.0" encoding="utf-8"?>
<root>
	<node>
		<identifier>Scene Root</identifier>
		<transform>
			<row0>1.000000 0.000000 0.000000</row0>
			<row1>0.000000 1.000000 0.000000</row1>
			<row2>0.000000 0.000000 1.000000</row2>
			<row3>0.000000 0.000000 0.000000</row3>
		</transform>
		<node>
			<identifier>Root</identifier>
			<transform>
				<row0>1.000000 0.000000 0.000000</row0>
				<row1>0.000000 1.000000 0.000000</row1>
				<row2>0.000000 0.000000 1.000000</row2>
				<row3>0.000000 0.000000 0.000000</row3>
			</transform>
			<node>
				<identifier>Hips</identifier>
				<transform>
					<row0>0.000000 0.997313 0.073256</row0>
					<row1>-1.000000 0.000000 -0.000000</row1>
					<row2>-0.000000 -0.073256 0.997313</row2>
					<row3>-0.000437 0.942690 0.012417</row3>
				</transform>
				<node>
					<identifier>LeftUpLeg</identifier>
					<transform>
						<row0>-0.992357 -0.039681 0.116850</row0>
						<row1>0.039576 -0.999211 -0.003222</row1>
						<row2>0.116886 0.001427 0.993144</row2>
						<row3>-0.047268 -0.089865 0.001330</row3>
					</transform>
					<node>
						<identifier>L_Skirt_Base</identifier>
						<transform>
							<row0>1.000000 -0.000000 -0.000000</row0>
							<row1>0.000000 1.000000 -0.000000</row1>
							<row2>-0.000000 -0.000000 1.000000</row2>
							<row3>0.000000 -0.000000 0.000000</row3>
						</transform>
						<node>
							<identifier>L_Skirt</identifier>
							<transform>
								<row0>0.997386 0.003012 0.072194</row0>
								<row1>-0.003047 0.999995 0.000383</row1>
								<row2>-0.072192 -0.000602 0.997391</row2>
								<row3>0.270603 -0.000191 0.000355</row3>
							</transform>
							<node>
								<identifier>L_Skirt_BlendBone</identifier>
								<transform>
									<row0>0.042484 0.999085 -0.004890</row0>
									<row1>-0.992358 0.042764 0.115746</row1>
									<row2>-0.115849 0.000065 -0.993267</row2>
									<row3>0.613697 -0.126624 -0.094238</row3>
								</transform>
							</node>
						</node>
					</node>
					<node>
						<identifier>LeftLeg</identifier>
						<transform>
							<row0>0.998776 0.002060 0.049420</row0>
							<row1>-0.002084 0.999998 0.000438</row1>
							<row2>-0.049419 -0.000541 0.998778</row2>
							<row3>0.426945 0.000002 -0.000003</row3>
						</transform>
						<node>
							<identifier>LeftFoot</identifier>
							<transform>
								<row0>0.540608 0.242052 -0.805701</row0>
								<row1>0.072216 0.940827 0.331103</row1>
								<row2>0.838169 -0.237181 0.491139</row2>
								<row3>0.371104 -0.000003 -0.000001</row3>
							</transform>
							<node>
								<identifier>LeftToeBase</identifier>
								<transform>
									<row0>0.765331 -0.091723 -0.637068</row0>
									<row1>0.072207 0.995781 -0.056625</row1>
									<row2>0.639574 -0.002664 0.768725</row2>
									<row3>0.148570 -0.000000 0.000000</row3>
								</transform>
								<node>
									<identifier>LeftToeBase_BlendBone</identifier>
									<transform>
										<row0>0.248327 0.968605 0.011748</row0>
										<row1>0.047300 -0.000012 -0.998881</row1>
										<row2>0.967521 -0.248604 0.045818</row2>
										<row3>-0.087188 -0.144520 0.006433</row3>
									</transform>
								</node>
							</node>
							<node>
								<identifier>LeftFoot_BlendBone</identifier>
								<transform>
									<row0>0.267505 0.941710 -0.204017</row0>
									<row1>-0.602659 -0.001689 -0.797997</row1>
									<row2>0.751827 -0.336421 -0.567078</row2>
									<row3>0.075522 -0.135930 0.068673</row3>
								</transform>
							</node>
						</node>
						<node>
							<identifier>LeftLeg_BlendBone</identifier>
							<transform>
								<row0>0.041621 0.999126 -0.003927</row0>
								<row1>-0.994781 0.041806 0.093076</row1>
								<row2>-0.093159 -0.000033 -0.995651</row2>
								<row3>0.459676 -0.125897 -0.072127</row3>
							</transform>
						</node>
					</node>
					<node>
						<identifier>LeftUpLeg_BlendBone</identifier>
						<transform>
							<row0>0.039681 0.999211 -0.001427</row0>
							<row1>-0.998250 0.039706 0.043818</row1>
							<row2>-0.043840 0.000314 -0.999039</row2>
							<row3>0.889885 -0.124909 -0.049380</row3>
						</transform>
					</node>
				</node>
				<node>
					<identifier>RightUpLeg</identifier>
					<transform>
						<row0>0.992357 -0.039683 -0.116846</row0>
						<row1>-0.039577 -0.999211 0.003225</row1>
						<row2>-0.116882 0.001424 -0.993145</row2>
						<row3>-0.047269 0.089865 0.001330</row3>
					</transform>
					<node>
						<identifier>R_Skirt_Base</identifier>
						<transform>
							<row0>1.000000 0.000008 -0.000008</row0>
							<row1>-0.000008 1.000000 -0.000005</row1>
							<row2>0.000008 0.000005 1.000000</row2>
							<row3>-0.000000 0.000000 0.000000</row3>
						</transform>
						<node>
							<identifier>R_Skirt</identifier>
							<transform>
								<row0>0.997386 0.002994 0.072194</row0>
								<row1>-0.003031 0.999995 0.000400</row1>
								<row2>-0.072192 -0.000618 0.997391</row2>
								<row3>-0.272518 0.000963 0.001114</row3>
							</transform>
							<node>
								<identifier>R_Skirt_BlendBone</identifier>
								<transform>
									<row0>0.042476 0.999085 -0.004898</row0>
									<row1>0.992360 -0.042758 -0.115734</row1>
									<row2>0.115837 -0.000056 0.993268</row2>
									<row3>-0.611860 0.126716 0.092618</row3>
								</transform>
							</node>
						</node>
					</node>
					<node>
						<identifier>RightLeg</identifier>
						<transform>
							<row0>0.998775 0.002057 0.049428</row0>
							<row1>-0.002081 0.999998 0.000439</row1>
							<row2>-0.049427 -0.000541 0.998778</row2>
							<row3>-0.426944 -0.000002 0.000003</row3>
						</transform>
						<node>
							<identifier>RightFoot</identifier>
							<transform>
								<row0>0.540605 0.242155 -0.805672</row0>
								<row1>0.072218 0.940785 0.331223</row1>
								<row2>0.838171 -0.237245 0.491105</row2>
								<row3>-0.371105 0.000003 0.000001</row3>
							</transform>
							<node>
								<identifier>RightToeBase</identifier>
								<transform>
									<row0>0.765327 -0.091847 -0.637055</row0>
									<row1>0.072310 0.995770 -0.056694</row1>
									<row2>0.639567 -0.002676 0.768731</row2>
									<row3>-0.148570 -0.000000 0.000000</row3>
								</transform>
								<node>
									<identifier>RightToeBase_BlendBone</identifier>
									<transform>
										<row0>0.248327 0.968605 0.011748</row0>
										<row1>-0.047300 0.000012 0.998881</row1>
										<row2>-0.967521 0.248604 -0.045818</row2>
										<row3>0.087404 0.145381 -0.006424</row3>
									</transform>
								</node>
							</node>
							<node>
								<identifier>RightFoot_BlendBone</identifier>
								<transform>
									<row0>0.267605 0.941668 -0.204081</row0>
									<row1>0.602652 0.001683 0.798002</row1>
									<row2>-0.751796 0.336539 0.567048</row2>
									<row3>-0.075273 0.136755 -0.068862</row3>
								</transform>
							</node>
						</node>
						<node>
							<identifier>RightLeg_BlendBone</identifier>
							<transform>
								<row0>0.041619 0.999126 -0.003925</row0>
								<row1>0.994781 -0.041804 -0.093080</row1>
								<row2>0.093163 0.000030 0.995651</row2>
								<row3>-0.459640 0.126769 0.072125</row3>
							</transform>
						</node>
					</node>
					<node>
						<identifier>RightUpLeg_BlendBone</identifier>
						<transform>
							<row0>0.039683 0.999211 -0.001424</row0>
							<row1>0.998250 -0.039707 -0.043814</row1>
							<row2>0.043836 -0.000317 0.999039</row2>
							<row3>-0.889850 0.125783 0.049376</row3>
						</transform>
					</node>
				</node>
				<node>
					<identifier>Spine</identifier>
					<transform>
						<row0>1.000000 -0.000000 0.000000</row0>
						<row1>0.000000 1.000000 0.000000</row1>
						<row2>0.000000 0.000000 1.000000</row2>
						<row3>0.085123 0.000000 -0.000000</row3>
					</transform>
					<node>
						<identifier>Spine1</identifier>
						<transform>
							<row0>1.000000 0.000000 0.000000</row0>
							<row1>-0.000000 1.000000 0.000000</row1>
							<row2>0.000000 0.000000 1.000000</row2>
							<row3>0.099310 -0.000000 -0.000001</row3>
						</transform>
						<node>
							<identifier>Spine2</identifier>
							<transform>
								<row0>1.000000 -0.000000 -0.000000</row0>
								<row1>-0.000000 1.000000 0.000000</row1>
								<row2>0.000000 0.000000 1.000000</row2>
								<row3>0.113498 -0.000000 -0.000001</row3>
							</transform>
							<node>
								<identifier>LeftShoulder</identifier>
								<transform>
									<row0>-0.404715 -0.914283 0.017103</row0>
									<row1>0.911899 -0.404913 -0.066978</row1>
									<row2>0.068162 -0.011510 0.997608</row2>
									<row3>0.116066 -0.050678 0.001303</row3>
								</transform>
								<node>
									<identifier>LeftArm</identifier>
									<transform>
										<row0>0.722573 -0.685025 0.092892</row0>
										<row1>0.687388 0.726238 0.008654</row1>
										<row2>-0.073390 0.057600 0.995639</row2>
										<row3>0.103877 -0.000001 0.000000</row3>
									</transform>
									<node>
										<identifier>LeftForeArm</identifier>
										<transform>
											<row0>0.958076 -0.008361 -0.286391</row0>
											<row1>0.008512 0.999964 -0.000719</row1>
											<row2>0.286386 -0.001749 0.958113</row2>
											<row3>0.240260 -0.000001 -0.000000</row3>
										</transform>
										<node>
											<identifier>LeftHand</identifier>
											<transform>
												<row0>0.997822 0.034252 -0.056379</row0>
												<row1>-0.039706 0.994331 -0.098642</row1>
												<row2>0.052681 0.100665 0.993525</row2>
												<row3>0.243486 0.000001 0.000001</row3>
											</transform>
											<node>
												<identifier>LeftHandThumb1</identifier>
												<transform>
													<row0>0.771302 -0.534693 -0.345249</row0>
													<row1>0.535556 0.838332 -0.101880</row1>
													<row2>0.343907 -0.106320 0.932965</row2>
													<row3>0.029162 -0.023508 -0.016217</row3>
												</transform>
												<node>
													<identifier>LeftHandThumb2</identifier>
													<transform>
														<row0>0.987112 -0.003790 0.159985</row0>
														<row1>0.018889 0.995490 -0.092965</row1>
														<row2>-0.158911 0.094789 0.982732</row2>
														<row3>0.031766 0.000000 -0.000000</row3>
													</transform>
													<node>
														<identifier>LeftHandThumb3</identifier>
														<transform>
															<row0>0.974524 0.002483 0.224271</row0>
															<row1>-0.002313 0.999997 -0.001021</row1>
															<row2>-0.224273 0.000476 0.974526</row2>
															<row3>0.029761 -0.000000 0.000000</row3>
														</transform>
														<node>
															<identifier>LeftHandThumb4</identifier>
															<transform>
																<row0>1.000000 0.000000 -0.000000</row0>
																<row1>0.000000 1.000000 -0.000000</row1>
																<row2>0.000000 0.000000 1.000000</row2>
																<row3>0.023422 -0.000000 0.000000</row3>
															</transform>
															<node>
																<identifier>LeftHandThumb4_BlendBone</identifier>
																<transform>
																	<row0>-0.121621 0.917083 0.379695</row0>
																	<row1>-0.981430 -0.053939 -0.184083</row1>
																	<row2>0.148339 0.395032 -0.906612</row2>
																	<row3>0.778955 -0.247253 0.060949</row3>
																</transform>
															</node>
														</node>
														<node>
															<identifier>LeftHandThumb3_BlendBone</identifier>
															<transform>
																<row0>-0.121621 0.917083 0.379695</row0>
																<row1>-0.981430 -0.053939 -0.184083</row1>
																<row2>0.148339 0.395032 -0.906612</row2>
																<row3>0.802377 -0.247253 0.060949</row3>
															</transform>
														</node>
													</node>
													<node>
														<identifier>LeftHandThumb2_BlendBone</identifier>
														<transform>
															<row0>-0.205799 0.916958 0.341811</row0>
															<row1>-0.915017 -0.056464 -0.399445</row1>
															<row2>0.346974 0.394968 -0.850652</row2>
															<row3>0.798600 -0.245231 0.239599</row3>
														</transform>
													</node>
												</node>
												<node>
													<identifier>LeftHandThumb1_BlendBone</identifier>
													<transform>
														<row0>-0.240143 0.946003 0.217739</row0>
														<row1>-0.840815 -0.090604 -0.533687</row1>
														<row2>0.485141 0.311239 -0.817171</row2>
														<row3>0.777366 -0.224441 0.386023</row3>
													</transform>
												</node>
											</node>
											<node>
												<identifier>LeftHandThumb5</identifier>
												<transform>
													<row0>0.903930 -0.367673 0.218467</row0>
													<row1>-0.112273 0.288900 0.950753</row1>
													<row2>-0.412681 -0.883942 0.219866</row2>
													<row3>0.083507 -0.000001 0.000000</row3>
												</transform>
												<node>
													<identifier>LeftHandThumb6</identifier>
													<transform>
														<row0>0.874458 0.053959 0.482090</row0>
														<row1>0.018174 0.989453 -0.143712</row1>
														<row2>-0.484760 0.134431 0.864255</row2>
														<row3>0.042010 0.000000 0.000000</row3>
													</transform>
													<node>
														<identifier>LeftHandThumb7</identifier>
														<transform>
															<row0>1.000000 0.000000 0.000000</row0>
															<row1>0.000000 1.000000 -0.000000</row1>
															<row2>0.000000 -0.000000 1.000000</row2>
															<row3>0.030843 0.000000 -0.000000</row3>
														</transform>
														<node>
															<identifier>LeftHandThumb7_BlendBone</identifier>
															<transform>
																<row0>-0.359548 0.524080 -0.772053</row0>
																<row1>-0.899691 0.024798 0.435822</row1>
																<row2>-0.247551 -0.851308 -0.462593</row2>
																<row3>0.782537 -0.202116 -0.045051</row3>
															</transform>
														</node>
													</node>
													<node>
														<identifier>LeftHandThumb6_BlendBone</identifier>
														<transform>
															<row0>-0.359548 0.524080 -0.772053</row0>
															<row1>-0.899691 0.024798 0.435822</row1>
															<row2>-0.247551 -0.851308 -0.462593</row2>
															<row3>0.813380 -0.202116 -0.045051</row3>
														</transform>
													</node>
												</node>
												<node>
													<identifier>LeftHandThumb5_BlendBone</identifier>
													<transform>
														<row0>0.069376 0.395363 -0.915901</row0>
														<row1>-0.997561 0.034579 -0.060635</row1>
														<row2>-0.007698 -0.917874 -0.396797</row2>
														<row3>0.771443 -0.162151 0.382234</row3>
													</transform>
												</node>
											</node>
											<node>
												<identifier>LeftHand_BlendBone</identifier>
												<transform>
													<row0>0.396297 0.898317 0.189673</row0>
													<row1>-0.880584 0.430363 -0.198390</row1>
													<row2>0.259845 0.088402 -0.961595</row2>
													<row3>0.641302 -0.668357 0.098410</row3>
												</transform>
											</node>
										</node>
										<node>
											<identifier>LeftForeArm_BlendBone</identifier>
											<transform>
												<row0>0.369758 0.925891 0.077491</row0>
												<row1>-0.906205 0.377791 -0.189910</row1>
												<row2>0.205112 0.000002 -0.978739</row2>
												<row3>0.915113 -0.632695 0.127546</row3>
											</transform>
										</node>
									</node>
									<node>
										<identifier>LeftArm_BlendBone</identifier>
										<transform>
											<row0>0.384330 0.922630 -0.032316</row0>
											<row1>-0.919386 0.385686 0.077302</row1>
											<row2>-0.083785 -0.000002 -0.996484</row2>
											<row3>1.148151 -0.640547 -0.139421</row3>
										</transform>
									</node>
								</node>
								<node>
									<identifier>LeftShoulder_BlendBone</identifier>
									<transform>
										<row0>0.914283 0.404913 0.011511</row0>
										<row1>-0.404881 0.914355 -0.005101</row1>
										<row2>0.012590 -0.000004 -0.999921</row2>
										<row3>0.503427 -1.259734 -0.037702</row3>
									</transform>
								</node>
							</node>
							<node>
								<identifier>Neck</identifier>
								<transform>
									<row0>0.876096 0.000003 -0.482136</row0>
									<row1>-0.000002 1.000000 0.000002</row1>
									<row2>0.482136 -0.000001 0.876096</row2>
									<row3>0.127685 -0.000000 -0.000001</row3>
								</transform>
								<node>
									<identifier>Head</identifier>
									<transform>
										<row0>-0.000000 -1.000000 -0.000003</row0>
										<row1>0.909062 -0.000002 0.416662</row1>
										<row2>-0.416662 -0.000003 0.909062</row2>
										<row3>0.103514 -0.000000 0.000000</row3>
									</transform>
									<node>
										<identifier>Head_BlendBone</identifier>
										<transform>
											<row0>1.000000 -0.000000 0.000005</row0>
											<row1>0.000000 1.000000 0.000000</row1>
											<row2>0.000005 -0.000000 -1.000000</row2>
											<row3>0.000436 -1.461265 -0.000463</row3>
										</transform>
									</node>
								</node>
								<node>
									<identifier>Neck_BlendBone</identifier>
									<transform>
										<row0>-0.000003 -1.000000 0.000001</row0>
										<row1>0.909062 -0.000002 0.416662</row1>
										<row2>0.416662 -0.000002 -0.909062</row2>
										<row3>-1.224673 -0.000434 -0.609273</row3>
									</transform>
								</node>
							</node>
							<node>
								<identifier>RightShoulder</identifier>
								<transform>
									<row0>0.404715 -0.914283 -0.017112</row0>
									<row1>-0.911899 -0.404914 0.066974</row1>
									<row2>-0.068162 -0.011501 -0.997608</row2>
									<row3>0.116066 0.050678 0.001303</row3>
								</transform>
								<node>
									<identifier>RightArm</identifier>
									<transform>
										<row0>0.722573 -0.685025 0.092892</row0>
										<row1>0.687388 0.726238 0.008654</row1>
										<row2>-0.073390 0.057600 0.995639</row2>
										<row3>-0.103878 0.000002 -0.000001</row3>
									</transform>
									<node>
										<identifier>RightForeArm</identifier>
										<transform>
											<row0>0.958076 -0.008361 -0.286391</row0>
											<row1>0.008511 0.999963 -0.000719</row1>
											<row2>0.286386 -0.001749 0.958113</row2>
											<row3>-0.240258 0.000000 -0.000000</row3>
										</transform>
										<node>
											<identifier>RightHand</identifier>
											<transform>
												<row0>0.997822 0.034252 -0.056379</row0>
												<row1>-0.039705 0.994331 -0.098642</row1>
												<row2>0.052681 0.100665 0.993525</row2>
												<row3>-0.243488 -0.000000 -0.000002</row3>
											</transform>
											<node>
												<identifier>RightHandThumb1</identifier>
												<transform>
													<row0>0.771302 -0.534693 -0.345249</row0>
													<row1>0.535556 0.838332 -0.101880</row1>
													<row2>0.343907 -0.106320 0.932965</row2>
													<row3>-0.029161 0.023508 0.016217</row3>
												</transform>
												<node>
													<identifier>RightHandThumb2</identifier>
													<transform>
														<row0>0.987112 -0.003790 0.159985</row0>
														<row1>0.018890 0.995490 -0.092965</row1>
														<row2>-0.158911 0.094789 0.982732</row2>
														<row3>-0.031766 -0.000000 0.000000</row3>
													</transform>
													<node>
														<identifier>RightHandThumb3</identifier>
														<transform>
															<row0>0.974524 0.002483 0.224271</row0>
															<row1>-0.002313 0.999997 -0.001020</row1>
															<row2>-0.224272 0.000476 0.974526</row2>
															<row3>-0.029762 0.000000 -0.000000</row3>
														</transform>
														<node>
															<identifier>RightHandThumb4</identifier>
															<transform>
																<row0>1.000000 0.000000 0.000000</row0>
																<row1>-0.000000 1.000000 -0.000000</row1>
																<row2>-0.000000 0.000000 1.000000</row2>
																<row3>-0.023422 -0.000000 -0.000000</row3>
															</transform>
															<node>
																<identifier>RightHandThumb4_BlendBone</identifier>
																<transform>
																	<row0>-0.121620 0.917086 0.379686</row0>
																	<row1>0.981430 0.053940 0.184084</row1>
																	<row2>-0.148340 -0.395023 0.906616</row2>
																	<row3>-0.779061 0.248054 -0.060618</row3>
																</transform>
															</node>
														</node>
														<node>
															<identifier>RightHandThumb3_BlendBone</identifier>
															<transform>
																<row0>-0.121620 0.917086 0.379686</row0>
																<row1>0.981430 0.053940 0.184084</row1>
																<row2>-0.148340 -0.395023 0.906616</row2>
																<row3>-0.802483 0.248053 -0.060618</row3>
															</transform>
														</node>
													</node>
													<node>
														<identifier>RightHandThumb2_BlendBone</identifier>
														<transform>
															<row0>-0.205796 0.916962 0.341802</row0>
															<row1>0.915017 0.056464 0.399445</row1>
															<row2>-0.346976 -0.394959 0.850656</row2>
															<row3>-0.798779 0.246031 -0.239301</row3>
														</transform>
													</node>
												</node>
												<node>
													<identifier>RightHandThumb1_BlendBone</identifier>
													<transform>
														<row0>-0.240139 0.946006 0.217731</row0>
														<row1>0.840815 0.090604 0.533687</row1>
														<row2>-0.485143 -0.311230 0.817173</row2>
														<row3>-0.777576 0.225266 -0.385833</row3>
													</transform>
												</node>
											</node>
											<node>
												<identifier>RightHandThumb5</identifier>
												<transform>
													<row0>0.903930 -0.367673 0.218467</row0>
													<row1>-0.112273 0.288900 0.950753</row1>
													<row2>-0.412681 -0.883942 0.219866</row2>
													<row3>-0.083508 0.000001 -0.000001</row3>
												</transform>
												<node>
													<identifier>RightHandThumb6</identifier>
													<transform>
														<row0>0.874458 0.053959 0.482090</row0>
														<row1>0.018174 0.989453 -0.143712</row1>
														<row2>-0.484760 0.134431 0.864255</row2>
														<row3>-0.042010 -0.000000 -0.000000</row3>
													</transform>
													<node>
														<identifier>RightHandThumb7</identifier>
														<transform>
															<row0>1.000000 -0.000000 -0.000000</row0>
															<row1>-0.000000 1.000000 0.000000</row1>
															<row2>0.000000 0.000000 1.000000</row2>
															<row3>-0.030843 -0.000000 0.000000</row3>
														</transform>
														<node>
															<identifier>RightHandThumb7_BlendBone</identifier>
															<transform>
																<row0>-0.359550 0.524072 -0.772057</row0>
																<row1>0.899691 -0.024798 -0.435823</row1>
																<row2>0.247548 0.851313 0.462586</row2>
																<row3>-0.782851 0.202573 0.044377</row3>
															</transform>
														</node>
													</node>
													<node>
														<identifier>RightHandThumb6_BlendBone</identifier>
														<transform>
															<row0>-0.359550 0.524072 -0.772057</row0>
															<row1>0.899691 -0.024798 -0.435823</row1>
															<row2>0.247548 0.851313 0.462586</row2>
															<row3>-0.813694 0.202573 0.044377</row3>
														</transform>
													</node>
												</node>
												<node>
													<identifier>RightHandThumb5_BlendBone</identifier>
													<transform>
														<row0>0.069375 0.395354 -0.915905</row0>
														<row1>0.997561 -0.034578 0.060634</row1>
														<row2>0.007699 0.917878 0.396789</row2>
														<row3>-0.771382 0.162496 -0.383033</row3>
													</transform>
												</node>
											</node>
											<node>
												<identifier>RightHand_BlendBone</identifier>
												<transform>
													<row0>0.396299 0.898318 0.189664</row0>
													<row1>0.880585 -0.430363 0.198390</row1>
													<row2>-0.259842 -0.088394 0.961597</row2>
													<row3>-0.640956 0.669141 -0.098245</row3>
												</transform>
											</node>
										</node>
										<node>
											<identifier>RightForeArm_BlendBone</identifier>
											<transform>
												<row0>0.369759 0.925891 0.077482</row0>
												<row1>0.906206 -0.377790 0.189910</row1>
												<row2>-0.205108 0.000007 0.978739</row2>
												<row3>-0.914791 0.633504 -0.127479</row3>
											</transform>
										</node>
									</node>
									<node>
										<identifier>RightArm_BlendBone</identifier>
										<transform>
											<row0>0.384328 0.922630 -0.032325</row0>
											<row1>0.919386 -0.385685 -0.077302</row1>
											<row2>0.083788 0.000010 0.996484</row2>
											<row3>-1.147814 0.641352 0.139393</row3>
										</transform>
									</node>
								</node>
								<node>
									<identifier>RightShoulder_BlendBone</identifier>
									<transform>
										<row0>0.914283 0.404914 0.011501</row0>
										<row1>0.404881 -0.914355 0.005101</row1>
										<row2>-0.012582 0.000007 0.999921</row2>
										<row3>-0.502630 1.260087 0.037712</row3>
									</transform>
								</node>
							</node>
							<node>
								<identifier>Spine2_BlendBone</identifier>
								<transform>
									<row0>0.000000 -1.000000 -0.000000</row0>
									<row1>0.997313 0.000000 -0.073256</row1>
									<row2>-0.073256 0.000000 -0.997313</row2>
									<row3>-1.238999 -0.000437 0.056676</row3>
								</transform>
							</node>
						</node>
						<node>
							<identifier>Spine1_BlendBone</identifier>
							<transform>
								<row0>0.000000 -1.000000 -0.000000</row0>
								<row1>0.997313 0.000000 -0.073256</row1>
								<row2>-0.073256 0.000000 -0.997313</row2>
								<row3>-1.125501 -0.000437 0.056675</row3>
							</transform>
						</node>
					</node>
					<node>
						<identifier>Spine_BlendBone</identifier>
						<transform>
							<row0>0.000000 -1.000000 -0.000000</row0>
							<row1>0.997313 0.000000 -0.073256</row1>
							<row2>-0.073256 0.000000 -0.997313</row2>
							<row3>-1.026190 -0.000437 0.056674</row3>
						</transform>
					</node>
				</node>
				<node>
					<identifier>Hips_BlendBone</identifier>
					<transform>
						<row0>0.000000 -1.000000 -0.000000</row0>
						<row1>0.997313 0.000000 -0.073256</row1>
						<row2>-0.073256 0.000000 -0.997313</row2>
						<row3>-0.941067 -0.000437 0.056673</row3>
					</transform>
				</node>
			</node>
			<node>
				<identifier>flowers1_M</identifier>
				<transform>
					<row0>0.000000 1.000000 0.000000</row0>
					<row1>-0.000000 0.000000 -1.000000</row1>
					<row2>-1.000000 0.000000 0.000000</row2>
					<row3>-0.000000 -0.000000 0.000000</row3>
				</transform>
				<node>
					<identifier>flowers2_M</identifier>
					<transform>
						<row0>1.000000 0.000000 0.000000</row0>
						<row1>0.000000 1.000000 0.000000</row1>
						<row2>0.000000 0.000000 1.000000</row2>
						<row3>0.124775 0.000000 0.000000</row3>
					</transform>
					<node>
						<identifier>flowers2_M_BlendBone</identifier>
						<transform>
							<row0>0.000000 -0.000000 -1.000000</row0>
							<row1>1.000000 0.000000 0.000000</row1>
							<row2>0.000000 1.000000 -0.000000</row2>
							<row3>-0.124775 0.000000 -0.000000</row3>
						</transform>
					</node>
				</node>
				<node>
					<identifier>flowers1_M_BlendBone</identifier>
					<transform>
						<row0>0.000000 -0.000000 -1.000000</row0>
						<row1>1.000000 0.000000 0.000000</row1>
						<row2>0.000000 1.000000 -0.000000</row2>
						<row3>0.000000 0.000000 -0.000000</row3>
					</transform>
				</node>
			</node>
		</node>
	</node>
	<renderSet>
		<treatAsWorldSpaceObject>true</treatAsWorldSpaceObject>
		<node>Spine2_BlendBone</node>
		<node>Spine1_BlendBone</node>
		<node>Spine_BlendBone</node>
		<node>LeftShoulder_BlendBone</node>
		<node>RightArm_BlendBone</node>
		<node>RightShoulder_BlendBone</node>
		<node>LeftArm_BlendBone</node>
		<node>Hips_BlendBone</node>
		<node>L_Skirt_BlendBone</node>
		<node>R_Skirt_BlendBone</node>
		<geometry>
			<vertices>s0Shape.vertices</vertices>
			<primitive>s0Shape.indices</primitive>
			<primitiveGroup>
				0
				<material>
					<identifier>s_nd0_skinned</identifier>
					<fx>shaders/std_effects/PBS_ext_skinned.fx</fx>
					<materialKind>0</materialKind>
					<collisionFlags>255</collisionFlags>
					<property>
						diffuseMap
						<Texture>content/Hangars/h01_victory_day_2023/Characters/Civil_Woman_VD/Woman_cloth_AM.dds</Texture>
					</property>
					<property>
						dynamicObject
						<Bool>true</Bool>
					</property>
					<property>
						g_enableAO
						<Bool>true</Bool>
					</property>
					<property>
						g_tintColor
						<Vector4>0.709804 0.196078 0.196078 1.000000</Vector4>
					</property>
					<property>
						g_useTintColor
						<Bool>true</Bool>
					</property>
					<property>
						metallicGlossMap
						<Texture>content/Hangars/h01_victory_day_2023/Characters/Civil_Woman_VD/Woman_cloth_GMM.dds</Texture>
					</property>
					<property>
						normalMap
						<Texture>content/Hangars/h01_victory_day_2023/Characters/Civil_Woman_VD/Woman_cloth_ANM.dds</Texture>
					</property>
				</material>
				<groupOrigin>-0.001286 0.988771 -0.018674</groupOrigin>
			</primitiveGroup>
		</geometry>
	</renderSet>
	<renderSet>
		<treatAsWorldSpaceObject>true</treatAsWorldSpaceObject>
		<node>LeftFoot_BlendBone</node>
		<node>LeftToeBase_BlendBone</node>
		<node>LeftLeg_BlendBone</node>
		<geometry>
			<vertices>s1Shape.vertices</vertices>
			<primitive>s1Shape.indices</primitive>
			<primitiveGroup>
				0
				<material>
					<identifier>s_nd0_skinned</identifier>
					<fx>shaders/std_effects/PBS_ext_skinned.fx</fx>
					<materialKind>0</materialKind>
					<collisionFlags>255</collisionFlags>
					<property>
						diffuseMap
						<Texture>content/Hangars/h01_victory_day_2023/Characters/Civil_Woman_VD/Woman_cloth_AM.dds</Texture>
					</property>
					<property>
						dynamicObject
						<Bool>true</Bool>
					</property>
					<property>
						g_enableAO
						<Bool>true</Bool>
					</property>
					<property>
						g_tintColor
						<Vector4>0.709804 0.196078 0.196078 1.000000</Vector4>
					</property>
					<property>
						g_useTintColor
						<Bool>true</Bool>
					</property>
					<property>
						metallicGlossMap
						<Texture>content/Hangars/h01_victory_day_2023/Characters/Civil_Woman_VD/Woman_cloth_GMM.dds</Texture>
					</property>
					<property>
						normalMap
						<Texture>content/Hangars/h01_victory_day_2023/Characters/Civil_Woman_VD/Woman_cloth_ANM.dds</Texture>
					</property>
				</material>
				<groupOrigin>0.149124 0.054077 0.000834</groupOrigin>
			</primitiveGroup>
		</geometry>
	</renderSet>
	<renderSet>
		<treatAsWorldSpaceObject>true</treatAsWorldSpaceObject>
		<node>RightFoot_BlendBone</node>
		<node>RightToeBase_BlendBone</node>
		<node>RightLeg_BlendBone</node>
		<geometry>
			<vertices>s2Shape.vertices</vertices>
			<primitive>s2Shape.indices</primitive>
			<primitiveGroup>
				0
				<material>
					<identifier>s_nd0_skinned</identifier>
					<fx>shaders/std_effects/PBS_ext_skinned.fx</fx>
					<materialKind>0</materialKind>
					<collisionFlags>255</collisionFlags>
					<property>
						diffuseMap
						<Texture>content/Hangars/h01_victory_day_2023/Characters/Civil_Woman_VD/Woman_cloth_AM.dds</Texture>
					</property>
					<property>
						dynamicObject
						<Bool>true</Bool>
					</property>
					<property>
						g_enableAO
						<Bool>true</Bool>
					</property>
					<property>
						g_tintColor
						<Vector4>0.709804 0.196078 0.196078 1.000000</Vector4>
					</property>
					<property>
						g_useTintColor
						<Bool>true</Bool>
					</property>
					<property>
						metallicGlossMap
						<Texture>content/Hangars/h01_victory_day_2023/Characters/Civil_Woman_VD/Woman_cloth_GMM.dds</Texture>
					</property>
					<property>
						normalMap
						<Texture>content/Hangars/h01_victory_day_2023/Characters/Civil_Woman_VD/Woman_cloth_ANM.dds</Texture>
					</property>
				</material>
				<groupOrigin>-0.149125 0.054076 0.000834</groupOrigin>
			</primitiveGroup>
		</geometry>
	</renderSet>
	<renderSet>
		<treatAsWorldSpaceObject>true</treatAsWorldSpaceObject>
		<node>RightFoot_BlendBone</node>
		<node>RightLeg_BlendBone</node>
		<node>RightUpLeg_BlendBone</node>
		<node>R_Skirt_BlendBone</node>
		<node>RightHandThumb5_BlendBone</node>
		<node>RightHand_BlendBone</node>
		<node>RightHandThumb6_BlendBone</node>
		<node>RightHandThumb3_BlendBone</node>
		<node>RightHandThumb4_BlendBone</node>
		<node>RightHandThumb2_BlendBone</node>
		<node>RightHandThumb7_BlendBone</node>
		<node>RightHandThumb1_BlendBone</node>
		<node>RightForeArm_BlendBone</node>
		<node>RightArm_BlendBone</node>
		<geometry>
			<vertices>s3Shape.vertices</vertices>
			<primitive>s3Shape.indices</primitive>
			<primitiveGroup>
				0
				<material>
					<identifier>s_nd1_skinned</identifier>
					<fx>shaders/std_effects/PBS_ext_skinned.fx</fx>
					<materialKind>0</materialKind>
					<collisionFlags>255</collisionFlags>
					<property>
						diffuseMap
						<Texture>content/Hangars/h01_victory_day_2023/Characters/Civil_Woman_VD/Woman_skin_AM.dds</Texture>
					</property>
					<property>
						dynamicObject
						<Bool>true</Bool>
					</property>
					<property>
						g_enableAO
						<Bool>true</Bool>
					</property>
					<property>
						metallicGlossMap
						<Texture>content/Hangars/h01_victory_day_2023/Characters/Civil_Woman_VD/Woman_skin_GMM.dds</Texture>
					</property>
					<property>
						normalMap
						<Texture>content/Hangars/h01_victory_day_2023/Characters/Civil_Woman_VD/Woman_skin_ANM.dds</Texture>
					</property>
				</material>
				<groupOrigin>-0.191748 0.679189 -0.028019</groupOrigin>
			</primitiveGroup>
		</geometry>
	</renderSet>
	<renderSet>
		<treatAsWorldSpaceObject>true</treatAsWorldSpaceObject>
		<node>LeftHand_BlendBone</node>
		<node>LeftHandThumb5_BlendBone</node>
		<node>LeftHandThumb6_BlendBone</node>
		<node>LeftHandThumb7_BlendBone</node>
		<node>LeftHandThumb3_BlendBone</node>
		<node>LeftForeArm_BlendBone</node>
		<node>LeftHandThumb1_BlendBone</node>
		<node>LeftHandThumb2_BlendBone</node>
		<node>LeftArm_BlendBone</node>
		<node>LeftHandThumb4_BlendBone</node>
		<node>LeftFoot_BlendBone</node>
		<node>LeftLeg_BlendBone</node>
		<node>LeftUpLeg_BlendBone</node>
		<geometry>
			<vertices>s4Shape.vertices</vertices>
			<primitive>s4Shape.indices</primitive>
			<primitiveGroup>
				0
				<material>
					<identifier>s_nd1_skinned</identifier>
					<fx>shaders/std_effects/PBS_ext_skinned.fx</fx>
					<materialKind>0</materialKind>
					<collisionFlags>255</collisionFlags>
					<property>
						diffuseMap
						<Texture>content/Hangars/h01_victory_day_2023/Characters/Civil_Woman_VD/Woman_skin_AM.dds</Texture>
					</property>
					<property>
						dynamicObject
						<Bool>true</Bool>
					</property>
					<property>
						g_enableAO
						<Bool>true</Bool>
					</property>
					<property>
						metallicGlossMap
						<Texture>content/Hangars/h01_victory_day_2023/Characters/Civil_Woman_VD/Woman_skin_GMM.dds</Texture>
					</property>
					<property>
						normalMap
						<Texture>content/Hangars/h01_victory_day_2023/Characters/Civil_Woman_VD/Woman_skin_ANM.dds</Texture>
					</property>
				</material>
				<groupOrigin>0.191748 0.681617 -0.028019</groupOrigin>
			</primitiveGroup>
		</geometry>
	</renderSet>
	<renderSet>
		<treatAsWorldSpaceObject>true</treatAsWorldSpaceObject>
		<node>Head_BlendBone</node>
		<node>Spine2_BlendBone</node>
		<node>RightShoulder_BlendBone</node>
		<node>Neck_BlendBone</node>
		<node>LeftShoulder_BlendBone</node>
		<geometry>
			<vertices>s5Shape.vertices</vertices>
			<primitive>s5Shape.indices</primitive>
			<primitiveGroup>
				0
				<material>
					<identifier>s_nd1_skinned</identifier>
					<fx>shaders/std_effects/PBS_ext_skinned.fx</fx>
					<materialKind>0</materialKind>
					<collisionFlags>255</collisionFlags>
					<property>
						diffuseMap
						<Texture>content/Hangars/h01_victory_day_2023/Characters/Civil_Woman_VD/Woman_skin_AM.dds</Texture>
					</property>
					<property>
						dynamicObject
						<Bool>true</Bool>
					</property>
					<property>
						g_enableAO
						<Bool>true</Bool>
					</property>
					<property>
						metallicGlossMap
						<Texture>content/Hangars/h01_victory_day_2023/Characters/Civil_Woman_VD/Woman_skin_GMM.dds</Texture>
					</property>
					<property>
						normalMap
						<Texture>content/Hangars/h01_victory_day_2023/Characters/Civil_Woman_VD/Woman_skin_ANM.dds</Texture>
					</property>
				</material>
				<groupOrigin>-0.000268 1.494582 0.014090</groupOrigin>
			</primitiveGroup>
		</geometry>
	</renderSet>
	<renderSet>
		<treatAsWorldSpaceObject>true</treatAsWorldSpaceObject>
		<node>flowers1_M_BlendBone</node>
		<node>flowers2_M_BlendBone</node>
		<geometry>
			<vertices>s6Shape.vertices</vertices>
			<primitive>s6Shape.indices</primitive>
			<primitiveGroup>
				0
				<material>
					<identifier>s_nd2_skinned</identifier>
					<fx>shaders/std_effects/PBS_ext_skinned.fx</fx>
					<materialKind>0</materialKind>
					<collisionFlags>255</collisionFlags>
					<property>
						diffuseMap
						<Texture>content/Hangars/h01_victory_day_2023/Characters/other/h01_vd_01_bunch_flowers_am.dds</Texture>
					</property>
					<property>
						dynamicObject
						<Bool>true</Bool>
					</property>
					<property>
						g_enableAO
						<Bool>true</Bool>
					</property>
					<property>
						metallicGlossMap
						<Texture>content/Hangars/h01_victory_day_2023/Characters/other/h01_vd_01_bunch_flowers_GMM.dds</Texture>
					</property>
					<property>
						normalMap
						<Texture>content/Hangars/h01_victory_day_2023/Characters/other/h01_vd_01_bunch_flowers_ANM.dds</Texture>
					</property>
				</material>
				<groupOrigin>0.000031 0.081201 0.012248</groupOrigin>
			</primitiveGroup>
		</geometry>
	</renderSet>
	<constraints/>
	<boundingBox>
		<min>-0.371768 -0.153464 -0.166692</min>
		<max>0.371768 1.676199 0.204040</max>
	</boundingBox>
	<geometrySize>289004</geometrySize>
	<minUVDensity>0.211051</minUVDensity>
</root>
