<?xml version="1.0" encoding="utf-8"?>
<root>
	<node>
		<identifier>Scene Root</identifier>
		<transform>
			<row0>1.000000 0.000000 0.000000</row0>
			<row1>0.000000 1.000000 0.000000</row1>
			<row2>0.000000 0.000000 1.000000</row2>
			<row3>0.000000 0.000000 0.000000</row3>
		</transform>
		<node>
			<identifier>Hull_main_jt</identifier>
			<transform>
				<row0>1.000000 0.000000 0.000000</row0>
				<row1>0.000000 1.000000 0.000000</row1>
				<row2>0.000000 0.000000 1.000000</row2>
				<row3>0.016800 0.998058 -0.058124</row3>
			</transform>
			<node>
				<identifier>L_SunBattery_01_00</identifier>
				<transform>
					<row0>-0.877875 0.478818 0.008550</row0>
					<row1>0.478771 0.877913 -0.006558</row1>
					<row2>-0.010647 -0.001664 -0.999942</row2>
					<row3>-1.093156 0.212927 1.908809</row3>
				</transform>
				<node>
					<identifier>L_SunBattery_01_01</identifier>
					<transform>
						<row0>-0.916391 0.400165 -0.009739</row0>
						<row1>0.400160 0.916442 0.002509</row1>
						<row2>0.009929 -0.001598 -0.999949</row2>
						<row3>0.264713 -0.000000 0.000000</row3>
					</transform>
					<node>
						<identifier>L_SunBattery_01_01_BlendBone</identifier>
						<transform>
							<row0>0.996168 0.087448 0.001164</row0>
							<row1>-0.087453 0.996156 0.005015</row1>
							<row2>0.000721 0.005098 -0.999987</row2>
							<row3>1.422051 -1.208692 -1.858109</row3>
						</transform>
					</node>
				</node>
				<node>
					<identifier>L_SunBattery_01_00_BlendBone</identifier>
					<transform>
						<row0>-0.877875 0.478771 -0.010647</row0>
						<row1>0.478813 0.877915 -0.001664</row1>
						<row2>-0.008550 0.006558 0.999942</row2>
						<row3>-1.540562 -0.535672 1.841133</row3>
					</transform>
				</node>
			</node>
			<node>
				<identifier>L_SunBattery_02_00</identifier>
				<transform>
					<row0>1.000000 -0.000006 0.000000</row0>
					<row1>0.000000 1.000000 0.000000</row1>
					<row2>0.000000 -0.000000 1.000000</row2>
					<row3>-1.093156 0.215506 -0.025098</row3>
				</transform>
				<node>
					<identifier>L_SunBattery_02_01</identifier>
					<transform>
						<row0>0.999990 0.004507 0.000000</row0>
						<row1>-0.004507 0.999990 -0.000000</row1>
						<row2>0.000000 0.000000 1.000000</row2>
						<row3>-0.232385 0.124169 0.001091</row3>
					</transform>
					<node>
						<identifier>L_SunBattery_02_02</identifier>
						<transform>
							<row0>0.999817 0.019114 0.000000</row0>
							<row1>-0.019114 0.999817 -0.000000</row1>
							<row2>0.000000 0.000000 1.000000</row2>
							<row3>-0.162640 -1.028721 0.000000</row3>
						</transform>
						<node>
							<identifier>L_SunBattery_02_02_BlendBone</identifier>
							<transform>
								<row0>0.999721 -0.023620 0.000000</row0>
								<row1>0.023620 0.999721 0.000000</row1>
								<row2>0.000000 0.000000 -1.000000</row2>
								<row3>1.459053 -0.342841 0.082131</row3>
							</transform>
						</node>
					</node>
					<node>
						<identifier>L_SunBattery_02_01_BlendBone</identifier>
						<transform>
							<row0>0.999990 -0.004507 0.000000</row0>
							<row1>0.004507 0.999990 0.000000</row1>
							<row2>0.000000 0.000000 -1.000000</row2>
							<row3>1.302699 -1.343611 0.082131</row3>
						</transform>
					</node>
				</node>
				<node>
					<identifier>L_SunBattery_02_00_BlendBone</identifier>
					<transform>
						<row0>1.000000 0.000000 0.000000</row0>
						<row1>-0.000000 1.000000 -0.000000</row1>
						<row2>0.000000 -0.000000 -1.000000</row2>
						<row3>1.076356 -1.213558 0.083222</row3>
					</transform>
				</node>
			</node>
			<node>
				<identifier>L_SunBattery_03_00</identifier>
				<transform>
					<row0>1.000000 -0.000006 0.000000</row0>
					<row1>0.000000 1.000000 0.000000</row1>
					<row2>0.000000 -0.000000 1.000000</row2>
					<row3>-1.093156 0.215506 -1.963575</row3>
				</transform>
				<node>
					<identifier>L_SunBattery_03_01</identifier>
					<transform>
						<row0>0.999592 0.028557 0.000052</row0>
						<row1>-0.028557 0.999586 0.003650</row1>
						<row2>0.000052 -0.003650 0.999993</row2>
						<row3>-0.232904 0.120733 -0.005744</row3>
					</transform>
					<node>
						<identifier>L_SunBattery_03_02</identifier>
						<transform>
							<row0>0.998545 -0.053923 0.000692</row0>
							<row1>0.053923 0.998215 -0.025651</row1>
							<row2>0.000692 0.025651 0.999671</row2>
							<row3>-0.162121 -1.025286 0.000443</row3>
						</transform>
						<node>
							<identifier>L_SunBattery_03_03</identifier>
							<transform>
								<row0>0.999400 0.034640 0.000286</row0>
								<row1>-0.034640 0.999264 0.016478</row1>
								<row2>0.000286 -0.016478 0.999864</row2>
								<row3>-0.072922 0.977045 0.000000</row3>
							</transform>
							<node>
								<identifier>L_SunBattery_03_03_BlendBone</identifier>
								<transform>
									<row0>0.999957 -0.009254 -0.000122</row0>
									<row1>0.009255 0.999942 0.005533</row1>
									<row2>-0.000070 0.005534 -0.999985</row2>
									<row3>1.478329 -1.308216 2.044978</row3>
								</transform>
							</node>
						</node>
						<node>
							<identifier>L_SunBattery_03_02_BlendBone</identifier>
							<transform>
								<row0>0.999678 0.025393 0.000012</row0>
								<row1>-0.025387 0.999435 0.022012</row1>
								<row2>-0.000547 0.022005 -0.999758</row2>
								<row3>1.450420 -0.312696 2.023566</row3>
							</transform>
						</node>
					</node>
					<node>
						<identifier>L_SunBattery_03_01_BlendBone</identifier>
						<transform>
							<row0>0.999592 -0.028557 0.000052</row0>
							<row1>0.028557 0.999586 -0.003650</row1>
							<row2>-0.000052 -0.003650 -0.999993</row2>
							<row3>1.270728 -1.363728 2.032368</row3>
						</transform>
					</node>
				</node>
				<node>
					<identifier>L_SunBattery_03_00_BlendBone</identifier>
					<transform>
						<row0>1.000000 0.000000 0.000000</row0>
						<row1>-0.000000 1.000000 -0.000000</row1>
						<row2>0.000000 -0.000000 -1.000000</row2>
						<row3>1.076356 -1.213558 2.021699</row3>
					</transform>
				</node>
			</node>
			<node>
				<identifier>R_SunBattery_01_00</identifier>
				<transform>
					<row0>-0.877875 -0.478808 -0.008550</row0>
					<row1>0.478780 -0.877919 0.005686</row1>
					<row2>-0.010229 0.000898 0.999947</row2>
					<row3>1.070340 0.212915 1.908814</row3>
				</transform>
				<node>
					<identifier>R_SunBattery_01_01</identifier>
					<transform>
						<row0>-0.917599 0.397388 -0.009739</row0>
						<row1>0.397378 0.917650 0.003008</row1>
						<row2>0.010132 -0.001110 -0.999948</row2>
						<row3>-0.264709 -0.000004 -0.000004</row3>
					</transform>
					<node>
						<identifier>R_SunBattery_01_01_BlendBone</identifier>
						<transform>
							<row0>0.995899 0.090473 0.000802</row0>
							<row1>0.090476 -0.995887 -0.004775</row1>
							<row2>-0.000367 -0.004828 0.999988</row2>
							<row3>-1.435820 1.203901 1.858258</row3>
						</transform>
					</node>
				</node>
				<node>
					<identifier>R_SunBattery_01_00_BlendBone</identifier>
					<transform>
						<row0>-0.877875 0.478780 -0.010229</row0>
						<row1>-0.478813 -0.877917 0.000898</row1>
						<row2>0.008550 -0.005686 -0.999947</row2>
						<row3>1.550030 0.532115 -1.840559</row3>
					</transform>
				</node>
			</node>
			<node>
				<identifier>R_SunBattery_02_00</identifier>
				<transform>
					<row0>1.000000 -0.000006 0.000000</row0>
					<row1>0.000000 -1.000000 -0.000000</row1>
					<row2>-0.000000 0.000000 -1.000000</row2>
					<row3>1.070340 0.215496 -0.025098</row3>
				</transform>
				<node>
					<identifier>R_SunBattery_02_01</identifier>
					<transform>
						<row0>1.000000 0.000977 0.000000</row0>
						<row1>-0.000977 1.000000 -0.000000</row1>
						<row2>-0.000000 0.000000 1.000000</row2>
						<row3>0.232380 -0.124170 -0.001091</row3>
					</transform>
					<node>
						<identifier>R_SunBattery_02_02</identifier>
						<transform>
							<row0>0.999960 -0.008946 0.000000</row0>
							<row1>0.008946 0.999960 -0.000000</row1>
							<row2>-0.000000 0.000000 1.000000</row2>
							<row3>0.162640 1.028724 0.000000</row3>
						</transform>
						<node>
							<identifier>R_SunBattery_02_02_BlendBone</identifier>
							<transform>
								<row0>0.999968 0.007969 -0.000000</row0>
								<row1>0.007969 -0.999968 -0.000000</row1>
								<row2>0.000000 -0.000000 1.000000</row2>
								<row3>-1.483570 0.297035 -0.082131</row3>
							</transform>
						</node>
					</node>
					<node>
						<identifier>R_SunBattery_02_01_BlendBone</identifier>
						<transform>
							<row0>1.000000 -0.000977 -0.000000</row0>
							<row1>-0.000977 -1.000000 -0.000000</row1>
							<row2>0.000000 -0.000000 1.000000</row2>
							<row3>-1.318213 1.339018 -0.082131</row3>
						</transform>
					</node>
				</node>
				<node>
					<identifier>R_SunBattery_02_00_BlendBone</identifier>
					<transform>
						<row0>1.000000 0.000000 -0.000000</row0>
						<row1>0.000000 -1.000000 0.000000</row1>
						<row2>0.000000 0.000000 1.000000</row2>
						<row3>-1.087140 1.213560 -0.083222</row3>
					</transform>
				</node>
			</node>
			<node>
				<identifier>R_SunBattery_03_00</identifier>
				<transform>
					<row0>1.000000 -0.000006 0.000000</row0>
					<row1>0.000000 -1.000000 0.000000</row1>
					<row2>0.000000 -0.000000 -1.000000</row2>
					<row3>1.070340 0.215496 -1.963576</row3>
				</transform>
				<node>
					<identifier>R_SunBattery_03_01</identifier>
					<transform>
						<row0>0.999901 0.014037 0.000013</row0>
						<row1>-0.014037 0.999900 0.001794</row1>
						<row2>0.000013 -0.001794 0.999998</row2>
						<row3>0.232900 -0.120730 0.005740</row3>
					</transform>
					<node>
						<identifier>R_SunBattery_03_02</identifier>
						<transform>
							<row0>0.999908 -0.013571 0.000044</row0>
							<row1>0.013571 0.999887 -0.006456</row1>
							<row2>0.000044 0.006456 0.999979</row2>
							<row3>0.162120 1.025284 -0.000440</row3>
						</transform>
						<node>
							<identifier>R_SunBattery_03_03</identifier>
							<transform>
								<row0>0.999893 0.014658 0.000051</row0>
								<row1>-0.014658 0.999868 0.006973</row1>
								<row2>0.000051 -0.006973 0.999976</row2>
								<row3>0.072920 -0.977044 0.000000</row3>
							</transform>
							<node>
								<identifier>R_SunBattery_03_03_BlendBone</identifier>
								<transform>
									<row0>0.999886 -0.015124 0.000020</row0>
									<row1>-0.015124 -0.999883 0.002311</row1>
									<row2>0.000015 0.002311 0.999997</row2>
									<row3>-1.521565 1.302290 -2.036391</row3>
								</transform>
							</node>
						</node>
						<node>
							<identifier>R_SunBattery_03_02_BlendBone</identifier>
							<transform>
								<row0>1.000000 -0.000466 -0.000034</row0>
								<row1>-0.000466 -0.999989 -0.004662</row1>
								<row2>0.000032 -0.004662 0.999989</row2>
								<row3>-1.467674 0.316971 -2.027339</row3>
							</transform>
						</node>
					</node>
					<node>
						<identifier>R_SunBattery_03_01_BlendBone</identifier>
						<transform>
							<row0>0.999901 -0.014037 0.000013</row0>
							<row1>-0.014037 -0.999900 0.001794</row1>
							<row2>0.000013 0.001794 0.999998</row2>
							<row3>-1.301206 1.349049 -2.029847</row3>
						</transform>
					</node>
				</node>
				<node>
					<identifier>R_SunBattery_03_00_BlendBone</identifier>
					<transform>
						<row0>1.000000 0.000000 0.000000</row0>
						<row1>0.000000 -1.000000 -0.000000</row1>
						<row2>-0.000000 -0.000000 1.000000</row2>
						<row3>-1.087140 1.213560 -2.021700</row3>
					</transform>
				</node>
			</node>
			<node>
				<identifier>Hull_main_jt_BlendBone</identifier>
				<transform>
					<row0>1.000000 0.000000 0.000000</row0>
					<row1>0.000000 1.000000 0.000000</row1>
					<row2>0.000000 0.000000 -1.000000</row2>
					<row3>-0.016800 -0.998058 0.058124</row3>
				</transform>
			</node>
		</node>
	</node>
	<renderSet>
		<treatAsWorldSpaceObject>true</treatAsWorldSpaceObject>
		<node>L_SunBattery_03_02_BlendBone</node>
		<node>L_SunBattery_03_03_BlendBone</node>
		<node>L_SunBattery_02_02_BlendBone</node>
		<node>L_SunBattery_02_01_BlendBone</node>
		<node>L_SunBattery_01_01_BlendBone</node>
		<node>L_SunBattery_03_01_BlendBone</node>
		<node>R_SunBattery_01_01_BlendBone</node>
		<node>R_SunBattery_03_02_BlendBone</node>
		<node>R_SunBattery_03_03_BlendBone</node>
		<node>R_SunBattery_03_01_BlendBone</node>
		<node>R_SunBattery_02_02_BlendBone</node>
		<node>R_SunBattery_02_01_BlendBone</node>
		<node>R_SunBattery_03_00_BlendBone</node>
		<node>Hull_main_jt_BlendBone</node>
		<node>R_SunBattery_02_00_BlendBone</node>
		<node>R_SunBattery_01_00_BlendBone</node>
		<node>L_SunBattery_03_00_BlendBone</node>
		<node>L_SunBattery_02_00_BlendBone</node>
		<node>L_SunBattery_01_00_BlendBone</node>
		<geometry>
			<vertices>hull_animationShape.vertices</vertices>
			<primitive>hull_animationShape.indices</primitive>
			<primitiveGroup>
				0
				<material>
					<identifier>tank_hull_equipment_skinned</identifier>
					<fx>shaders/std_effects/PBS_tank_skinned.fx</fx>
					<collisionFlags>0</collisionFlags>
					<materialKind>0</materialKind>
					<property>
						colorIdMap
						<Texture>vehicles/chinese/Ch29_Type_62C_prot/Type_62C_prot_guns_ID.dds</Texture>
					</property>
					<property>
						diffuseMap
						<Texture>vehicles/chinese/Ch29_Type_62C_prot/_skin/Ch29_Type_62C_prot_3dst_BP_MT/Type_62C_prot_3dst_BP_MT_equipment_01_AM.dds</Texture>
					</property>
					<property>
						excludeMaskAndAOMap
						<Texture>vehicles/chinese/Ch29_Type_62C_prot/_skin/Ch29_Type_62C_prot_3dst_BP_MT/Type_62C_prot_3dst_BP_MT_equipment_01_AO.dds</Texture>
					</property>
					<property>
						g_detailUVTiling
						<Vector4>3.506850 3.506850 0.000000 0.000000</Vector4>
					</property>
					<property>
						g_useDetailMetallic
						<Bool>true</Bool>
					</property>
					<property>
						metallicDetailMap
						<Texture>vehicles/russian/Tank_detail/BP12_details_map.dds</Texture>
					</property>
					<property>
						metallicGlossMap
						<Texture>vehicles/chinese/Ch29_Type_62C_prot/_skin/Ch29_Type_62C_prot_3dst_BP_MT/Type_62C_prot_3dst_BP_MT_equipment_01_GMM.dds</Texture>
					</property>
					<property>
						normalMap
						<Texture>vehicles/chinese/Ch29_Type_62C_prot/_skin/Ch29_Type_62C_prot_3dst_BP_MT/Type_62C_prot_3dst_BP_MT_equipment_01_ANM.dds</Texture>
					</property>
				</material>
				<groupOrigin>0.006025 0.793849 0.067188</groupOrigin>
			</primitiveGroup>
			<primitiveGroup>
				1
				<material>
					<identifier>tank_hull_01_skinned</identifier>
					<fx>shaders/std_effects/PBS_tank_skinned.fx</fx>
					<collisionFlags>0</collisionFlags>
					<materialKind>0</materialKind>
					<property>
						colorIdMap
						<Texture>vehicles/chinese/Ch29_Type_62C_prot/Type_62C_prot_guns_ID.dds</Texture>
					</property>
					<property>
						diffuseMap
						<Texture>vehicles/chinese/Ch29_Type_62C_prot/_skin/Ch29_Type_62C_prot_3dst_BP_MT/Type_62C_prot_3dst_BP_MT_hull_01_AM.dds</Texture>
					</property>
					<property>
						excludeMaskAndAOMap
						<Texture>vehicles/chinese/Ch29_Type_62C_prot/_skin/Ch29_Type_62C_prot_3dst_BP_MT/Type_62C_prot_3dst_BP_MT_hull_01_AO.dds</Texture>
					</property>
					<property>
						g_detailUVTiling
						<Vector4>3.506850 3.506850 0.000000 0.000000</Vector4>
					</property>
					<property>
						g_useDetailMetallic
						<Bool>true</Bool>
					</property>
					<property>
						metallicDetailMap
						<Texture>vehicles/russian/Tank_detail/BP12_details_map.dds</Texture>
					</property>
					<property>
						metallicGlossMap
						<Texture>vehicles/chinese/Ch29_Type_62C_prot/_skin/Ch29_Type_62C_prot_3dst_BP_MT/Type_62C_prot_3dst_BP_MT_hull_01_GMM.dds</Texture>
					</property>
					<property>
						normalMap
						<Texture>vehicles/chinese/Ch29_Type_62C_prot/_skin/Ch29_Type_62C_prot_3dst_BP_MT/Type_62C_prot_3dst_BP_MT_hull_01_ANM.dds</Texture>
					</property>
				</material>
				<groupOrigin>0.006028 0.829977 0.052462</groupOrigin>
			</primitiveGroup>
		</geometry>
	</renderSet>
	<constraints/>
	<boundingBox>
		<min>-1.643215 0.279891 -2.444481</min>
		<max>1.655273 1.380063 2.339558</max>
	</boundingBox>
	<geometrySize>1020832</geometrySize>
	<minUVDensity>0.008103</minUVDensity>
</root>
