<?xml version="1.0" encoding="utf-8"?>
<root>
	<node>
		<identifier>Scene Root</identifier>
		<transform>
			<row0>1.000000 0.000000 0.000000</row0>
			<row1>0.000000 1.000000 0.000000</row1>
			<row2>0.000000 0.000000 1.000000</row2>
			<row3>0.000000 0.000000 0.000000</row3>
		</transform>
		<node>
			<identifier>nodes_01</identifier>
			<transform>
				<row0>1.000000 0.000000 0.000000</row0>
				<row1>0.000000 1.000000 0.000000</row1>
				<row2>0.000000 0.000000 1.000000</row2>
				<row3>0.000000 0.000000 0.000000</row3>
			</transform>
			<node>
				<identifier>HP_gunJoint</identifier>
				<transform>
					<row0>1.000000 0.000000 0.000000</row0>
					<row1>0.000000 1.000000 0.000000</row1>
					<row2>0.000000 0.000000 1.000000</row2>
					<row3>-0.000020 0.620189 2.670037</row3>
				</transform>
			</node>
		</node>
		<node>
			<node>
				<identifier>HP_wp_03</identifier>
				<transform>
					<row0>0.766044 0.642787 0.000000</row0>
					<row1>-0.642787 0.766043 0.000000</row1>
					<row2>0.000000 0.000000 0.999999</row2>
					<row3>3.768127 0.577108 -0.216325</row3>
				</transform>
			</node>
			<node>
				<identifier>HP_wp_04</identifier>
				<transform>
					<row0>0.649642 0.642787 0.405941</row0>
					<row1>-0.545114 0.766044 -0.340625</row1>
					<row2>-0.529919 0.000000 0.848047</row2>
					<row3>2.806370 0.615515 2.810920</row3>
				</transform>
			</node>
			<node>
				<identifier>HP_wp_06</identifier>
				<transform>
					<row0>0.000000 0.500000 -0.866025</row0>
					<row1>0.000000 0.866024 0.499999</row1>
					<row2>0.999999 -0.000000 0.000000</row2>
					<row3>-1.172230 0.963477 -5.241849</row3>
				</transform>
			</node>
			<node>
				<identifier>HP_wp_07</identifier>
				<transform>
					<row0>0.000000 0.499999 -0.866025</row0>
					<row1>-0.000000 0.866025 0.500000</row1>
					<row2>0.999999 -0.000000 0.000000</row2>
					<row3>1.131533 0.963477 -5.241851</row3>
				</transform>
			</node>
			<node>
				<identifier>HP_wp_10</identifier>
				<transform>
					<row0>-0.649642 0.642787 0.405941</row0>
					<row1>0.545114 0.766043 -0.340625</row1>
					<row2>-0.529918 0.000000 -0.848046</row2>
					<row3>-2.808292 0.615094 2.835209</row3>
				</transform>
			</node>
			<node>
				<identifier>HP_wp_11</identifier>
				<transform>
					<row0>-0.707105 0.707105 0.000000</row0>
					<row1>0.707106 0.707106 -0.000000</row1>
					<row2>-0.000000 0.000000 -0.999997</row2>
					<row3>-3.769761 0.615515 -0.194313</row3>
				</transform>
			</node>
			<node>
				<identifier>HP_wp_13</identifier>
				<transform>
					<row0>0.951055 0.309017 0.000000</row0>
					<row1>-0.309017 0.951055 0.000000</row1>
					<row2>0.000000 0.000000 0.999999</row2>
					<row3>3.095010 2.111000 0.099461</row3>
				</transform>
			</node>
			<node>
				<identifier>HP_wp_14</identifier>
				<transform>
					<row0>-0.000000 0.309017 -0.951056</row0>
					<row1>0.000000 0.951056 0.309017</row1>
					<row2>0.999999 0.000000 -0.000000</row2>
					<row3>1.650000 2.111001 -1.265416</row3>
				</transform>
			</node>
			<node>
				<identifier>HP_wp_15</identifier>
				<transform>
					<row0>-0.951054 0.309016 0.000000</row0>
					<row1>0.309017 0.951056 -0.000000</row1>
					<row2>-0.000000 -0.000000 -0.999998</row2>
					<row3>0.135110 2.111001 0.099461</row3>
				</transform>
			</node>
			<node>
				<identifier>HP_light3</identifier>
				<transform>
					<row0>-0.173648 0.000000 0.984808</row0>
					<row1>0.000000 1.000000 0.000000</row1>
					<row2>-0.984807 0.000000 -0.173648</row2>
					<row3>-1.700230 1.721420 0.583404</row3>
				</transform>
			</node>
			<node>
				<identifier>HP_light4</identifier>
				<transform>
					<row0>-0.836516 0.258819 0.482963</row0>
					<row1>0.224144 0.965926 -0.129410</row1>
					<row2>-0.499999 -0.000000 -0.866024</row2>
					<row3>-1.801927 2.112156 -2.320772</row3>
				</transform>
			</node>
		</node>
	</node>
	<renderSet>
		<treatAsWorldSpaceObject>false</treatAsWorldSpaceObject>
		<node>Scene Root</node>
		<geometry>
			<vertices>vertices</vertices>
			<primitive>indices</primitive>
			<primitiveGroup>
				0
				<material>
					<identifier>tank_turret_01</identifier>
					<collisionFlags>0</collisionFlags>
					<materialKind>0</materialKind>
					<fx>shaders/std_effects/PBS_tank.fx</fx>
					<property>
						diffuseMap
						<Texture>halloween/vehicles/russian/R205_Rozanov_Boss_HW23/Rozanov_Boss_HW23_turret_01_AM.dds</Texture>
					</property>
					<property>
						excludeMaskAndAOMap
						<Texture>halloween/vehicles/russian/R205_Rozanov_Boss_HW23/Rozanov_Boss_HW23_turret_01_AO.dds</Texture>
					</property>
					<property>
						g_detailUVTiling
						<Vector4>7.013699 3.506849 0.000000 0.000000</Vector4>
					</property>
					<property>
						g_useDetailMetallic
						<Bool>true</Bool>
					</property>
					<property>
						metallicDetailMap
						<Texture>vehicles/russian/Tank_detail/Details_map.dds</Texture>
					</property>
					<property>
						metallicGlossMap
						<Texture>halloween/vehicles/russian/R205_Rozanov_Boss_HW23/Rozanov_Boss_HW23_turret_01_GMM.dds</Texture>
					</property>
					<property>
						normalMap
						<Texture>halloween/vehicles/russian/R205_Rozanov_Boss_HW23/Rozanov_Boss_HW23_turret_01_ANM.dds</Texture>
					</property>
				</material>
				<groupOrigin>-0.015429 2.100891 -0.271567</groupOrigin>
			</primitiveGroup>
			<primitiveGroup>
				1
				<material>
					<identifier>tank_equipment</identifier>
					<collisionFlags>0</collisionFlags>
					<materialKind>0</materialKind>
					<fx>shaders/std_effects/PBS_tank.fx</fx>
					<property>
						diffuseMap
						<Texture>halloween/vehicles/russian/R205_Rozanov_Boss_HW23/Rozanov_Boss_HW23_hull_01_2_AM.dds</Texture>
					</property>
					<property>
						excludeMaskAndAOMap
						<Texture>halloween/vehicles/russian/R205_Rozanov_Boss_HW23/Rozanov_Boss_HW23_hull_01_2_AO.dds</Texture>
					</property>
					<property>
						g_detailUVTiling
						<Vector4>0.876712 0.876712 0.000000 0.000000</Vector4>
					</property>
					<property>
						g_useDetailMetallic
						<Bool>true</Bool>
					</property>
					<property>
						metallicDetailMap
						<Texture>vehicles/russian/Tank_detail/Details_map.dds</Texture>
					</property>
					<property>
						metallicGlossMap
						<Texture>halloween/vehicles/russian/R205_Rozanov_Boss_HW23/Rozanov_Boss_HW23_hull_01_2_GMM.dds</Texture>
					</property>
					<property>
						normalMap
						<Texture>halloween/vehicles/russian/R205_Rozanov_Boss_HW23/Rozanov_Boss_HW23_hull_01_2_ANM.dds</Texture>
					</property>
				</material>
				<groupOrigin>-0.331662 1.897625 0.451759</groupOrigin>
			</primitiveGroup>
		</geometry>
	</renderSet>
	<boundingBox>
		<min>-4.205868 0.000002 -6.568386</min>
		<max>4.175011 4.201779 6.025251</max>
	</boundingBox>
	<geometrySize>812312</geometrySize>
	<minUVDensity>0.000881</minUVDensity>
</root>
