<?xml version="1.0" encoding="utf-8"?>
<root>
	<node>
		<identifier>Scene Root</identifier>
		<transform>
			<row0>1.000000 0.000000 0.000000</row0>
			<row1>0.000000 1.000000 0.000000</row1>
			<row2>0.000000 0.000000 1.000000</row2>
			<row3>0.000000 0.000000 0.000000</row3>
		</transform>
		<node>
			<identifier>nodes_01</identifier>
			<transform>
				<row0>1.000000 0.000000 0.000000</row0>
				<row1>0.000000 1.000000 0.000000</row1>
				<row2>0.000000 0.000000 1.000000</row2>
				<row3>0.000000 0.000000 0.000000</row3>
			</transform>
			<node>
				<identifier>HP_Fire_1</identifier>
				<transform>
					<row0>1.000000 0.000000 0.000000</row0>
					<row1>0.000000 1.000000 0.000000</row1>
					<row2>0.000000 0.000000 1.000000</row2>
					<row3>0.616053 -0.097896 -2.152930</row3>
				</transform>
			</node>
			<node>
				<identifier>HP_Fire_2</identifier>
				<transform>
					<row0>1.000000 0.000000 0.000000</row0>
					<row1>0.000000 1.000000 0.000000</row1>
					<row2>0.000000 0.000000 1.000000</row2>
					<row3>0.000000 -0.244683 2.096925</row3>
				</transform>
			</node>
			<node>
				<identifier>HP_TrackUp_LFront</identifier>
				<transform>
					<row0>1.000000 0.000000 0.000000</row0>
					<row1>0.000000 0.582648 0.812725</row1>
					<row2>0.000000 -0.812725 0.582648</row2>
					<row3>-1.465432 -0.016628 3.161924</row3>
				</transform>
			</node>
			<node>
				<identifier>HP_TrackUp_LRear</identifier>
				<transform>
					<row0>-1.000000 0.000000 0.000000</row0>
					<row1>0.000000 0.675823 -0.737064</row1>
					<row2>-0.000000 -0.737064 -0.675823</row2>
					<row3>-1.465432 0.090235 -3.152240</row3>
				</transform>
			</node>
			<node>
				<identifier>HP_TrackUp_RFront</identifier>
				<transform>
					<row0>1.000000 0.000000 0.000000</row0>
					<row1>0.000000 0.582648 0.812725</row1>
					<row2>0.000000 -0.812725 0.582648</row2>
					<row3>1.465432 -0.016657 3.161876</row3>
				</transform>
			</node>
			<node>
				<identifier>HP_TrackUp_RRear</identifier>
				<transform>
					<row0>-1.000000 0.000000 0.000000</row0>
					<row1>0.000000 0.675823 -0.737064</row1>
					<row2>-0.000000 -0.737064 -0.675823</row2>
					<row3>1.465432 0.089387 -3.148292</row3>
				</transform>
			</node>
			<node>
				<identifier>HP_Track_Exhaus_1</identifier>
				<transform>
					<row0>0.000000 -1.000000 0.000000</row0>
					<row1>-0.707107 0.000000 0.707107</row1>
					<row2>-0.707107 -0.000000 -0.707107</row2>
					<row3>-0.167811 0.483537 -2.096884</row3>
				</transform>
			</node>
			<node>
				<identifier>HP_Track_Exhaus_2</identifier>
				<transform>
					<row0>0.000000 -1.000000 0.000000</row0>
					<row1>-0.707107 0.000000 -0.707107</row1>
					<row2>0.707107 0.000000 -0.707107</row2>
					<row3>0.167811 0.483537 -2.096884</row3>
				</transform>
			</node>
			<node>
				<identifier>HP_turretJoint</identifier>
				<transform>
					<row0>1.000000 0.000000 0.000000</row0>
					<row1>0.000000 1.000000 0.000000</row1>
					<row2>0.000000 0.000000 1.000000</row2>
					<row3>-0.000900 0.454826 0.589870</row3>
				</transform>
			</node>
		</node>
	</node>
	<renderSet>
		<treatAsWorldSpaceObject>false</treatAsWorldSpaceObject>
		<node>Scene Root</node>
		<geometry>
			<vertices>vertices</vertices>
			<primitive>indices</primitive>
			<primitiveGroup>
				0
				<material>
					<identifier>tank_hull_02</identifier>
					<property>
						selfIllumination
						<Float>0.000000</Float>
					</property>
					<collisionFlags>0</collisionFlags>
					<materialKind>0</materialKind>
					<fx>shaders/std_effects/PBS_tank.fx</fx>
					<property>
						metallicGlossMap
						<Texture>vehicles/american/3Dst_shared_textures/TIR_equipment_01_GMM.dds</Texture>
					</property>
					<property>
						normalMap
						<Texture>vehicles/american/3Dst_shared_textures/TIR_equipment_01_ANM.dds</Texture>
					</property>
					<property>
						diffuseMap
						<Texture>vehicles/american/3Dst_shared_textures/TIR_equipment_01_AM.dds</Texture>
					</property>
					<property>
						excludeMaskAndAOMap
						<Texture>vehicles/american/3Dst_shared_textures/TIR_equipment_01_AO.dds</Texture>
					</property>
					<property>
						g_useDetailMetallic
						<Bool>true</Bool>
					</property>
					<property>
						metallicDetailMap
						<Texture>vehicles/russian/Tank_detail/Details_map.dds</Texture>
					</property>
					<property>
						g_detailUVTiling
						<Vector4>7.013699 3.506849 0.000000 0.000000</Vector4>
					</property>
					<property>
						alphaReference
						<Int>64</Int>
					</property>
					<property>
						alphaTestEnable
						<Bool>true</Bool>
					</property>
				</material>
				<groupOrigin>0.012984 0.013300 -0.130543</groupOrigin>
			</primitiveGroup>
			<primitiveGroup>
				1
				<material>
					<identifier>tank_hull_01</identifier>
					<property>
						selfIllumination
						<Float>0.000000</Float>
					</property>
					<collisionFlags>0</collisionFlags>
					<materialKind>0</materialKind>
					<fx>shaders/std_effects/PBS_tank.fx</fx>
					<property>
						metallicGlossMap
						<Texture>vehicles/american/A89_T54E1/_skins/A89_T54E1_3DSt_TIR/T54E1_3DSt_TIR_hull_01_GMM.dds</Texture>
					</property>
					<property>
						normalMap
						<Texture>vehicles/american/A89_T54E1/_skins/A89_T54E1_3DSt_TIR/T54E1_3DSt_TIR_hull_01_ANM.dds</Texture>
					</property>
					<property>
						diffuseMap
						<Texture>vehicles/american/A89_T54E1/_skins/A89_T54E1_3DSt_TIR/T54E1_3DSt_TIR_hull_01_AM.dds</Texture>
					</property>
					<property>
						excludeMaskAndAOMap
						<Texture>vehicles/american/A89_T54E1/_skins/A89_T54E1_3DSt_TIR/T54E1_3DSt_TIR_hull_01_AO.dds</Texture>
					</property>
					<property>
						g_useDetailMetallic
						<Bool>true</Bool>
					</property>
					<property>
						metallicDetailMap
						<Texture>vehicles/russian/Tank_detail/Details_map.dds</Texture>
					</property>
					<property>
						g_detailUVTiling
						<Vector4>7.013699 7.013699 0.000000 0.000000</Vector4>
					</property>
				</material>
				<groupOrigin>0.035617 -0.170252 0.026827</groupOrigin>
			</primitiveGroup>
			<primitiveGroup>
				2
				<material>
					<identifier>tank_hull_03</identifier>
					<property>
						selfIllumination
						<Float>0.000000</Float>
					</property>
					<collisionFlags>0</collisionFlags>
					<materialKind>0</materialKind>
					<fx>shaders/std_effects/PBS_tank.fx</fx>
					<property>
						metallicGlossMap
						<Texture>vehicles/american/3Dst_shared_textures/TIR_equipment_02_GMM.dds</Texture>
					</property>
					<property>
						normalMap
						<Texture>vehicles/american/3Dst_shared_textures/TIR_equipment_02_ANM.dds</Texture>
					</property>
					<property>
						diffuseMap
						<Texture>vehicles/american/3Dst_shared_textures/TIR_equipment_02_AM.dds</Texture>
					</property>
					<property>
						excludeMaskAndAOMap
						<Texture>vehicles/american/3Dst_shared_textures/TIR_equipment_02_AO.dds</Texture>
					</property>
					<property>
						g_useDetailMetallic
						<Bool>true</Bool>
					</property>
					<property>
						metallicDetailMap
						<Texture>vehicles/russian/Tank_detail/Details_map.dds</Texture>
					</property>
					<property>
						g_detailUVTiling
						<Vector4>0.876712 0.876712 0.000000 0.000000</Vector4>
					</property>
					<property>
						alphaReference
						<Int>64</Int>
					</property>
					<property>
						alphaTestEnable
						<Bool>true</Bool>
					</property>
				</material>
				<groupOrigin>1.024099 0.354099 2.347512</groupOrigin>
			</primitiveGroup>
		</geometry>
	</renderSet>
	<boundingBox>
		<min>-1.838655 -0.869419 -3.504850</min>
		<max>1.909890 0.528914 3.558505</max>
	</boundingBox>
	<geometrySize>262588</geometrySize>
	<minUVDensity>0.000588</minUVDensity>
</root>
