<?xml version="1.0" encoding="utf-8"?>
<root>
	<node>
		<identifier>Scene Root</identifier>
		<transform>
			<row0>1.000000 0.000000 0.000000</row0>
			<row1>0.000000 1.000000 0.000000</row1>
			<row2>0.000000 0.000000 1.000000</row2>
			<row3>0.000000 0.000000 0.000000</row3>
		</transform>
		<node>
			<identifier>nodes_01</identifier>
			<transform>
				<row0>1.000000 0.000000 0.000000</row0>
				<row1>0.000000 1.000000 0.000000</row1>
				<row2>0.000000 0.000000 1.000000</row2>
				<row3>0.000000 0.000000 0.000000</row3>
			</transform>
			<node>
				<identifier>HP_Fire_1</identifier>
				<transform>
					<row0>1.000000 0.000000 0.000000</row0>
					<row1>0.000000 1.000000 0.000000</row1>
					<row2>0.000000 0.000000 1.000000</row2>
					<row3>0.000000 0.017349 -1.500000</row3>
				</transform>
			</node>
			<node>
				<identifier>HP_Fire_2</identifier>
				<transform>
					<row0>1.000000 0.000000 0.000000</row0>
					<row1>0.000000 1.000000 0.000000</row1>
					<row2>0.000000 0.000000 1.000000</row2>
					<row3>0.000000 0.017349 1.500000</row3>
				</transform>
			</node>
			<node>
				<identifier>HP_TrackUp_LFront</identifier>
				<transform>
					<row0>1.000000 0.000000 0.000000</row0>
					<row1>0.000000 0.978148 0.207912</row1>
					<row2>0.000000 -0.207912 0.978148</row2>
					<row3>-1.407457 0.157308 2.677105</row3>
				</transform>
			</node>
			<node>
				<identifier>HP_TrackUp_LRear</identifier>
				<transform>
					<row0>-1.000000 0.000000 0.000000</row0>
					<row1>0.000000 0.990268 -0.139173</row1>
					<row2>-0.000000 -0.139173 -0.990268</row2>
					<row3>-1.407457 0.056240 -2.644799</row3>
				</transform>
			</node>
			<node>
				<identifier>HP_TrackUp_RFront</identifier>
				<transform>
					<row0>1.000000 0.000000 0.000000</row0>
					<row1>0.000000 0.978148 0.207912</row1>
					<row2>0.000000 -0.207912 0.978148</row2>
					<row3>1.407457 0.157308 2.677105</row3>
				</transform>
			</node>
			<node>
				<identifier>HP_TrackUp_RRear</identifier>
				<transform>
					<row0>-1.000000 0.000000 0.000000</row0>
					<row1>0.000000 0.990268 -0.139173</row1>
					<row2>-0.000000 -0.139173 -0.990268</row2>
					<row3>1.407457 0.056240 -2.644799</row3>
				</transform>
			</node>
			<node>
				<identifier>HP_Track_Exhaus_1</identifier>
				<transform>
					<row0>1.000000 0.000000 0.000000</row0>
					<row1>0.000000 -0.880594 -0.473871</row1>
					<row2>0.000000 0.473871 -0.880594</row2>
					<row3>-0.004059 0.315178 -2.798047</row3>
				</transform>
			</node>
			<node>
				<identifier>HP_turretJoint</identifier>
				<transform>
					<row0>1.000000 0.000000 0.000000</row0>
					<row1>0.000000 1.000000 0.000000</row1>
					<row2>0.000000 0.000000 1.000000</row2>
					<row3>0.000912 0.686011 0.626286</row3>
				</transform>
			</node>
		</node>
	</node>
	<renderSet>
		<treatAsWorldSpaceObject>false</treatAsWorldSpaceObject>
		<node>Scene Root</node>
		<geometry>
			<vertices>vertices</vertices>
			<stream>colour</stream>
			<primitive>indices</primitive>
			<primitiveGroup>
				0
				<material>
					<identifier>tank_hull_01</identifier>
					<fx>shaders/std_effects/PBS_tank.fx</fx>
					<materialKind>0</materialKind>
					<collisionFlags>0</collisionFlags>
					<property>
						diffuseMap
						<Texture>vehicles/american/A72_T25_2_SH/T25_2_SH_hull_01_AM.dds</Texture>
					</property>
					<property>
						excludeMaskAndAOMap
						<Texture>vehicles/american/A72_T25_2_SH/T25_2_SH_hull_01_AO.dds</Texture>
					</property>
					<property>
						metallicGlossMap
						<Texture>vehicles/american/A72_T25_2_SH/T25_2_SH_hull_01_GMM.dds</Texture>
					</property>
					<property>
						normalMap
						<Texture>vehicles/american/A72_T25_2_SH/T25_2_SH_hull_01_ANM.dds</Texture>
					</property>
					<property>
						g_detailUVTiling
						<Vector4>8.416400 8.416400 0.000000 0.000000</Vector4>
					</property>
					<property>
						metallicDetailMap
						<Texture>vehicles/russian/Tank_detail/Details_map.dds</Texture>
					</property>
					<property>
						g_useDetailMetallic
						<Bool>true</Bool>
					</property>
				</material>
				<groupOrigin>-0.007425 0.017349 -0.111257</groupOrigin>
			</primitiveGroup>
			<primitiveGroup>
				1
				<material>
					<identifier>tank_damage_inside</identifier>
					<fx>shaders/std_effects/PBS_tank_damage.fx</fx>
					<materialKind>0</materialKind>
					<collisionFlags>0</collisionFlags>
					<property>
						alphaReference
						<Int>128</Int>
					</property>
					<property>
						alphaTestEnable
						<Bool>true</Bool>
					</property>
					<property>
						diffuseMap
						<Texture>vehicles/german/G24_VK3002DB_SH/SH_damage_AM.dds</Texture>
					</property>
					<property>
						excludeMaskAndAOMap
						<Texture>vehicles/german/G24_VK3002DB_SH/SH_damage_AO.dds</Texture>
					</property>
					<property>
						g_clampThresholdGlowDepthSettings
						<Vector4>1.200000 50.000000 0.050000 0.050000</Vector4>
					</property>
					<property>
						g_detailUVTiling
						<Vector4>1.052050 1.052050 0.000000 0.000000</Vector4>
					</property>
					<property>
						g_useDetailMetallic
						<Bool>true</Bool>
					</property>
					<property>
						metallicDetailMap
						<Texture>vehicles/russian/Tank_detail/Details_map.dds</Texture>
					</property>
					<property>
						metallicGlossMap
						<Texture>vehicles/german/G24_VK3002DB_SH/SH_damage_GMM.dds</Texture>
					</property>
					<property>
						normalMap
						<Texture>vehicles/german/G24_VK3002DB_SH/SH_damage_ANM.dds</Texture>
					</property>
				</material>
				<groupOrigin>-1.417479 0.078995 -0.267504</groupOrigin>
			</primitiveGroup>
		</geometry>
	</renderSet>
	<boundingBox>
		<min>-1.806983 -0.683436 -3.187407</min>
		<max>1.792132 0.718134 2.964893</max>
	</boundingBox>
	<geometrySize>915918</geometrySize>
	<minUVDensity>0.004551</minUVDensity>
</root>
