<?xml version="1.0" encoding="utf-8"?>
<root>
	<node>
		<identifier>Scene Root</identifier>
		<transform>
			<row0>1.000000 0.000000 0.000000</row0>
			<row1>0.000000 1.000000 0.000000</row1>
			<row2>0.000000 0.000000 1.000000</row2>
			<row3>0.000000 0.000000 0.000000</row3>
		</transform>
		<node>
			<identifier>nodes_01</identifier>
			<transform>
				<row0>1.000000 0.000000 0.000000</row0>
				<row1>0.000000 1.000000 0.000000</row1>
				<row2>0.000000 0.000000 1.000000</row2>
				<row3>0.000000 0.000000 0.000000</row3>
			</transform>
			<node>
				<identifier>HP_Fire_1</identifier>
				<transform>
					<row0>1.000000 0.000000 0.000000</row0>
					<row1>0.000000 1.000000 0.000000</row1>
					<row2>0.000000 0.000000 1.000000</row2>
					<row3>-0.562820 0.061516 1.666283</row3>
				</transform>
			</node>
			<node>
				<identifier>HP_Fire_2</identifier>
				<transform>
					<row0>1.000000 0.000000 0.000000</row0>
					<row1>0.000000 1.000000 0.000000</row1>
					<row2>0.000000 0.000000 1.000000</row2>
					<row3>0.125663 0.061516 -2.325142</row3>
				</transform>
			</node>
			<node>
				<identifier>HP_TrackUp_LFront</identifier>
				<transform>
					<row0>1.000000 0.000000 0.000000</row0>
					<row1>0.000000 0.978148 0.207912</row1>
					<row2>0.000000 -0.207912 0.978148</row2>
					<row3>-1.498846 0.133279 3.073226</row3>
				</transform>
			</node>
			<node>
				<identifier>HP_TrackUp_LRear</identifier>
				<transform>
					<row0>-1.000000 0.000000 0.000000</row0>
					<row1>0.000000 0.592785 -0.805360</row1>
					<row2>-0.000000 -0.805360 -0.592785</row2>
					<row3>-1.498846 -0.325750 -3.407263</row3>
				</transform>
			</node>
			<node>
				<identifier>HP_TrackUp_RFront</identifier>
				<transform>
					<row0>1.000000 0.000000 0.000000</row0>
					<row1>0.000000 0.978148 0.207912</row1>
					<row2>0.000000 -0.207912 0.978148</row2>
					<row3>1.498846 0.133279 3.073226</row3>
				</transform>
			</node>
			<node>
				<identifier>HP_TrackUp_RRear</identifier>
				<transform>
					<row0>-1.000000 0.000000 0.000000</row0>
					<row1>0.000000 0.592785 -0.805360</row1>
					<row2>-0.000000 -0.805360 -0.592785</row2>
					<row3>1.498846 -0.325750 -3.407263</row3>
				</transform>
			</node>
			<node>
				<identifier>HP_Track_Exhaus_1</identifier>
				<transform>
					<row0>0.015575 -0.999542 -0.025931</row0>
					<row1>0.003249 -0.025884 0.999660</row1>
					<row2>-0.999873 -0.015654 0.002845</row2>
					<row3>-0.988954 -0.068207 -0.933703</row3>
				</transform>
			</node>
			<node>
				<identifier>HP_Track_Exhaus_2</identifier>
				<transform>
					<row0>-0.013861 0.999903 0.001296</row0>
					<row1>0.000000 -0.001296 0.999999</row1>
					<row2>0.999904 0.013861 0.000018</row2>
					<row3>1.007032 -0.073595 -0.950870</row3>
				</transform>
			</node>
			<node>
				<identifier>HP_turretJoint</identifier>
				<transform>
					<row0>1.000000 0.000000 0.000000</row0>
					<row1>0.000000 1.000000 0.000000</row1>
					<row2>0.000000 0.000000 1.000000</row2>
					<row3>-0.000150 0.662090 -2.087923</row3>
				</transform>
			</node>
			<node>
				<identifier>HP_G134_PzKpfw_VII_3Dst_BPXV_hull</identifier>
				<transform>
					<row0>1.000000 0.000000 0.000000</row0>
					<row1>0.000000 1.000000 0.000000</row1>
					<row2>0.000000 0.000000 1.000000</row2>
					<row3>0.000000 0.000000 0.000000</row3>
				</transform>
			</node>
		</node>
	</node>
	<renderSet>
		<treatAsWorldSpaceObject>false</treatAsWorldSpaceObject>
		<node>Scene Root</node>
		<geometry>
			<vertices>vertices</vertices>
			<primitive>indices</primitive>
			<primitiveGroup>
				0
				<material>
					<identifier>tank_hull_01</identifier>
					<property>
						selfIllumination
						<Float>0.000000</Float>
					</property>
					<collisionFlags>0</collisionFlags>
					<materialKind>0</materialKind>
					<fx>shaders/std_effects/PBS_tank.fx</fx>
					<property>
						metallicGlossMap
						<Texture>vehicles/german/G134_PzKpfw_VII/_skins/G134_PzKpfw_VII_3Dst_BPXV/PzKpfw_VII_3Dst_BPXV_hull_01_GMM.dds</Texture>
					</property>
					<property>
						normalMap
						<Texture>vehicles/german/G134_PzKpfw_VII/_skins/G134_PzKpfw_VII_3Dst_BPXV/PzKpfw_VII_3Dst_BPXV_hull_01_ANM.dds</Texture>
					</property>
					<property>
						diffuseMap
						<Texture>vehicles/german/G134_PzKpfw_VII/_skins/G134_PzKpfw_VII_3Dst_BPXV/PzKpfw_VII_3Dst_BPXV_hull_01_AM.dds</Texture>
					</property>
					<property>
						excludeMaskAndAOMap
						<Texture>vehicles/german/G134_PzKpfw_VII/_skins/G134_PzKpfw_VII_3Dst_BPXV/PzKpfw_VII_3Dst_BPXV_hull_01_AO.dds</Texture>
					</property>
				</material>
				<groupOrigin>0.003612 0.032385 -0.309220</groupOrigin>
			</primitiveGroup>
		</geometry>
	</renderSet>
	<boundingBox>
		<min>-2.074981 -0.848196 -4.101857</min>
		<max>2.082205 0.912966 3.483417</max>
	</boundingBox>
	<geometrySize>54156</geometrySize>
	<minUVDensity>0.001242</minUVDensity>
</root>
