<?xml version="1.0" encoding="utf-8"?>
<root>
	<node>
		<identifier>Scene Root</identifier>
		<transform>
			<row0>1.000000 0.000000 0.000000</row0>
			<row1>0.000000 1.000000 0.000000</row1>
			<row2>0.000000 0.000000 1.000000</row2>
			<row3>0.000000 0.000000 0.000000</row3>
		</transform>
		<node>
			<identifier>Character1_Root</identifier>
			<transform>
				<row0>0.000000 1.000000 0.000000</row0>
				<row1>-1.000000 0.000000 0.000000</row1>
				<row2>0.000000 0.000000 1.000000</row2>
				<row3>-0.032208 0.000000 0.071605</row3>
			</transform>
			<node>
				<identifier>Character1_Hips</identifier>
				<transform>
					<row0>0.999848 -0.017376 -0.001497</row0>
					<row1>0.016964 0.988855 -0.147914</row1>
					<row2>0.004050 0.147866 0.988999</row2>
					<row3>0.920557 -0.054053 -0.061531</row3>
				</transform>
				<node>
					<identifier>Character1_LeftUpLeg</identifier>
					<transform>
						<row0>-0.951606 -0.112833 -0.285859</row0>
						<row1>0.044794 -0.971152 0.234216</row1>
						<row2>-0.304039 0.210076 0.929208</row2>
						<row3>-0.015733 -0.099010 -0.003098</row3>
					</transform>
					<node>
						<identifier>Character1_LeftLeg</identifier>
						<transform>
							<row0>0.791505 0.132583 0.596608</row0>
							<row1>-0.195831 0.979734 0.042080</row1>
							<row2>-0.578938 -0.150141 0.801429</row2>
							<row3>0.442107 0.006067 -0.007771</row3>
						</transform>
						<node>
							<identifier>Character1_LeftLeg_BlendBone</identifier>
							<transform>
								<row0>0.022454 0.866064 -0.499429</row0>
								<row1>-0.928632 0.203111 0.310466</row1>
								<row2>-0.370323 -0.456814 -0.808815</row2>
								<row3>0.481860 -0.216250 0.025065</row3>
							</transform>
						</node>
					</node>
					<node>
						<identifier>Character1_LeftUpLeg_BlendBone</identifier>
						<transform>
							<row0>0.137309 0.926474 -0.350417</row0>
							<row1>-0.954533 0.029260 -0.296666</row1>
							<row2>0.264600 -0.375219 -0.888368</row2>
							<row3>0.851340 -0.145678 0.290698</row3>
						</transform>
					</node>
				</node>
				<node>
					<identifier>Character1_RightUpLeg</identifier>
					<transform>
						<row0>0.984963 -0.168719 0.037172</row0>
						<row1>-0.110044 -0.778554 -0.617854</row1>
						<row2>0.133183 0.604472 -0.785414</row2>
						<row3>-0.015733 0.099010 -0.003098</row3>
					</transform>
					<node>
						<identifier>Character1_RightLeg</identifier>
						<transform>
							<row0>0.863589 0.118203 0.490144</row0>
							<row1>-0.160707 0.985959 0.045377</row1>
							<row2>-0.477898 -0.117956 0.870460</row2>
							<row3>-0.442107 -0.006067 0.007771</row3>
						</transform>
						<node>
							<identifier>Character1_RightFoot</identifier>
							<transform>
								<row0>0.158925 -0.299252 -0.940846</row0>
								<row1>0.088997 0.953420 -0.288219</row1>
								<row2>0.983271 -0.037927 0.178155</row2>
								<row3>-0.386934 0.000002 -0.000002</row3>
							</transform>
							<node>
								<identifier>Character1_RightToeBase</identifier>
								<transform>
									<row0>0.861817 0.022441 -0.506722</row0>
									<row1>0.018417 0.996977 0.075476</row1>
									<row2>0.506884 -0.074379 0.858799</row2>
									<row3>-0.178508 0.000000 -0.000001</row3>
								</transform>
								<node>
									<identifier>Character1_RightToeBase_BlendBone</identifier>
									<transform>
										<row0>0.367435 0.930048 -0.001613</row0>
										<row1>0.037491 -0.013079 0.999211</row1>
										<row2>-0.929293 0.367206 0.039674</row2>
										<row3>0.092484 0.211984 -0.029716</row3>
									</transform>
								</node>
							</node>
							<node>
								<identifier>Character1_RightFoot_BlendBone</identifier>
								<transform>
									<row0>0.332973 0.935602 -0.117377</row0>
									<row1>0.538554 -0.086518 0.838137</row1>
									<row2>-0.774008 0.342291 0.532681</row2>
									<row3>-0.109963 0.215630 -0.056385</row3>
								</transform>
							</node>
						</node>
						<node>
							<identifier>Character1_RightLeg_BlendBone</identifier>
							<transform>
								<row0>0.020770 0.796831 -0.603846</row0>
								<row1>0.902006 -0.275440 -0.332442</row1>
								<row2>0.431223 0.537767 0.724467</row2>
								<row3>-0.440662 0.240633 0.031262</row3>
							</transform>
						</node>
					</node>
					<node>
						<identifier>Character1_RightUpLeg_BlendBone</identifier>
						<transform>
							<row0>0.178458 0.859325 -0.479285</row0>
							<row1>0.982102 -0.125738 0.140237</row1>
							<row2>-0.060244 0.495733 0.866383</row2>
							<row3>-0.876270 0.175411 -0.170085</row3>
						</transform>
					</node>
				</node>
				<node>
					<identifier>Character1_Spine</identifier>
					<transform>
						<row0>0.997135 -0.033813 0.067661</row0>
						<row1>0.034839 0.999294 -0.014061</row1>
						<row2>-0.067137 0.016378 0.997609</row2>
						<row3>0.038995 0.000000 0.000000</row3>
					</transform>
					<node>
						<identifier>Character1_Spine1</identifier>
						<transform>
							<row0>0.978772 -0.201697 -0.036383</row0>
							<row1>0.201267 0.979419 -0.015136</row1>
							<row2>0.038687 0.007492 0.999223</row2>
							<row3>0.122398 0.000461 0.000029</row3>
						</transform>
						<node>
							<identifier>Character1_Spine2</identifier>
							<transform>
								<row0>0.995070 0.077068 -0.062424</row0>
								<row1>-0.078031 0.996864 -0.013159</row1>
								<row2>0.061214 0.017965 0.997963</row2>
								<row3>0.122804 0.000888 0.000057</row3>
							</transform>
							<node>
								<identifier>Character1_Spine3</identifier>
								<transform>
									<row0>0.997312 0.037267 -0.063098</row0>
									<row1>-0.038223 0.999171 -0.013956</row1>
									<row2>0.062525 0.016330 0.997910</row2>
									<row3>0.122695 -0.001350 -0.000085</row3>
								</transform>
								<node>
									<identifier>Character1_LeftShoulder</identifier>
									<transform>
										<row0>-0.017293 -0.999342 -0.031874</row0>
										<row1>0.992997 -0.013441 -0.117371</row1>
										<row2>0.116865 -0.033680 0.992576</row2>
										<row3>0.096821 -0.056410 -0.049066</row3>
									</transform>
									<node>
										<identifier>Character1_LeftArm</identifier>
										<transform>
											<row0>0.166798 -0.947422 0.273076</row0>
											<row1>0.978916 0.192241 0.069038</row1>
											<row2>-0.117905 0.255803 0.959512</row2>
											<row3>0.179365 0.000001 -0.000001</row3>
										</transform>
										<node>
											<identifier>Character1_LeftForeArm</identifier>
											<transform>
												<row0>-0.475175 0.000007 -0.879891</row0>
												<row1>0.000029 1.000000 -0.000008</row1>
												<row2>0.879891 -0.000030 -0.475175</row2>
												<row3>0.196967 0.000001 -0.000001</row3>
											</transform>
											<node>
												<identifier>Character1_LeftHand</identifier>
												<transform>
													<row0>0.990603 0.136253 0.011895</row0>
													<row1>-0.115631 0.880769 -0.459212</row1>
													<row2>-0.073045 0.453521 0.888247</row2>
													<row3>0.267873 -0.000000 -0.000002</row3>
												</transform>
												<node>
													<identifier>Character1_LeftHandMiddle1</identifier>
													<transform>
														<row0>0.956529 -0.269759 0.110826</row0>
														<row1>0.276952 0.959287 -0.055374</row1>
														<row2>-0.091376 0.083661 0.992296</row2>
														<row3>0.091750 -0.000000 -0.000001</row3>
													</transform>
													<node>
														<identifier>Character1_LeftHandMiddle2</identifier>
														<transform>
															<row0>0.883044 -0.467812 -0.037217</row0>
															<row1>0.469289 0.880089 0.072194</row1>
															<row2>-0.001019 -0.081216 0.996696</row2>
															<row3>0.054225 0.000000 -0.000000</row3>
														</transform>
														<node>
															<identifier>Character1_LeftHandMiddle3</identifier>
															<transform>
																<row0>0.966144 -0.258001 0.000735</row0>
																<row1>0.257677 0.964782 -0.052891</row1>
																<row2>0.012936 0.051290 0.998600</row2>
																<row3>0.027547 -0.000000 -0.000000</row3>
															</transform>
															<node>
																<identifier>Character1_LeftHandMiddle4</identifier>
																<transform>
																	<row0>1.000000 0.000000 -0.000000</row0>
																	<row1>0.000000 1.000000 0.000000</row1>
																	<row2>0.000000 -0.000000 1.000000</row2>
																	<row3>0.025382 0.000000 0.000000</row3>
																</transform>
																<node>
																	<identifier>Character1_LeftHandMiddle4_BlendBone</identifier>
																	<transform>
																		<row0>-0.505271 0.720037 0.475654</row0>
																		<row1>-0.482159 0.221577 -0.847600</row1>
																		<row2>0.715698 0.657609 -0.235217</row2>
																		<row3>0.514353 -0.763458 0.883887</row3>
																	</transform>
																</node>
															</node>
															<node>
																<identifier>Character1_LeftHandMiddle3_BlendBone</identifier>
																<transform>
																	<row0>-0.505271 0.720037 0.475654</row0>
																	<row1>-0.482159 0.221577 -0.847600</row1>
																	<row2>0.715698 0.657609 -0.235217</row2>
																	<row3>0.539735 -0.763458 0.883887</row3>
																</transform>
															</node>
														</node>
														<node>
															<identifier>Character1_LeftHandMiddle2_BlendBone</identifier>
															<transform>
																<row0>-0.296474 0.849436 0.436533</row0>
																<row1>-0.419705 0.294697 -0.858488</row1>
																<row2>0.857875 0.437735 -0.269143</row2>
																<row3>0.363717 -0.830488 0.923427</row3>
															</transform>
														</node>
													</node>
													<node>
														<identifier>Character1_LeftHandMiddle1_BlendBone</identifier>
														<transform>
															<row0>0.136386 0.850820 0.507449</row0>
															<row1>-0.231445 0.525426 -0.818756</row1>
															<row2>0.963240 0.005780 -0.268579</row2>
															<row3>-0.015277 -0.976051 0.846883</row3>
														</transform>
													</node>
												</node>
												<node>
													<identifier>Character1_LeftHandThumb1</identifier>
													<transform>
														<row0>0.829055 -0.368481 -0.420582</row0>
														<row1>0.219364 0.906191 -0.361521</row1>
														<row2>0.514341 0.207460 0.832114</row2>
														<row3>0.030133 -0.014650 -0.030183</row3>
													</transform>
													<node>
														<identifier>Character1_LeftHandThumb2</identifier>
														<transform>
															<row0>0.978548 -0.000622 0.206020</row0>
															<row1>-0.101824 0.867863 0.486257</row1>
															<row2>-0.179099 -0.496803 0.849182</row2>
															<row3>0.040998 0.000000 0.000000</row3>
														</transform>
														<node>
															<identifier>Character1_LeftHandThumb3</identifier>
															<transform>
																<row0>0.998399 -0.009410 0.055781</row0>
																<row1>0.009115 0.999943 0.005538</row1>
																<row2>-0.055830 -0.005021 0.998428</row2>
																<row3>0.035085 0.000000 -0.000000</row3>
															</transform>
															<node>
																<identifier>Character1_LeftHandThumb4</identifier>
																<transform>
																	<row0>1.000000 -0.000000 0.000000</row0>
																	<row1>0.000000 1.000000 -0.000000</row1>
																	<row2>0.000000 -0.000000 1.000000</row2>
																	<row3>0.033746 -0.000000 0.000000</row3>
																</transform>
																<node>
																	<identifier>Character1_LeftHandThumb4_BlendBone</identifier>
																	<transform>
																		<row0>-0.071312 0.938050 0.339083</row0>
																		<row1>-0.007095 0.339463 -0.940593</row1>
																		<row2>0.997429 0.069481 0.017552</row2>
																		<row3>-0.272153 -0.759652 1.036107</row3>
																	</transform>
																</node>
															</node>
															<node>
																<identifier>Character1_LeftHandThumb3_BlendBone</identifier>
																<transform>
																	<row0>-0.071312 0.938050 0.339083</row0>
																	<row1>-0.007095 0.339463 -0.940593</row1>
																	<row2>0.997429 0.069481 0.017552</row2>
																	<row3>-0.238407 -0.759652 1.036107</row3>
																</transform>
															</node>
														</node>
														<node>
															<identifier>Character1_LeftHandThumb2_BlendBone</identifier>
															<transform>
																<row0>-0.081578 0.936965 0.339767</row0>
																<row1>0.048524 0.344233 -0.937630</row1>
																<row2>0.995485 0.060003 0.073547</row2>
																<row3>-0.267710 -0.762567 1.016973</row3>
															</transform>
														</node>
													</node>
													<node>
														<identifier>Character1_LeftHandThumb1_BlendBone</identifier>
														<transform>
															<row0>-0.236085 0.644411 0.727323</row0>
															<row1>0.180361 0.764534 -0.618836</row1>
															<row2>0.954848 0.014917 0.296721</row2>
															<row3>-0.325461 -1.166873 0.437637</row3>
														</transform>
													</node>
												</node>
												<node>
													<identifier>Character1_LeftHand_BlendBone</identifier>
													<transform>
														<row0>0.319725 0.821842 0.471541</row0>
														<row1>-0.001052 0.497971 -0.867193</row1>
														<row2>0.947510 -0.276768 -0.160078</row2>
														<row3>-0.270567 -0.861342 0.892713</row3>
													</transform>
												</node>
											</node>
											<node>
												<identifier>Character1_LeftForeArm_BlendBone</identifier>
												<transform>
													<row0>0.187246 0.981270 0.045248</row0>
													<row1>0.004721 0.045163 -0.998968</row1>
													<row2>0.982302 -0.187267 -0.003824</row2>
													<row3>0.034239 -0.390644 1.185268</row3>
												</transform>
											</node>
										</node>
										<node>
											<identifier>Character1_LeftArm_BlendBone</identifier>
											<transform>
												<row0>-0.049133 0.981270 -0.186265</row0>
												<row1>-0.881226 0.045193 0.470530</row1>
												<row2>-0.470135 -0.187260 -0.862500</row2>
												<row3>1.223593 -0.390678 -0.593333</row3>
											</transform>
										</node>
									</node>
									<node>
										<identifier>Character1_LeftShoulder_BlendBone</identifier>
										<transform>
											<row0>0.974348 0.187543 -0.124395</row0>
											<row1>-0.158224 0.963944 0.213958</row1>
											<row2>-0.160036 0.188787 -0.968890</row2>
											<row3>0.070973 -1.386138 -0.262150</row3>
										</transform>
									</node>
								</node>
								<node>
									<identifier>Character1_Neck</identifier>
									<transform>
										<row0>0.969192 -0.016781 -0.245736</row0>
										<row1>0.026274 0.999027 0.035407</row1>
										<row2>0.244902 -0.040773 0.968690</row2>
										<row3>0.122262 -0.000457 -0.000028</row3>
									</transform>
									<node>
										<identifier>Character1_Head</identifier>
										<transform>
											<row0>0.893242 0.424504 -0.148034</row0>
											<row1>-0.310148 0.820230 0.480657</row1>
											<row2>0.325463 -0.383431 0.864323</row2>
											<row3>0.114338 -0.000000 0.000000</row3>
										</transform>
										<node>
											<identifier>Character1_LeftEye</identifier>
											<transform>
												<row0>0.333920 0.000000 -0.942601</row0>
												<row1>0.000000 1.000000 0.000000</row1>
												<row2>0.942601 -0.000000 0.333920</row2>
												<row3>0.081802 -0.032137 -0.049864</row3>
											</transform>
											<node>
												<identifier>Character1_LeftEye_BlendBone</identifier>
												<transform>
													<row0>-0.410750 -0.908289 -0.079349</row0>
													<row1>-0.214525 0.011692 0.976649</row1>
													<row2>0.886151 -0.418181 0.199653</row2>
													<row3>0.291060 0.133911 -1.565733</row3>
												</transform>
											</node>
										</node>
										<node>
											<identifier>Character1_RightEye</identifier>
											<transform>
												<row0>0.333920 0.000000 -0.942601</row0>
												<row1>0.000000 1.000000 0.000000</row1>
												<row2>0.942601 -0.000000 0.333920</row2>
												<row3>0.081804 0.032137 -0.049863</row3>
											</transform>
											<node>
												<identifier>Character1_RightEye_BlendBone</identifier>
												<transform>
													<row0>-0.410750 -0.908289 -0.079349</row0>
													<row1>-0.214525 0.011692 0.976649</row1>
													<row2>0.886151 -0.418181 0.199653</row2>
													<row3>0.291060 0.069637 -1.565735</row3>
												</transform>
											</node>
										</node>
										<node>
											<identifier>Character1_Head_BlendBone</identifier>
											<transform>
												<row0>-0.211953 -0.908289 0.360677</row0>
												<row1>0.848956 0.011692 0.528334</row1>
												<row2>0.484097 -0.418181 -0.768619</row2>
												<row3>-1.296869 0.101774 -0.847047</row3>
											</transform>
										</node>
									</node>
									<node>
										<identifier>Character1_Neck_BlendBone</identifier>
										<transform>
											<row0>0.209765 -0.973275 -0.093458</row0>
											<row1>0.926651 0.167395 0.336596</row1>
											<row2>0.311956 0.157209 -0.937000</row2>
											<row3>-1.351329 -0.142264 -0.491223</row3>
										</transform>
									</node>
								</node>
								<node>
									<identifier>Character1_RightShoulder</identifier>
									<transform>
										<row0>0.037752 -0.996909 0.068905</row0>
										<row1>-0.991353 -0.028690 0.128052</row1>
										<row2>-0.125678 -0.073143 -0.989371</row2>
										<row3>0.096821 0.056410 -0.049066</row3>
									</transform>
									<node>
										<identifier>Character1_RightArm</identifier>
										<transform>
											<row0>0.232656 -0.852315 -0.468433</row0>
											<row1>0.884204 0.385961 -0.263097</row1>
											<row2>0.405038 -0.352977 0.843416</row2>
											<row3>-0.179365 0.000000 0.000001</row3>
										</transform>
										<node>
											<identifier>Character1_RightForeArm</identifier>
											<transform>
												<row0>0.320277 0.000001 -0.947324</row0>
												<row1>-0.000017 1.000000 -0.000004</row1>
												<row2>0.947324 0.000017 0.320276</row2>
												<row3>-0.196966 -0.000003 0.000001</row3>
											</transform>
											<node>
												<identifier>Character1_RightHand</identifier>
												<transform>
													<row0>0.951462 -0.198659 -0.235062</row0>
													<row1>0.187048 0.979786 -0.070935</row1>
													<row2>0.244402 0.023524 0.969388</row2>
													<row3>-0.267871 -0.000004 0.000003</row3>
												</transform>
												<node>
													<identifier>Character1_RightHandMiddle1</identifier>
													<transform>
														<row0>0.949992 -0.291257 0.112632</row0>
														<row1>0.298521 0.952886 -0.053782</row1>
														<row2>-0.091661 0.084716 0.992180</row2>
														<row3>-0.091753 0.000003 -0.000000</row3>
													</transform>
													<node>
														<identifier>Character1_RightHandMiddle2</identifier>
														<transform>
															<row0>0.872270 -0.487476 -0.038864</row0>
															<row1>0.489023 0.869348 0.071339</row1>
															<row2>-0.000990 -0.081232 0.996695</row2>
															<row3>-0.054221 -0.000002 0.000001</row3>
														</transform>
														<node>
															<identifier>Character1_RightHandMiddle3</identifier>
															<transform>
																<row0>0.960107 -0.279628 0.001905</row0>
																<row1>0.279333 0.958736 -0.052883</row1>
																<row2>0.012962 0.051306 0.998598</row2>
																<row3>-0.027551 0.000000 -0.000000</row3>
															</transform>
															<node>
																<identifier>Character1_RightHandMiddle4</identifier>
																<transform>
																	<row0>1.000000 -0.000000 0.000001</row0>
																	<row1>0.000000 1.000000 0.000000</row1>
																	<row2>0.000000 0.000000 1.000000</row2>
																	<row3>-0.025382 0.000000 -0.000000</row3>
																</transform>
																<node>
																	<identifier>Character1_RightHandMiddle4_BlendBone</identifier>
																	<transform>
																		<row0>-0.846016 -0.371758 0.382170</row0>
																		<row1>0.446244 -0.101483 0.889139</row1>
																		<row2>0.291761 -0.922766 -0.251751</row2>
																		<row3>-0.541544 0.581522 -0.968248</row3>
																	</transform>
																</node>
															</node>
															<node>
																<identifier>Character1_RightHandMiddle3_BlendBone</identifier>
																<transform>
																	<row0>-0.846016 -0.371758 0.382170</row0>
																	<row1>0.446244 -0.101483 0.889139</row1>
																	<row2>0.291761 -0.922766 -0.251751</row2>
																	<row3>-0.566927 0.581522 -0.968248</row3>
																</transform>
															</node>
														</node>
														<node>
															<identifier>Character1_RightHandMiddle2_BlendBone</identifier>
															<transform>
																<row0>-0.911156 -0.100242 0.399683</row0>
																<row1>0.411619 -0.176460 0.894110</row1>
																<row2>0.019099 -0.979190 -0.202044</row2>
																<row3>-0.421973 0.666378 -0.998724</row3>
															</transform>
														</node>
													</node>
													<node>
														<identifier>Character1_RightHandMiddle1_BlendBone</identifier>
														<transform>
															<row0>-0.844191 0.324556 0.426621</row0>
															<row1>0.271864 -0.426690 0.862569</row1>
															<row2>-0.461987 -0.844156 -0.271972</row2>
															<row3>-0.095431 0.866142 -0.931485</row3>
														</transform>
													</node>
												</node>
												<node>
													<identifier>Character1_RightHandThumb1</identifier>
													<transform>
														<row0>0.830730 -0.367540 -0.418094</row0>
														<row1>0.218168 0.905927 -0.362900</row1>
														<row2>0.512144 0.210258 0.832766</row2>
														<row3>-0.030136 0.014652 0.030182</row3>
													</transform>
													<node>
														<identifier>Character1_RightHandThumb2</identifier>
														<transform>
															<row0>0.979073 0.001387 0.203504</row0>
															<row1>-0.101927 0.868856 0.484459</row1>
															<row2>-0.176144 -0.495063 0.850815</row2>
															<row3>-0.040997 0.000000 0.000000</row3>
														</transform>
														<node>
															<identifier>Character1_RightHandThumb3</identifier>
															<transform>
																<row0>0.998336 -0.009577 0.056862</row0>
																<row1>0.009291 0.999943 0.005301</row1>
																<row2>-0.056911 -0.004764 0.998368</row2>
																<row3>-0.035083 -0.000001 0.000001</row3>
															</transform>
															<node>
																<identifier>Character1_RightHandThumb4</identifier>
																<transform>
																	<row0>1.000000 -0.000000 -0.000000</row0>
																	<row1>0.000000 1.000000 -0.000000</row1>
																	<row2>0.000000 0.000000 1.000000</row2>
																	<row3>-0.033752 0.000003 -0.000003</row3>
																</transform>
																<node>
																	<identifier>Character1_RightHandThumb4_BlendBone</identifier>
																	<transform>
																		<row0>-0.943614 0.317158 0.094886</row0>
																		<row1>0.016802 -0.240373 0.970535</row1>
																		<row2>-0.330621 -0.917405 -0.221491</row2>
																		<row3>0.219096 0.631388 -1.116868</row3>
																	</transform>
																</node>
															</node>
															<node>
																<identifier>Character1_RightHandThumb3_BlendBone</identifier>
																<transform>
																	<row0>-0.943614 0.317158 0.094886</row0>
																	<row1>0.016802 -0.240373 0.970535</row1>
																	<row2>-0.330621 -0.917405 -0.221491</row2>
																	<row3>0.185345 0.631391 -1.116871</row3>
																</transform>
															</node>
														</node>
														<node>
															<identifier>Character1_RightHandThumb2_BlendBone</identifier>
															<transform>
																<row0>-0.944497 0.325725 0.042756</row0>
																<row1>-0.040693 -0.245144 0.968632</row1>
																<row2>-0.325989 -0.913131 -0.244793</row2>
																<row3>0.219381 0.634898 -1.101161</row3>
															</transform>
														</node>
													</node>
													<node>
														<identifier>Character1_RightHandThumb1_BlendBone</identifier>
														<transform>
															<row0>-0.965463 0.260532 0.001968</row0>
															<row1>-0.185474 -0.692585 0.697083</row1>
															<row2>-0.182976 -0.672643 -0.716987</row2>
															<row3>0.303043 1.097083 -0.584657</row3>
														</transform>
													</node>
												</node>
												<node>
													<identifier>Character1_RightHand_BlendBone</identifier>
													<transform>
														<row0>-0.744191 0.591284 0.310747</row0>
														<row1>0.051829 -0.412696 0.909393</row1>
														<row2>-0.665953 -0.692868 -0.276479</row2>
														<row3>0.161531 0.774222 -0.981533</row3>
													</transform>
												</node>
											</node>
											<node>
												<identifier>Character1_RightForeArm_BlendBone</identifier>
												<transform>
													<row0>-0.521524 0.734482 0.434222</row0>
													<row1>0.194377 -0.393258 0.898647</row1>
													<row2>-0.830801 -0.553069 -0.062327</row2>
													<row3>-0.209252 0.703389 -1.044373</row3>
												</transform>
											</node>
										</node>
										<node>
											<identifier>Character1_RightArm_BlendBone</identifier>
											<transform>
												<row0>0.244306 0.734488 0.633121</row0>
												<row1>0.913571 -0.393242 0.103679</row1>
												<row2>-0.325121 -0.553071 0.767078</row2>
												<row3>-1.253357 0.703369 -0.136260</row3>
											</transform>
										</node>
									</node>
									<node>
										<identifier>Character1_RightShoulder_BlendBone</identifier>
										<transform>
											<row0>0.962714 -0.148222 0.226301</row0>
											<row1>-0.093165 -0.967022 -0.237041</row1>
											<row2>-0.253973 -0.207119 0.944775</row2>
											<row3>0.095765 1.387824 0.287136</row3>
										</transform>
									</node>
								</node>
								<node>
									<identifier>Character1_Spine3_BlendBone</identifier>
									<transform>
										<row0>0.154842 -0.972038 -0.176540</row0>
										<row1>0.984934 0.137958 0.104273</row1>
										<row2>0.077002 0.190026 -0.978755</row2>
										<row3>-1.311474 -0.099877 -0.148838</row3>
									</transform>
								</node>
							</node>
							<node>
								<identifier>Character1_Spine2_BlendBone</identifier>
								<transform>
									<row0>0.180538 -0.968345 -0.172375</row0>
									<row1>0.983533 0.176252 0.039983</row1>
									<row2>0.008335 0.176755 -0.984219</row2>
									<row3>-1.190742 -0.152449 -0.064467</row3>
								</transform>
							</node>
						</node>
						<node>
							<identifier>Character1_Spine1_BlendBone</identifier>
							<transform>
								<row0>0.244659 -0.954492 -0.170552</row0>
								<row1>0.967378 0.252217 -0.023814</row1>
								<row2>-0.065746 0.159162 -0.985061</row2>
								<row3>-1.054118 -0.244009 0.012058</row3>
							</transform>
						</node>
					</node>
					<node>
						<identifier>Character1_Spine_BlendBone</identifier>
						<transform>
							<row0>0.040758 -0.985472 -0.164874</row0>
							<row1>0.996684 0.051730 -0.062809</row1>
							<row2>-0.070425 0.161768 -0.984313</row2>
							<row3>-0.957988 -0.025823 0.054123</row3>
						</transform>
					</node>
				</node>
				<node>
					<identifier>Character1_Hips_BlendBone</identifier>
					<transform>
						<row0>0.017376 -0.988855 -0.147866</row0>
						<row1>0.999848 0.016964 0.004050</row1>
						<row2>0.001497 0.147914 -0.988999</row2>
						<row3>-0.920782 0.007475 -0.010462</row3>
					</transform>
				</node>
			</node>
			<node>
				<identifier>Chatacter1_Root_Slot01</identifier>
				<transform>
					<row0>-0.684578 -0.419700 0.595990</row0>
					<row1>0.011402 0.811347 0.584454</row1>
					<row2>-0.728850 0.406900 -0.550645</row2>
					<row3>0.905594 0.373144 -0.474195</row3>
				</transform>
				<node>
					<identifier>Chatacter1_Root_Slot01_BlendBone</identifier>
					<transform>
						<row0>0.419700 -0.811347 -0.406900</row0>
						<row1>-0.684578 0.011402 -0.728850</row1>
						<row2>-0.595990 -0.584454 0.550645</row2>
						<row3>1.030015 -0.103912 0.273421</row3>
					</transform>
				</node>
			</node>
			<node>
				<identifier>Chatacter1_Root_Slot02</identifier>
				<transform>
					<row0>0.000000 -1.000000 0.000000</row0>
					<row1>1.000000 0.000000 0.000000</row1>
					<row2>0.000000 0.000000 1.000000</row2>
					<row3>0.922453 0.445767 -0.688354</row3>
				</transform>
				<node>
					<identifier>Chatacter1_Root_Slot02_BlendBone</identifier>
					<transform>
						<row0>1.000000 0.000000 0.000000</row0>
						<row1>0.000000 1.000000 0.000000</row1>
						<row2>0.000000 0.000000 -1.000000</row2>
						<row3>0.477975 -0.922453 0.616749</row3>
					</transform>
				</node>
			</node>
			<node>
				<identifier>Chatacter1_Root_Slot03</identifier>
				<transform>
					<row0>0.000000 -1.000000 0.000000</row0>
					<row1>1.000000 0.000000 0.000000</row1>
					<row2>0.000000 0.000000 1.000000</row2>
					<row3>0.922453 0.445767 -0.688354</row3>
				</transform>
				<node>
					<identifier>Chatacter1_Root_Slot03_BlendBone</identifier>
					<transform>
						<row0>1.000000 0.000000 0.000000</row0>
						<row1>0.000000 1.000000 0.000000</row1>
						<row2>0.000000 0.000000 -1.000000</row2>
						<row3>0.477975 -0.922453 0.616749</row3>
					</transform>
				</node>
			</node>
			<node>
				<identifier>Chatacter1_Root_Slot04</identifier>
				<transform>
					<row0>0.000000 -1.000000 0.000000</row0>
					<row1>1.000000 0.000000 0.000000</row1>
					<row2>0.000000 0.000000 1.000000</row2>
					<row3>0.922453 0.445767 -0.688354</row3>
				</transform>
				<node>
					<identifier>Chatacter1_Root_Slot04_BlendBone</identifier>
					<transform>
						<row0>1.000000 0.000000 0.000000</row0>
						<row1>0.000000 1.000000 0.000000</row1>
						<row2>0.000000 0.000000 -1.000000</row2>
						<row3>0.477975 -0.922453 0.616749</row3>
					</transform>
				</node>
			</node>
			<node>
				<identifier>Chatacter1_Root_Slot05</identifier>
				<transform>
					<row0>0.000000 -1.000000 -0.000000</row0>
					<row1>1.000000 0.000000 -0.000000</row1>
					<row2>0.000000 -0.000000 1.000000</row2>
					<row3>0.922453 0.445767 -0.688354</row3>
				</transform>
				<node>
					<identifier>Chatacter1_Root_Slot05_BlendBone</identifier>
					<transform>
						<row0>1.000000 0.000000 0.000000</row0>
						<row1>0.000000 1.000000 0.000000</row1>
						<row2>0.000000 0.000000 -1.000000</row2>
						<row3>0.477975 -0.922453 0.616749</row3>
					</transform>
				</node>
			</node>
			<node>
				<identifier>Character1_Root_BlendBone</identifier>
				<transform>
					<row0>0.000000 -1.000000 0.000000</row0>
					<row1>1.000000 0.000000 0.000000</row1>
					<row2>0.000000 0.000000 -1.000000</row2>
					<row3>0.000000 -0.032208 -0.071605</row3>
				</transform>
			</node>
		</node>
	</node>
	<renderSet>
		<treatAsWorldSpaceObject>true</treatAsWorldSpaceObject>
		<node>Chatacter1_Root_Slot01_BlendBone</node>
		<geometry>
			<vertices>s0Shape.vertices</vertices>
			<primitive>s0Shape.indices</primitive>
			<primitiveGroup>
				0
				<material>
					<identifier>s_nd0_skinned</identifier>
					<fx>shaders/std_effects/PBS_ext_skinned.fx</fx>
					<materialKind>108</materialKind>
					<collisionFlags>0</collisionFlags>
					<property>
						diffuseMap
						<Texture>content/Hangars/h07_mt_summerday_2024/hd_h07_SDAY24_0004_Ration_AM.dds</Texture>
					</property>
					<property>
						metallicGlossMap
						<Texture>content/Hangars/h07_mt_summerday_2024/hd_h07_SDAY24_0004_Ration_GMM.dds</Texture>
					</property>
					<property>
						normalMap
						<Texture>content/Hangars/h07_mt_summerday_2024/hd_h07_SDAY24_0004_Ration_ANM.dds</Texture>
					</property>
					<property>
						g_enableAO
						<Bool>true</Bool>
					</property>
				</material>
				<groupOrigin>-0.383450 0.905363 0.419136</groupOrigin>
			</primitiveGroup>
		</geometry>
	</renderSet>
	<constraints/>
	<boundingBox>
		<min>-0.496410 0.898491 -0.501287</min>
		<max>-0.270490 0.912236 -0.336985</max>
	</boundingBox>
	<geometrySize>2732</geometrySize>
	<minUVDensity>1.032332</minUVDensity>
</root>
