<?xml version="1.0" encoding="utf-8"?>
<root>
	<node>
		<identifier>Scene Root</identifier>
		<transform>
			<row0>1.000000 0.000000 0.000000</row0>
			<row1>0.000000 1.000000 0.000000</row1>
			<row2>0.000000 0.000000 1.000000</row2>
			<row3>0.000000 0.000000 0.000000</row3>
		</transform>
		<node>
			<identifier>nodes_01</identifier>
			<transform>
				<row0>1.000000 0.000000 0.000000</row0>
				<row1>0.000000 1.000000 0.000000</row1>
				<row2>0.000000 0.000000 1.000000</row2>
				<row3>0.000000 0.000000 0.000000</row3>
			</transform>
			<node>
				<identifier>HP_Fire_1</identifier>
				<transform>
					<row0>1.000000 0.000000 0.000000</row0>
					<row1>0.000000 1.000000 0.000000</row1>
					<row2>0.000000 0.000000 1.000000</row2>
					<row3>-0.532801 -0.009479 1.272420</row3>
				</transform>
			</node>
			<node>
				<identifier>HP_Fire_2</identifier>
				<transform>
					<row0>1.000000 0.000000 0.000000</row0>
					<row1>0.000000 1.000000 0.000000</row1>
					<row2>0.000000 0.000000 1.000000</row2>
					<row3>-0.524677 -0.180515 1.038136</row3>
				</transform>
			</node>
			<node>
				<identifier>HP_TrackUp_LFront</identifier>
				<transform>
					<row0>1.000000 0.000000 0.000000</row0>
					<row1>0.000000 0.760636 0.649179</row1>
					<row2>0.000000 -0.649179 0.760636</row2>
					<row3>-1.277459 0.072951 2.768910</row3>
				</transform>
			</node>
			<node>
				<identifier>HP_TrackUp_LRear</identifier>
				<transform>
					<row0>-1.000000 0.000000 0.000000</row0>
					<row1>0.000000 0.821580 -0.570093</row1>
					<row2>-0.000000 -0.570093 -0.821580</row2>
					<row3>-1.277459 0.084912 -2.749541</row3>
				</transform>
			</node>
			<node>
				<identifier>HP_TrackUp_RFront</identifier>
				<transform>
					<row0>1.000000 0.000000 0.000000</row0>
					<row1>0.000000 0.760636 0.649179</row1>
					<row2>0.000000 -0.649179 0.760636</row2>
					<row3>1.277220 0.073047 2.769200</row3>
				</transform>
			</node>
			<node>
				<identifier>HP_TrackUp_RRear</identifier>
				<transform>
					<row0>-1.000000 0.000000 0.000000</row0>
					<row1>0.000000 0.821580 -0.570093</row1>
					<row2>-0.000000 -0.570093 -0.821580</row2>
					<row3>1.277220 0.084447 -2.748674</row3>
				</transform>
			</node>
			<node>
				<identifier>HP_Track_Exhaus_1</identifier>
				<transform>
					<row0>-0.000008 0.000011 -1.000000</row0>
					<row1>-0.999880 0.015503 0.000008</row1>
					<row2>0.015503 0.999880 0.000011</row2>
					<row3>1.816815 0.548451 -0.112439</row3>
				</transform>
			</node>
			<node>
				<identifier>HP_Track_Exhaus_2</identifier>
				<transform>
					<row0>-0.000008 0.000011 -1.000000</row0>
					<row1>-0.999880 0.015503 0.000008</row1>
					<row2>0.015503 0.999880 0.000011</row2>
					<row3>-1.817863 0.548451 -0.112439</row3>
				</transform>
			</node>
			<node>
				<identifier>HP_turretJoint</identifier>
				<transform>
					<row0>1.000000 0.000000 0.000000</row0>
					<row1>0.000000 1.000000 0.000000</row1>
					<row2>0.000000 0.000000 1.000000</row2>
					<row3>0.004414 0.514811 -0.545761</row3>
				</transform>
			</node>
		</node>
	</node>
	<renderSet>
		<treatAsWorldSpaceObject>false</treatAsWorldSpaceObject>
		<node>Scene Root</node>
		<geometry>
			<vertices>vertices</vertices>
			<primitive>indices</primitive>
			<primitiveGroup>
				0
				<material>
					<identifier>tank_hull_01</identifier>
					<property>
						selfIllumination
						<Float>0.000000</Float>
					</property>
					<collisionFlags>0</collisionFlags>
					<materialKind>0</materialKind>
					<fx>shaders/std_effects/PBS_tank.fx</fx>
					<property>
						metallicGlossMap
						<Texture>vehicles/french/F18_Bat_Chatillon25t/_skins/F18_Bat_Chatillon25t_BP8_3DSt/Bat_Chatillon25t_BP8_3DSt_hull_01_GMM.dds</Texture>
					</property>
					<property>
						normalMap
						<Texture>vehicles/french/F18_Bat_Chatillon25t/_skins/F18_Bat_Chatillon25t_BP8_3DSt/Bat_Chatillon25t_BP8_3DSt_hull_01_ANM.dds</Texture>
					</property>
					<property>
						diffuseMap
						<Texture>vehicles/french/F18_Bat_Chatillon25t/_skins/F18_Bat_Chatillon25t_BP8_3DSt/Bat_Chatillon25t_BP8_3DSt_hull_01_AM.dds</Texture>
					</property>
					<property>
						excludeMaskAndAOMap
						<Texture>vehicles/french/F18_Bat_Chatillon25t/_skins/F18_Bat_Chatillon25t_BP8_3DSt/Bat_Chatillon25t_BP8_3DSt_hull_01_AO.dds</Texture>
					</property>
					<property>
						g_useDetailMetallic
						<Bool>true</Bool>
					</property>
					<property>
						metallicDetailMap
						<Texture>vehicles/russian/Tank_detail/Details_map.dds</Texture>
					</property>
					<property>
						g_detailUVTiling
						<Vector4>7.013699 7.013699 0.000000 0.000000</Vector4>
					</property>
				</material>
				<groupOrigin>-0.002200 0.137776 0.371163</groupOrigin>
			</primitiveGroup>
		</geometry>
	</renderSet>
	<boundingBox>
		<min>-1.968920 -0.536840 -3.060533</min>
		<max>1.964519 0.812391 3.802858</max>
	</boundingBox>
	<geometrySize>378468</geometrySize>
	<minUVDensity>0.004111</minUVDensity>
</root>
