<?xml version="1.0" encoding="utf-8"?>
<root>
	<node>
		<identifier>Scene Root</identifier>
		<transform>
			<row0>1.000000 0.000000 0.000000</row0>
			<row1>0.000000 1.000000 0.000000</row1>
			<row2>0.000000 0.000000 1.000000</row2>
			<row3>0.000000 0.000000 0.000000</row3>
		</transform>
		<node>
			<identifier>nodes_01</identifier>
			<transform>
				<row0>1.000000 0.000000 0.000000</row0>
				<row1>0.000000 1.000000 0.000000</row1>
				<row2>0.000000 0.000000 1.000000</row2>
				<row3>0.000000 0.000000 0.000000</row3>
			</transform>
			<node>
				<identifier>HP_Fire_1</identifier>
				<transform>
					<row0>1.000000 0.000000 0.000000</row0>
					<row1>0.000000 -0.033517 -0.999438</row1>
					<row2>0.000000 0.999438 -0.033517</row2>
					<row3>0.000000 0.493255 -2.126587</row3>
				</transform>
			</node>
			<node>
				<identifier>HP_Fire_2</identifier>
				<transform>
					<row0>1.000000 0.000000 0.000000</row0>
					<row1>0.000000 0.888349 -0.459168</row1>
					<row2>0.000000 0.459168 0.888349</row2>
					<row3>-0.466691 0.054154 2.070202</row3>
				</transform>
			</node>
			<node>
				<identifier>HP_TrackUp_LFront</identifier>
				<transform>
					<row0>1.000000 0.000000 0.000000</row0>
					<row1>0.000000 0.290970 0.956732</row1>
					<row2>0.000000 -0.956732 0.290970</row2>
					<row3>-1.312520 -0.067678 3.351494</row3>
				</transform>
			</node>
			<node>
				<identifier>HP_TrackUp_LRear</identifier>
				<transform>
					<row0>-1.000000 0.000000 0.000000</row0>
					<row1>0.000000 0.877973 -0.478710</row1>
					<row2>-0.000000 -0.478710 -0.877973</row2>
					<row3>-1.312520 0.069046 -3.067604</row3>
				</transform>
			</node>
			<node>
				<identifier>HP_TrackUp_RFront</identifier>
				<transform>
					<row0>1.000000 0.000000 0.000000</row0>
					<row1>0.000000 0.403418 0.915016</row1>
					<row2>0.000000 -0.915016 0.403418</row2>
					<row3>1.312520 -0.067678 3.347498</row3>
				</transform>
			</node>
			<node>
				<identifier>HP_TrackUp_RRear</identifier>
				<transform>
					<row0>-1.000000 0.000000 0.000000</row0>
					<row1>0.000000 0.877973 -0.478710</row1>
					<row2>-0.000000 -0.478710 -0.877973</row2>
					<row3>1.312520 0.069046 -3.067604</row3>
				</transform>
			</node>
			<node>
				<identifier>HP_Track_Exhaus_1</identifier>
				<transform>
					<row0>1.000000 0.000000 0.000000</row0>
					<row1>0.000000 -0.999411 -0.034326</row1>
					<row2>0.000000 0.034326 -0.999411</row2>
					<row3>-1.556058 0.619941 -2.498940</row3>
				</transform>
			</node>
			<node>
				<identifier>HP_Track_Exhaus_2</identifier>
				<transform>
					<row0>1.000000 0.000000 0.000000</row0>
					<row1>0.000000 -0.999411 -0.034326</row1>
					<row2>0.000000 0.034326 -0.999411</row2>
					<row3>1.604382 0.619941 -2.498940</row3>
				</transform>
			</node>
			<node>
				<identifier>HP_turretJoint</identifier>
				<transform>
					<row0>1.000000 0.000000 0.000000</row0>
					<row1>0.000000 1.000000 0.000000</row1>
					<row2>0.000000 0.000000 1.000000</row2>
					<row3>0.002810 0.574120 0.585358</row3>
				</transform>
			</node>
		</node>
	</node>
	<renderSet>
		<treatAsWorldSpaceObject>false</treatAsWorldSpaceObject>
		<node>Scene Root</node>
		<geometry>
			<vertices>vertices</vertices>
			<primitive>indices</primitive>
			<primitiveGroup>
				0
				<material>
					<identifier>tank_hull_01</identifier>
					<property>
						selfIllumination
						<Float>0.000000</Float>
					</property>
					<collisionFlags>0</collisionFlags>
					<materialKind>0</materialKind>
					<fx>shaders/std_effects/PBS_tank.fx</fx>
					<property>
						metallicGlossMap
						<Texture>vehicles/japan/J16_ST_B1/_skins/J16_ST_B1_BP8_3DSt/ST_B1_BP8_3DSt_hull_01_GMM.dds</Texture>
					</property>
					<property>
						normalMap
						<Texture>vehicles/japan/J16_ST_B1/_skins/J16_ST_B1_BP8_3DSt/ST_B1_BP8_3DSt_hull_01_ANM.dds</Texture>
					</property>
					<property>
						diffuseMap
						<Texture>vehicles/japan/J16_ST_B1/_skins/J16_ST_B1_BP8_3DSt/ST_B1_BP8_3DSt_hull_01_AM.dds</Texture>
					</property>
					<property>
						excludeMaskAndAOMap
						<Texture>vehicles/japan/J16_ST_B1/_skins/J16_ST_B1_BP8_3DSt/ST_B1_BP8_3DSt_hull_01_AO.dds</Texture>
					</property>
					<property>
						g_useDetailMetallic
						<Bool>true</Bool>
					</property>
					<property>
						metallicDetailMap
						<Texture>vehicles/russian/Tank_detail/Details_map.dds</Texture>
					</property>
					<property>
						g_detailUVTiling
						<Vector4>7.013699 7.013699 0.000000 0.000000</Vector4>
					</property>
				</material>
				<groupOrigin>-0.036864 0.052542 -0.107850</groupOrigin>
			</primitiveGroup>
			<primitiveGroup>
				1
				<material>
					<identifier>tank_upgrade_01</identifier>
					<property>
						selfIllumination
						<Float>0.000000</Float>
					</property>
					<property>
						diffuseMap
						<Texture>vehicles/japan/J16_ST_B1/_skins/J16_ST_B1_BP8_3DSt/ST_B1_BP8_3DSt_upgrade_AM.dds</Texture>
					</property>
					<collisionFlags>0</collisionFlags>
					<materialKind>0</materialKind>
					<fx>shaders/std_effects/PBS_tank.fx</fx>
					<property>
						excludeMaskAndAOMap
						<Texture>vehicles/japan/J16_ST_B1/_skins/J16_ST_B1_BP8_3DSt/ST_B1_BP8_3DSt_upgrade_AO.dds</Texture>
					</property>
					<property>
						metallicGlossMap
						<Texture>vehicles/japan/J16_ST_B1/_skins/J16_ST_B1_BP8_3DSt/ST_B1_BP8_3DSt_upgrade_GMM.dds</Texture>
					</property>
					<property>
						normalMap
						<Texture>vehicles/japan/J16_ST_B1/_skins/J16_ST_B1_BP8_3DSt/ST_B1_BP8_3DSt_upgrade_ANM.dds</Texture>
					</property>
					<property>
						g_detailUVTiling
						<Vector4>
							7.0137 7.0137 0.000000 0.000000
							<!--BW_String-->
						</Vector4>
					</property>
					<property>
						metallicDetailMap
						<Texture>vehicles/russian/Tank_detail/Details_map.dds</Texture>
					</property>
					<property>
						g_useDetailMetallic
						<Bool>true</Bool>
					</property>
				</material>
				<groupOrigin>0.002643 0.673604 -1.797277</groupOrigin>
			</primitiveGroup>
			<primitiveGroup>
				2
				<material>
					<identifier>tank_upgrade_04</identifier>
					<property>
						selfIllumination
						<Float>0.000000</Float>
					</property>
					<property>
						diffuseMap
						<Texture>vehicles/japan/J16_ST_B1/_skins/J16_ST_B1_BP8_3DSt/ST_B1_BP8_3DSt_upgrade_AM.dds</Texture>
					</property>
					<collisionFlags>0</collisionFlags>
					<materialKind>0</materialKind>
					<fx>shaders/std_effects/PBS_tank.fx</fx>
					<property>
						excludeMaskAndAOMap
						<Texture>vehicles/japan/J16_ST_B1/_skins/J16_ST_B1_BP8_3DSt/ST_B1_BP8_3DSt_upgrade_AO.dds</Texture>
					</property>
					<property>
						metallicGlossMap
						<Texture>vehicles/japan/J16_ST_B1/_skins/J16_ST_B1_BP8_3DSt/ST_B1_BP8_3DSt_upgrade_GMM.dds</Texture>
					</property>
					<property>
						normalMap
						<Texture>vehicles/japan/J16_ST_B1/_skins/J16_ST_B1_BP8_3DSt/ST_B1_BP8_3DSt_upgrade_ANM.dds</Texture>
					</property>
					<property>
						g_detailUVTiling
						<Vector4>
							7.0137 7.0137 0.000000 0.000000
							<!--BW_String-->
						</Vector4>
					</property>
					<property>
						metallicDetailMap
						<Texture>vehicles/russian/Tank_detail/Details_map.dds</Texture>
					</property>
					<property>
						g_useDetailMetallic
						<Bool>true</Bool>
					</property>
				</material>
				<groupOrigin>0.021275 0.235183 -0.058309</groupOrigin>
			</primitiveGroup>
			<primitiveGroup>
				3
				<material>
					<identifier>tank_upgrade_03</identifier>
					<property>
						selfIllumination
						<Float>0.000000</Float>
					</property>
					<property>
						diffuseMap
						<Texture>vehicles/japan/J16_ST_B1/_skins/J16_ST_B1_BP8_3DSt/ST_B1_BP8_3DSt_upgrade_AM.dds</Texture>
					</property>
					<collisionFlags>0</collisionFlags>
					<materialKind>0</materialKind>
					<fx>shaders/std_effects/PBS_tank.fx</fx>
					<property>
						excludeMaskAndAOMap
						<Texture>vehicles/japan/J16_ST_B1/_skins/J16_ST_B1_BP8_3DSt/ST_B1_BP8_3DSt_upgrade_AO.dds</Texture>
					</property>
					<property>
						metallicGlossMap
						<Texture>vehicles/japan/J16_ST_B1/_skins/J16_ST_B1_BP8_3DSt/ST_B1_BP8_3DSt_upgrade_GMM.dds</Texture>
					</property>
					<property>
						normalMap
						<Texture>vehicles/japan/J16_ST_B1/_skins/J16_ST_B1_BP8_3DSt/ST_B1_BP8_3DSt_upgrade_ANM.dds</Texture>
					</property>
					<property>
						g_detailUVTiling
						<Vector4>
							7.0137 7.0137 0.000000 0.000000
							<!--BW_String-->
						</Vector4>
					</property>
					<property>
						metallicDetailMap
						<Texture>vehicles/russian/Tank_detail/Details_map.dds</Texture>
					</property>
					<property>
						g_useDetailMetallic
						<Bool>true</Bool>
					</property>
				</material>
				<groupOrigin>0.000595 0.229414 -0.058309</groupOrigin>
			</primitiveGroup>
			<primitiveGroup>
				4
				<material>
					<identifier>tank_upgrade_02</identifier>
					<property>
						selfIllumination
						<Float>0.000000</Float>
					</property>
					<property>
						diffuseMap
						<Texture>vehicles/japan/J16_ST_B1/_skins/J16_ST_B1_BP8_3DSt/ST_B1_BP8_3DSt_upgrade_AM.dds</Texture>
					</property>
					<collisionFlags>0</collisionFlags>
					<materialKind>0</materialKind>
					<fx>shaders/std_effects/PBS_tank.fx</fx>
					<property>
						excludeMaskAndAOMap
						<Texture>vehicles/japan/J16_ST_B1/_skins/J16_ST_B1_BP8_3DSt/ST_B1_BP8_3DSt_upgrade_AO.dds</Texture>
					</property>
					<property>
						metallicGlossMap
						<Texture>vehicles/japan/J16_ST_B1/_skins/J16_ST_B1_BP8_3DSt/ST_B1_BP8_3DSt_upgrade_GMM.dds</Texture>
					</property>
					<property>
						normalMap
						<Texture>vehicles/japan/J16_ST_B1/_skins/J16_ST_B1_BP8_3DSt/ST_B1_BP8_3DSt_upgrade_ANM.dds</Texture>
					</property>
					<property>
						g_detailUVTiling
						<Vector4>
							7.0137 7.0137 0.000000 0.000000
							<!--BW_String-->
						</Vector4>
					</property>
					<property>
						metallicDetailMap
						<Texture>vehicles/russian/Tank_detail/Details_map.dds</Texture>
					</property>
					<property>
						g_useDetailMetallic
						<Bool>true</Bool>
					</property>
				</material>
				<groupOrigin>-0.013642 0.216778 -0.058309</groupOrigin>
			</primitiveGroup>
		</geometry>
	</renderSet>
	<boundingBox>
		<min>-1.741389 -0.606405 -3.666232</min>
		<max>1.783940 0.794100 3.549613</max>
	</boundingBox>
	<geometrySize>3203272</geometrySize>
	<minUVDensity>0.004980</minUVDensity>
</root>
