<?xml version="1.0" encoding="utf-8"?>
<root>
	<node>
		<identifier>Scene Root</identifier>
		<transform>
			<row0>1.000000 0.000000 0.000000</row0>
			<row1>0.000000 1.000000 0.000000</row1>
			<row2>0.000000 0.000000 1.000000</row2>
			<row3>0.000000 0.000000 0.000000</row3>
		</transform>
		<node>
			<identifier>nodes_01</identifier>
			<transform>
				<row0>1.000000 0.000000 0.000000</row0>
				<row1>0.000000 1.000000 0.000000</row1>
				<row2>0.000000 0.000000 1.000000</row2>
				<row3>0.000000 0.000000 0.000000</row3>
			</transform>
			<node>
				<identifier>HP_Fire_1</identifier>
				<transform>
					<row0>1.000000 0.000000 0.000000</row0>
					<row1>0.000000 1.000000 0.000000</row1>
					<row2>0.000000 0.000000 1.000000</row2>
					<row3>0.000000 0.220638 -1.500000</row3>
				</transform>
			</node>
			<node>
				<identifier>HP_Fire_2</identifier>
				<transform>
					<row0>1.000000 0.000000 0.000000</row0>
					<row1>0.000000 1.000000 0.000000</row1>
					<row2>0.000000 0.000000 1.000000</row2>
					<row3>0.000000 0.047833 1.597346</row3>
				</transform>
			</node>
			<node>
				<identifier>HP_TrackUp_LFront</identifier>
				<transform>
					<row0>1.000000 0.000000 0.000000</row0>
					<row1>0.000000 0.844302 0.535868</row1>
					<row2>0.000000 -0.535868 0.844302</row2>
					<row3>-1.306431 0.072469 3.087034</row3>
				</transform>
			</node>
			<node>
				<identifier>HP_TrackUp_LFront_0</identifier>
				<transform>
					<row0>1.000000 0.000000 0.000000</row0>
					<row1>0.000000 0.978208 0.207626</row1>
					<row2>0.000000 -0.207626 0.978208</row2>
					<row3>-1.306431 0.010327 0.078135</row3>
				</transform>
			</node>
			<node>
				<identifier>HP_TrackUp_LRear</identifier>
				<transform>
					<row0>-1.000000 0.000000 0.000000</row0>
					<row1>0.000000 0.810167 -0.586200</row1>
					<row2>-0.000000 -0.586200 -0.810167</row2>
					<row3>-1.306431 0.087761 -2.737403</row3>
				</transform>
			</node>
			<node>
				<identifier>HP_TrackUp_RFront</identifier>
				<transform>
					<row0>1.000000 0.000000 0.000000</row0>
					<row1>0.000000 0.832390 0.554190</row1>
					<row2>0.000000 -0.554190 0.832390</row2>
					<row3>1.306431 0.084206 3.073243</row3>
				</transform>
			</node>
			<node>
				<identifier>HP_TrackUp_RFront_0</identifier>
				<transform>
					<row0>1.000000 0.000000 0.000000</row0>
					<row1>0.000000 0.993427 0.114466</row1>
					<row2>0.000000 -0.114466 0.993427</row2>
					<row3>1.306431 0.005989 0.004740</row3>
				</transform>
			</node>
			<node>
				<identifier>HP_TrackUp_RRear</identifier>
				<transform>
					<row0>-1.000000 0.000000 0.000000</row0>
					<row1>0.000000 0.810167 -0.586200</row1>
					<row2>-0.000000 -0.586200 -0.810167</row2>
					<row3>1.306431 0.088575 -2.738502</row3>
				</transform>
			</node>
			<node>
				<identifier>HP_Track_Exhaus_1</identifier>
				<transform>
					<row0>-0.306470 0.000000 0.951880</row0>
					<row1>0.000000 1.000000 0.000000</row1>
					<row2>-0.951880 0.000000 -0.306470</row2>
					<row3>-0.174969 0.641187 -1.437179</row3>
				</transform>
			</node>
			<node>
				<identifier>HP_Track_Exhaus_2</identifier>
				<transform>
					<row0>-0.295903 0.000000 -0.955218</row0>
					<row1>0.000000 1.000000 0.000000</row1>
					<row2>0.955218 0.000000 -0.295903</row2>
					<row3>0.174992 0.641187 -1.437179</row3>
				</transform>
			</node>
			<node>
				<identifier>HP_turretJoint</identifier>
				<transform>
					<row0>1.000000 0.000000 0.000000</row0>
					<row1>0.000000 1.000000 0.000000</row1>
					<row2>0.000000 0.000000 1.000000</row2>
					<row3>0.000000 0.727866 0.539560</row3>
				</transform>
			</node>
			<node>
				<identifier>HP_HullAnim</identifier>
				<transform>
					<row0>1.000000 0.000000 0.000000</row0>
					<row1>0.000000 1.000000 0.000000</row1>
					<row2>0.000000 0.000000 1.000000</row2>
					<row3>0.000000 0.000000 0.000000</row3>
				</transform>
			</node>
		</node>
	</node>
	<renderSet>
		<treatAsWorldSpaceObject>false</treatAsWorldSpaceObject>
		<node>Scene Root</node>
		<geometry>
			<vertices>vertices</vertices>
			<primitive>indices</primitive>
			<primitiveGroup>
				0
				<material>
					<identifier>tank_hull_01</identifier>
					<fx>shaders/std_effects/PBS_tank.fx</fx>
					<materialKind>0</materialKind>
					<collisionFlags>0</collisionFlags>
					<property>
						colorIdMap
						<Texture>vehicles/russian/common/common_ID.dds</Texture>
					</property>
					<property>
						diffuseMap
						<Texture>vehicles/american/A143_M_V_Y/_skins/A143_M_V_Y_3DSt/M_V_Y_3DSt_hull_01_AM.dds</Texture>
					</property>
					<property>
						excludeMaskAndAOMap
						<Texture>vehicles/american/A143_M_V_Y/_skins/A143_M_V_Y_3DSt/M_V_Y_3DSt_hull_01_AO.dds</Texture>
					</property>
					<property>
						g_detailUVTiling
						<Vector4>7.014000 7.014000 0.000000 0.000000</Vector4>
					</property>
					<property>
						g_useDetailMetallic
						<Bool>true</Bool>
					</property>
					<property>
						metallicDetailMap
						<Texture>vehicles/russian/Tank_detail/Details_map.dds</Texture>
					</property>
					<property>
						metallicGlossMap
						<Texture>vehicles/american/A143_M_V_Y/_skins/A143_M_V_Y_3DSt/M_V_Y_3DSt_hull_01_GMM.dds</Texture>
					</property>
					<property>
						normalMap
						<Texture>vehicles/american/A143_M_V_Y/_skins/A143_M_V_Y_3DSt/M_V_Y_3DSt_hull_01_ANM.dds</Texture>
					</property>
				</material>
				<groupOrigin>0.000000 0.147016 0.118007</groupOrigin>
			</primitiveGroup>
		</geometry>
	</renderSet>
	<boundingBox>
		<min>-1.964783 -0.468867 -3.202427</min>
		<max>1.964783 0.762899 3.091046</max>
	</boundingBox>
	<geometrySize>870894</geometrySize>
	<minUVDensity>0.004137</minUVDensity>
</root>
