<?xml version="1.0" encoding="utf-8"?>
<root>
	<node>
		<identifier>Scene Root</identifier>
		<transform>
			<row0>1.000000 0.000000 0.000000</row0>
			<row1>0.000000 1.000000 0.000000</row1>
			<row2>0.000000 0.000000 1.000000</row2>
			<row3>0.000000 0.000000 0.000000</row3>
		</transform>
		<node>
			<identifier>comorant_root_bn</identifier>
			<transform>
				<row0>0.000000 1.000000 0.000000</row0>
				<row1>-1.000000 0.000000 0.000000</row1>
				<row2>0.000000 0.000000 1.000000</row2>
				<row3>0.000000 0.000000 0.000000</row3>
			</transform>
			<node>
				<identifier>comorant_hips_bn</identifier>
				<transform>
					<row0>0.170020 0.000000 -0.985441</row0>
					<row1>0.000000 1.000000 0.000000</row1>
					<row2>0.985441 0.000000 0.170020</row2>
					<row3>0.248305 0.000000 0.009147</row3>
				</transform>
				<node>
					<identifier>comorant_l_upperPaw_bn</identifier>
					<transform>
						<row0>0.605577 -0.243735 -0.757542</row0>
						<row1>0.085008 -0.926681 0.366109</row1>
						<row2>-0.791234 -0.286104 -0.540457</row2>
						<row3>-0.036958 -0.040771 0.018855</row3>
					</transform>
					<node>
						<identifier>comorant_l_knee_bn</identifier>
						<transform>
							<row0>-0.089333 -0.203372 0.975018</row0>
							<row1>0.199215 0.955502 0.217553</row1>
							<row2>-0.975875 0.213673 -0.044843</row2>
							<row3>0.108061 0.000000 -0.000000</row3>
						</transform>
						<node>
							<identifier>comorant_l_lowerPaw_bn</identifier>
							<transform>
								<row0>0.465070 -0.050810 -0.883815</row0>
								<row1>0.030986 0.998674 -0.041108</row1>
								<row2>0.884731 -0.008268 0.466028</row2>
								<row3>0.118799 -0.000000 0.000000</row3>
							</transform>
							<node>
								<identifier>comorant_l_ancle_bn</identifier>
								<transform>
									<row0>0.446113 0.036105 -0.894248</row0>
									<row1>0.065915 0.995147 0.073061</row1>
									<row2>0.892546 -0.091538 0.441568</row2>
									<row3>0.091938 -0.000000 -0.000000</row3>
								</transform>
								<node>
									<identifier>comorant_l_ancle_bn_BlendBone</identifier>
									<transform>
										<row0>0.023471 0.998255 -0.054194</row0>
										<row1>-0.208058 -0.048145 -0.976931</row1>
										<row2>0.977835 -0.034205 -0.206565</row2>
										<row3>0.037396 -0.077824 0.018963</row3>
									</transform>
								</node>
							</node>
							<node>
								<identifier>comorant_l_lowerPaw_bn_BlendBone</identifier>
								<transform>
									<row0>0.027899 0.999218 0.028015</row0>
									<row1>-0.967947 0.034003 -0.248844</row1>
									<row2>0.249602 0.020174 -0.968139</row2>
									<row3>0.120417 -0.077832 -0.030754</row3>
								</transform>
							</node>
						</node>
						<node>
							<identifier>comorant_l_knee_bn_BlendBone</identifier>
							<transform>
								<row0>0.068723 0.996244 -0.052678</row0>
								<row1>-0.669269 0.085197 0.738120</row1>
								<row2>-0.739835 0.015470 -0.672610</row2>
								<row3>0.145181 -0.083593 -0.117559</row3>
							</transform>
						</node>
					</node>
					<node>
						<identifier>comorant_l_upperPaw_bn_BlendBone</identifier>
						<transform>
							<row0>0.243735 0.926681 0.286104</row0>
							<row1>-0.643552 0.375232 -0.667114</row1>
							<row2>0.725557 0.021524 -0.687825</row2>
							<row3>0.193161 -0.134518 0.128639</row3>
						</transform>
					</node>
				</node>
				<node>
					<identifier>comorant_r_upperPaw_bn</identifier>
					<transform>
						<row0>-0.605577 -0.243735 0.757542</row0>
						<row1>-0.085008 -0.926681 -0.366109</row1>
						<row2>0.791234 -0.286104 0.540457</row2>
						<row3>-0.036958 0.040771 0.018856</row3>
					</transform>
					<node>
						<identifier>comorant_r_knee_bn</identifier>
						<transform>
							<row0>-0.089333 -0.203372 0.975018</row0>
							<row1>0.199215 0.955502 0.217553</row1>
							<row2>-0.975875 0.213673 -0.044843</row2>
							<row3>-0.108061 -0.000000 -0.000000</row3>
						</transform>
						<node>
							<identifier>comorant_r_lowerPaw_bn</identifier>
							<transform>
								<row0>0.465070 -0.050810 -0.883815</row0>
								<row1>0.030986 0.998674 -0.041108</row1>
								<row2>0.884732 -0.008268 0.466028</row2>
								<row3>-0.118799 0.000000 0.000000</row3>
							</transform>
							<node>
								<identifier>comorant_r_ancle_bn</identifier>
								<transform>
									<row0>0.446113 0.036105 -0.894248</row0>
									<row1>0.065915 0.995147 0.073062</row1>
									<row2>0.892546 -0.091538 0.441568</row2>
									<row3>-0.091938 -0.000000 0.000000</row3>
								</transform>
								<node>
									<identifier>comorant_r_toe_bn</identifier>
									<transform>
										<row0>0.977836 -0.034217 -0.206556</row0>
										<row1>0.023479 0.998253 -0.054216</row1>
										<row2>0.208050 0.048165 0.976931</row2>
										<row3>-0.052524 0.000000 -0.000000</row3>
									</transform>
									<node>
										<identifier>comorant_r_toe_bn_BlendBone</identifier>
										<transform>
											<row0>-0.000012 1.000000 0.000019</row0>
											<row1>0.000009 -0.000019 1.000000</row1>
											<row2>-1.000000 -0.000012 0.000009</row2>
											<row3>0.016047 0.079071 -0.011630</row3>
										</transform>
									</node>
								</node>
								<node>
									<identifier>comorant_r_ancle_bn_BlendBone</identifier>
									<transform>
										<row0>0.023471 0.998255 -0.054194</row0>
										<row1>0.208058 0.048145 0.976931</row1>
										<row2>-0.977835 0.034205 0.206565</row2>
										<row3>-0.037396 0.077824 -0.018964</row3>
									</transform>
								</node>
							</node>
							<node>
								<identifier>comorant_r_lowerPaw_bn_BlendBone</identifier>
								<transform>
									<row0>0.027899 0.999218 0.028015</row0>
									<row1>0.967947 -0.034003 0.248844</row1>
									<row2>-0.249602 -0.020174 0.968139</row2>
									<row3>-0.120417 0.077832 0.030754</row3>
								</transform>
							</node>
						</node>
						<node>
							<identifier>comorant_r_knee_bn_BlendBone</identifier>
							<transform>
								<row0>0.068723 0.996244 -0.052678</row0>
								<row1>0.669269 -0.085197 -0.738120</row1>
								<row2>0.739835 -0.015470 0.672610</row2>
								<row3>-0.145181 0.083593 0.117559</row3>
							</transform>
						</node>
					</node>
					<node>
						<identifier>comorant_r_upperPaw_bn_BlendBone</identifier>
						<transform>
							<row0>0.243735 0.926681 0.286104</row0>
							<row1>0.643552 -0.375232 0.667114</row1>
							<row2>-0.725557 -0.021524 0.687825</row2>
							<row3>-0.193161 0.134518 -0.128640</row3>
						</transform>
					</node>
				</node>
				<node>
					<identifier>comorant_spine_01_bn</identifier>
					<transform>
						<row0>0.955967 -0.000000 0.293473</row0>
						<row1>0.000000 1.000000 0.000000</row1>
						<row2>-0.293473 -0.000000 0.955967</row2>
						<row3>0.113928 -0.000000 0.000000</row3>
					</transform>
					<node>
						<identifier>comorant_Spine_02_bn</identifier>
						<transform>
							<row0>0.862876 -0.000000 0.505416</row0>
							<row1>0.000000 1.000000 0.000000</row1>
							<row2>-0.505416 0.000000 0.862876</row2>
							<row3>0.120506 -0.000000 -0.000000</row3>
						</transform>
						<node>
							<identifier>comorant_l_wingBase_bn</identifier>
							<transform>
								<row0>-0.369384 -0.517303 0.771980</row0>
								<row1>0.222895 0.757160 0.614025</row1>
								<row2>-0.902149 0.398882 -0.164378</row2>
								<row3>0.051441 -0.048487 0.059997</row3>
							</transform>
							<node>
								<identifier>comorant_l_wing_01_bn</identifier>
								<transform>
									<row0>0.954172 -0.113508 -0.276895</row0>
									<row1>0.125402 0.991776 0.025572</row1>
									<row2>0.271716 -0.059124 0.960560</row2>
									<row3>0.075775 0.000000 0.000000</row3>
								</transform>
								<node>
									<identifier>comorant_l_wing_02_bn</identifier>
									<transform>
										<row0>0.898882 -0.204617 -0.387483</row0>
										<row1>0.238656 0.970226 0.041289</row1>
										<row2>0.367498 -0.129589 0.920952</row2>
										<row3>0.260816 0.000000 0.000000</row3>
									</transform>
									<node>
										<identifier>comorant_l_wing_03_bn</identifier>
										<transform>
											<row0>0.612537 -0.442475 0.654991</row0>
											<row1>0.505782 0.856198 0.105399</row1>
											<row2>-0.607439 0.266722 0.748249</row2>
											<row3>0.273217 0.000001 -0.000001</row3>
										</transform>
										<node>
											<identifier>comorant_l_wing_04_bn</identifier>
											<transform>
												<row0>0.982645 -0.000000 0.185495</row0>
												<row1>-0.000000 1.000000 -0.000000</row1>
												<row2>-0.185495 -0.000000 0.982645</row2>
												<row3>0.239909 0.000000 -0.000000</row3>
											</transform>
											<node>
												<identifier>comorant_l_wing_04_bn_BlendBone</identifier>
												<transform>
													<row0>0.737070 -0.002836 -0.675810</row0>
													<row1>-0.535272 0.608016 -0.586345</row1>
													<row2>-0.412566 -0.793920 -0.446633</row2>
													<row3>-0.331392 -0.468545 0.677516</row3>
												</transform>
											</node>
										</node>
										<node>
											<identifier>comorant_l_wing_03_bn_BlendBone</identifier>
											<transform>
												<row0>0.849638 -0.002836 -0.527359</row0>
												<row1>-0.417219 0.608016 -0.675459</row1>
												<row2>-0.322558 -0.793920 -0.515410</row2>
												<row3>-0.211407 -0.468545 0.604286</row3>
											</transform>
										</node>
									</node>
									<node>
										<identifier>comorant_l_wing_02_bn_BlendBone</identifier>
										<transform>
											<row0>0.839339 -0.519030 0.161611</row0>
											<row1>0.462262 0.525031 -0.714602</row1>
											<row2>-0.286049 -0.674500 -0.680607</row2>
											<row3>-0.460327 -0.146447 0.264302</row3>
										</transform>
									</node>
								</node>
								<node>
									<identifier>comorant_l_wing_01_bn_BlendBone</identifier>
									<transform>
										<row0>0.689989 -0.696262 -0.197824</row0>
										<row1>0.278206 0.507417 -0.815555</row1>
										<row2>-0.668219 -0.507688 -0.543816</row2>
										<row3>-0.090784 -0.082147 0.415731</row3>
									</transform>
								</node>
							</node>
							<node>
								<identifier>comorant_l_wingBase_bn_BlendBone</identifier>
								<transform>
									<row0>0.517303 -0.757160 -0.398882</row0>
									<row1>0.107488 0.519884 -0.847447</row1>
									<row2>-0.849025 -0.395512 -0.350324</row2>
									<row3>0.091811 -0.095746 0.422372</row3>
								</transform>
							</node>
						</node>
						<node>
							<identifier>comorant_neckBase_bn</identifier>
							<transform>
								<row0>0.926206 -0.000000 0.377017</row0>
								<row1>0.000000 1.000000 0.000000</row1>
								<row2>-0.377017 -0.000000 0.926207</row2>
								<row3>0.109793 -0.000000 0.000000</row3>
							</transform>
							<node>
								<identifier>comorant_neck_01_bn</identifier>
								<transform>
									<row0>0.999530 -0.000000 -0.030661</row0>
									<row1>0.000000 1.000000 0.000000</row1>
									<row2>0.030661 -0.000000 0.999530</row2>
									<row3>0.094399 -0.000000 0.000000</row3>
								</transform>
								<node>
									<identifier>comorant_head_bn</identifier>
									<transform>
										<row0>0.214633 -0.000000 -0.976695</row0>
										<row1>0.000000 1.000000 0.000000</row1>
										<row2>0.976695 -0.000000 0.214633</row2>
										<row3>0.094714 -0.000000 0.000000</row3>
									</transform>
									<node>
										<identifier>comorant_head_bn_BlendBone</identifier>
										<transform>
											<row0>-0.000000 -1.000000 0.000000</row0>
											<row1>-0.000000 0.000000 1.000000</row1>
											<row2>1.000000 0.000000 0.000000</row2>
											<row3>-0.307838 0.000000 -0.599697</row3>
										</transform>
									</node>
								</node>
								<node>
									<identifier>comorant_neck_01_bn_BlendBone</identifier>
									<transform>
										<row0>0.000000 -1.000000 0.000000</row0>
										<row1>0.976695 0.000000 0.214633</row1>
										<row2>0.214633 0.000000 -0.976695</row2>
										<row3>-0.557079 0.000000 0.171949</row3>
									</transform>
								</node>
							</node>
							<node>
								<identifier>comorant_neckBase_bn_BlendBone</identifier>
								<transform>
									<row0>0.000000 -1.000000 0.000000</row0>
									<row1>0.982816 0.000000 0.184586</row1>
									<row2>0.184586 0.000000 -0.982816</row2>
									<row3>-0.457147 0.000000 0.188949</row3>
								</transform>
							</node>
						</node>
						<node>
							<identifier>comorant_r_wingBase_bn</identifier>
							<transform>
								<row0>0.369384 -0.517303 -0.771980</row0>
								<row1>-0.222895 0.757160 -0.614025</row1>
								<row2>0.902149 0.398882 0.164378</row2>
								<row3>0.051441 0.048487 0.059997</row3>
							</transform>
							<node>
								<identifier>comorant_r_wing_01_bn</identifier>
								<transform>
									<row0>0.954172 -0.113508 -0.276895</row0>
									<row1>0.125402 0.991776 0.025572</row1>
									<row2>0.271716 -0.059124 0.960560</row2>
									<row3>-0.075775 -0.000000 0.000000</row3>
								</transform>
								<node>
									<identifier>comorant_r_wing_02_bn</identifier>
									<transform>
										<row0>0.898882 -0.204617 -0.387483</row0>
										<row1>0.238656 0.970226 0.041289</row1>
										<row2>0.367498 -0.129589 0.920952</row2>
										<row3>-0.260816 -0.000000 0.000000</row3>
									</transform>
									<node>
										<identifier>comorant_r_wing_03_bn</identifier>
										<transform>
											<row0>0.612537 -0.442475 0.654991</row0>
											<row1>0.505782 0.856198 0.105399</row1>
											<row2>-0.607439 0.266722 0.748249</row2>
											<row3>-0.273217 -0.000001 0.000001</row3>
										</transform>
										<node>
											<identifier>comorant_r_wing_04_bn</identifier>
											<transform>
												<row0>0.982645 -0.000000 0.185495</row0>
												<row1>-0.000000 1.000000 -0.000000</row1>
												<row2>-0.185495 -0.000000 0.982645</row2>
												<row3>-0.239909 0.000000 0.000000</row3>
											</transform>
											<node>
												<identifier>comorant_r_wing_04_bn_BlendBone</identifier>
												<transform>
													<row0>0.737070 -0.002836 -0.675810</row0>
													<row1>0.535272 -0.608016 0.586345</row1>
													<row2>0.412566 0.793920 0.446633</row2>
													<row3>0.331392 0.468545 -0.677516</row3>
												</transform>
											</node>
										</node>
										<node>
											<identifier>comorant_r_wing_03_bn_BlendBone</identifier>
											<transform>
												<row0>0.849638 -0.002836 -0.527359</row0>
												<row1>0.417219 -0.608016 0.675459</row1>
												<row2>0.322558 0.793920 0.515410</row2>
												<row3>0.211407 0.468545 -0.604286</row3>
											</transform>
										</node>
									</node>
									<node>
										<identifier>comorant_r_wing_02_bn_BlendBone</identifier>
										<transform>
											<row0>0.839339 -0.519030 0.161611</row0>
											<row1>-0.462262 -0.525031 0.714602</row1>
											<row2>0.286049 0.674500 0.680607</row2>
											<row3>0.460327 0.146447 -0.264302</row3>
										</transform>
									</node>
								</node>
								<node>
									<identifier>comorant_r_wing_01_bn_BlendBone</identifier>
									<transform>
										<row0>0.689989 -0.696262 -0.197824</row0>
										<row1>-0.278206 -0.507417 0.815555</row1>
										<row2>0.668219 0.507688 0.543816</row2>
										<row3>0.090784 0.082147 -0.415731</row3>
									</transform>
								</node>
							</node>
							<node>
								<identifier>comorant_r_wingBase_bn_BlendBone</identifier>
								<transform>
									<row0>0.517303 -0.757160 -0.398882</row0>
									<row1>-0.107488 -0.519884 0.847447</row1>
									<row2>0.849025 0.395512 0.350324</row2>
									<row3>-0.091811 0.095746 -0.422372</row3>
								</transform>
							</node>
						</node>
						<node>
							<identifier>comorant_Spine_02_bn_BlendBone</identifier>
							<transform>
								<row0>0.000000 -1.000000 0.000000</row0>
								<row1>0.840699 0.000000 0.541503</row1>
								<row2>0.541503 0.000000 -0.840699</row2>
								<row3>-0.384856 0.000000 0.002654</row3>
							</transform>
						</node>
					</node>
					<node>
						<identifier>comorant_spine_01_bn_BlendBone</identifier>
						<transform>
							<row0>0.000000 -1.000000 0.000000</row0>
							<row1>0.451734 0.000000 0.892153</row1>
							<row2>0.892153 0.000000 -0.451734</row2>
							<row3>-0.212918 0.000000 -0.192223</row3>
						</transform>
					</node>
				</node>
				<node>
					<identifier>comorant_tail_01_bn</identifier>
					<transform>
						<row0>-0.919115 -0.000000 -0.393990</row0>
						<row1>0.000000 -1.000000 0.000000</row1>
						<row2>-0.393990 -0.000000 0.919115</row2>
						<row3>-0.117749 -0.000000 -0.052961</row3>
					</transform>
					<node>
						<identifier>comorant_tail_02_bn</identifier>
						<transform>
							<row0>0.936023 0.000000 0.351940</row0>
							<row1>0.000000 1.000000 0.000000</row1>
							<row2>-0.351940 0.000000 0.936023</row2>
							<row3>0.124424 -0.000000 -0.000000</row3>
						</transform>
						<node>
							<identifier>comorant_tail_02_bn_BlendBone</identifier>
							<transform>
								<row0>0.000000 1.000000 0.000000</row0>
								<row1>-0.214497 -0.000000 0.976725</row1>
								<row2>-0.976725 0.000000 -0.214497</row2>
								<row3>-0.192165 0.000000 -0.153126</row3>
							</transform>
						</node>
					</node>
					<node>
						<identifier>comorant_tail_01_bn_BlendBone</identifier>
						<transform>
							<row0>-0.000000 1.000000 0.000000</row0>
							<row1>-0.544522 -0.000000 0.838747</row1>
							<row2>-0.838747 0.000000 -0.544522</row2>
							<row3>-0.001556 0.000000 -0.210960</row3>
						</transform>
					</node>
				</node>
				<node>
					<identifier>comorant_hips_bn_BlendBone</identifier>
					<transform>
						<row0>0.000000 -1.000000 0.000000</row0>
						<row1>0.170020 0.000000 0.985441</row1>
						<row2>0.985441 0.000000 -0.170020</row2>
						<row3>-0.033203 0.000000 -0.246245</row3>
					</transform>
				</node>
			</node>
		</node>
	</node>
	<renderSet>
		<treatAsWorldSpaceObject>true</treatAsWorldSpaceObject>
		<node>comorant_tail_01_bn_BlendBone</node>
		<node>comorant_tail_02_bn_BlendBone</node>
		<node>comorant_hips_bn_BlendBone</node>
		<node>comorant_Spine_02_bn_BlendBone</node>
		<node>comorant_r_wingBase_bn_BlendBone</node>
		<node>comorant_r_knee_bn_BlendBone</node>
		<node>comorant_r_upperPaw_bn_BlendBone</node>
		<node>comorant_r_wing_01_bn_BlendBone</node>
		<node>comorant_spine_01_bn_BlendBone</node>
		<node>comorant_r_lowerPaw_bn_BlendBone</node>
		<node>comorant_r_ancle_bn_BlendBone</node>
		<node>comorant_r_wing_02_bn_BlendBone</node>
		<node>comorant_r_wing_03_bn_BlendBone</node>
		<node>comorant_l_knee_bn_BlendBone</node>
		<node>comorant_l_lowerPaw_bn_BlendBone</node>
		<geometry>
			<vertices>s0Shape_split_1.vertices</vertices>
			<primitive>s0Shape_split_1.indices</primitive>
			<primitiveGroup>
				0
				<material>
					<identifier>s_nd0_skinned</identifier>
					<fx>shaders/std_effects/PBS_ext_skinned.fx</fx>
					<materialKind>101</materialKind>
					<collisionFlags>255</collisionFlags>
					<property>
						diffuseMap
						<Texture>content/Characters/hd_char_ANML_003_Cormorant/hd_dec_AS_002_Cormorant_AM.dds</Texture>
					</property>
					<property>
						metallicGlossMap
						<Texture>content/Characters/hd_char_ANML_003_Cormorant/hd_dec_AS_002_Cormorant_GMM.dds</Texture>
					</property>
					<property>
						normalMap
						<Texture>content/Characters/hd_char_ANML_003_Cormorant/hd_dec_AS_002_Cormorant_ANM.dds</Texture>
					</property>
					<property>
						alphaReference
						<Int>92</Int>
					</property>
					<property>
						alphaTestEnable
						<Bool>true</Bool>
					</property>
					<property>
						g_enableAO
						<Bool>true</Bool>
					</property>
				</material>
				<groupOrigin>-0.199996 0.225027 -0.026210</groupOrigin>
			</primitiveGroup>
		</geometry>
	</renderSet>
	<renderSet>
		<treatAsWorldSpaceObject>true</treatAsWorldSpaceObject>
		<node>comorant_l_wing_01_bn_BlendBone</node>
		<node>comorant_l_wing_02_bn_BlendBone</node>
		<node>comorant_hips_bn_BlendBone</node>
		<node>comorant_l_wingBase_bn_BlendBone</node>
		<node>comorant_spine_01_bn_BlendBone</node>
		<node>comorant_neckBase_bn_BlendBone</node>
		<node>comorant_Spine_02_bn_BlendBone</node>
		<node>comorant_neck_01_bn_BlendBone</node>
		<node>comorant_r_wingBase_bn_BlendBone</node>
		<node>comorant_head_bn_BlendBone</node>
		<node>comorant_l_wing_03_bn_BlendBone</node>
		<node>comorant_l_wing_04_bn_BlendBone</node>
		<node>comorant_l_knee_bn_BlendBone</node>
		<node>comorant_l_upperPaw_bn_BlendBone</node>
		<node>comorant_l_lowerPaw_bn_BlendBone</node>
		<node>comorant_tail_01_bn_BlendBone</node>
		<node>comorant_l_ancle_bn_BlendBone</node>
		<node>comorant_tail_02_bn_BlendBone</node>
		<node>comorant_r_wing_01_bn_BlendBone</node>
		<node>comorant_r_wing_02_bn_BlendBone</node>
		<node>comorant_r_wing_03_bn_BlendBone</node>
		<node>comorant_r_wing_04_bn_BlendBone</node>
		<geometry>
			<vertices>s0Shape_split_0.vertices</vertices>
			<primitive>s0Shape_split_0.indices</primitive>
			<primitiveGroup>
				0
				<material>
					<identifier>s_nd0_skinned</identifier>
					<fx>shaders/std_effects/PBS_ext_skinned.fx</fx>
					<materialKind>101</materialKind>
					<collisionFlags>255</collisionFlags>
					<property>
						diffuseMap
						<Texture>content/Characters/hd_char_ANML_003_Cormorant/hd_dec_AS_002_Cormorant_AM.dds</Texture>
					</property>
					<property>
						metallicGlossMap
						<Texture>content/Characters/hd_char_ANML_003_Cormorant/hd_dec_AS_002_Cormorant_GMM.dds</Texture>
					</property>
					<property>
						normalMap
						<Texture>content/Characters/hd_char_ANML_003_Cormorant/hd_dec_AS_002_Cormorant_ANM.dds</Texture>
					</property>
					<property>
						alphaReference
						<Int>92</Int>
					</property>
					<property>
						alphaTestEnable
						<Bool>true</Bool>
					</property>
					<property>
						g_enableAO
						<Bool>true</Bool>
					</property>
				</material>
				<groupOrigin>0.002042 0.329656 0.038654</groupOrigin>
			</primitiveGroup>
		</geometry>
	</renderSet>
	<constraints/>
	<boundingBox>
		<min>-0.941451 0.002214 -0.518555</min>
		<max>0.946953 0.665915 0.441657</max>
	</boundingBox>
	<geometrySize>9320</geometrySize>
	<minUVDensity>0.280672</minUVDensity>
</root>
