<?xml version="1.0" encoding="utf-8"?>
<root>
	<node>
		<identifier>Scene Root</identifier>
		<transform>
			<row0>1.000000 0.000000 0.000000</row0>
			<row1>0.000000 1.000000 0.000000</row1>
			<row2>0.000000 0.000000 1.000000</row2>
			<row3>0.000000 0.000000 0.000000</row3>
		</transform>
		<node>
			<identifier>HP_Fire_1</identifier>
			<transform>
				<row0>1.000000 0.000000 0.000000</row0>
				<row1>0.000000 1.000000 0.000000</row1>
				<row2>0.000000 0.000000 1.000000</row2>
				<row3>0.000000 0.460583 -1.372580</row3>
			</transform>
		</node>
		<node>
			<identifier>HP_Fire_2</identifier>
			<transform>
				<row0>1.000000 0.000000 0.000000</row0>
				<row1>0.000000 1.000000 0.000000</row1>
				<row2>0.000000 0.000000 1.000000</row2>
				<row3>0.000000 0.305748 1.714120</row3>
			</transform>
		</node>
		<node>
			<identifier>HP_TrackUp_LFront</identifier>
			<transform>
				<row0>1.000000 0.000000 0.000000</row0>
				<row1>0.000000 0.978148 0.207912</row1>
				<row2>0.000000 -0.207912 0.978148</row2>
				<row3>-1.321870 0.085894 2.368180</row3>
			</transform>
		</node>
		<node>
			<identifier>HP_TrackUp_LRear</identifier>
			<transform>
				<row0>-1.000000 0.000000 0.000000</row0>
				<row1>0.000000 0.990268 -0.139173</row1>
				<row2>-0.000000 -0.139173 -0.990268</row2>
				<row3>-1.321870 0.108891 -2.388510</row3>
			</transform>
		</node>
		<node>
			<identifier>HP_TrackUp_RFront</identifier>
			<transform>
				<row0>1.000000 0.000000 0.000000</row0>
				<row1>0.000000 0.978148 0.207912</row1>
				<row2>0.000000 -0.207912 0.978148</row2>
				<row3>1.321870 0.085894 2.367060</row3>
			</transform>
		</node>
		<node>
			<identifier>HP_TrackUp_RRear</identifier>
			<transform>
				<row0>-1.000000 0.000000 0.000000</row0>
				<row1>0.000000 0.990268 -0.139173</row1>
				<row2>-0.000000 -0.139173 -0.990268</row2>
				<row3>1.321870 0.108891 -2.389630</row3>
			</transform>
		</node>
		<node>
			<identifier>HP_Track_Exhaus_1</identifier>
			<transform>
				<row0>0.000000 -1.000000 -0.000000</row0>
				<row1>0.000000 -0.000000 1.000000</row1>
				<row2>-1.000000 -0.000000 0.000000</row2>
				<row3>-1.044090 0.196581 2.111720</row3>
			</transform>
		</node>
		<node>
			<identifier>HP_Track_Exhaus_2</identifier>
			<transform>
				<row0>0.000000 1.000000 0.000000</row0>
				<row1>-0.000000 0.000000 1.000000</row1>
				<row2>1.000000 -0.000000 0.000000</row2>
				<row3>1.044090 0.196190 2.112000</row3>
			</transform>
		</node>
		<node>
			<identifier>HP_turretJoint</identifier>
			<transform>
				<row0>1.000000 0.000000 0.000000</row0>
				<row1>0.000000 1.000000 0.000000</row1>
				<row2>0.000000 0.000000 1.000000</row2>
				<row3>0.000000 0.556249 -1.119910</row3>
			</transform>
		</node>
		<node>
			<identifier>lod0</identifier>
			<transform>
				<row0>1.000000 0.000000 0.000000</row0>
				<row1>0.000000 1.000000 0.000000</row1>
				<row2>0.000000 0.000000 1.000000</row2>
				<row3>0.000000 0.000000 0.000000</row3>
			</transform>
			<node>
				<identifier>hull</identifier>
				<transform>
					<row0>1.000000 0.000000 0.000000</row0>
					<row1>0.000000 1.000000 0.000000</row1>
					<row2>0.000000 0.000000 1.000000</row2>
					<row3>0.000000 -0.760810 0.000000</row3>
				</transform>
			</node>
		</node>
	</node>
	<renderSet>
		<treatAsWorldSpaceObject>false</treatAsWorldSpaceObject>
		<node>Scene Root</node>
		<geometry>
			<vertices>vertices</vertices>
			<stream>colour</stream>
			<primitive>indices</primitive>
			<primitiveGroup>
				0
				<material>
					<identifier>tank_hull_01</identifier>
					<fx>shaders/std_effects/PBS_tank.fx</fx>
					<collisionFlags>0</collisionFlags>
					<materialKind>0</materialKind>
					<property>
						g_detailUVTiling
						<Vector4>
							7.0137 7.0137 0.000000 0.000000
							<!--BW_String-->
						</Vector4>
					</property>
					<property>
						g_detailPowerGloss
						<Float>
							0.35
							<!--BW_String-->
						</Float>
					</property>
					<property>
						g_detailPowerAlbedo
						<Float>
							0.11
							<!--BW_String-->
						</Float>
					</property>
					<property>
						g_detailPower
						<Float>5</Float>
					</property>
					<property>
						metallicDetailMap
						<Texture>vehicles/russian/Tank_detail/Details_map.dds</Texture>
					</property>
					<property>
						g_useDetailMetallic
						<Bool>true</Bool>
					</property>
					<property>
						g_useNormalPackDXT1
						<Bool>false</Bool>
					</property>
					<property>
						excludeMaskAndAOMap
						<Texture>vehicles/german/G109_Steyr_WT/Steyr_WT_hull_01_AO.dds</Texture>
					</property>
					<property>
						colorIdMap
						<Texture>vehicles/russian/common/common_ID.dds</Texture>
					</property>
					<property>
						metallicGlossMap
						<Texture>vehicles/german/G109_Steyr_WT/Steyr_WT_hull_01_GMM.dds</Texture>
					</property>
					<property>
						normalMap
						<Texture>vehicles/german/G109_Steyr_WT/Steyr_WT_hull_01_ANM.dds</Texture>
					</property>
					<property>
						diffuseMap
						<Texture>vehicles/german/G109_Steyr_WT/Steyr_WT_hull_01_AM.dds</Texture>
					</property>
					<property>
						g_maskBias
						<Float>
							0.22
							<!--BW_String-->
						</Float>
					</property>
				</material>
				<groupOrigin>0.000000 0.203941 -0.065872</groupOrigin>
			</primitiveGroup>
		</geometry>
	</renderSet>
	<boundingBox>
		<min>-1.564224 -0.363466 -2.837249</min>
		<max>1.564224 0.771349 2.705505</max>
	</boundingBox>
	<geometrySize>620244</geometrySize>
	<minUVDensity>0.003007</minUVDensity>
</root>
