<?xml version="1.0" encoding="utf-8"?>
<root>
	<node>
		<identifier>Scene Root</identifier>
		<transform>
			<row0>1.000000 0.000000 0.000000</row0>
			<row1>0.000000 1.000000 0.000000</row1>
			<row2>0.000000 0.000000 1.000000</row2>
			<row3>0.000000 0.000000 0.000000</row3>
		</transform>
		<node>
			<identifier>lod0</identifier>
			<transform>
				<row0>1.000000 0.000000 0.000000</row0>
				<row1>0.000000 1.000000 0.000000</row1>
				<row2>0.000000 0.000000 1.000000</row2>
				<row3>0.000000 0.000000 0.000000</row3>
			</transform>
			<node>
				<identifier>hull</identifier>
				<transform>
					<row0>1.000000 0.000000 0.000000</row0>
					<row1>0.000000 1.000000 0.000000</row1>
					<row2>0.000000 0.000000 1.000000</row2>
					<row3>0.000000 -0.880225 0.000000</row3>
				</transform>
			</node>
		</node>
		<node>
			<identifier>nodes_01</identifier>
			<transform>
				<row0>1.000000 0.000000 0.000000</row0>
				<row1>0.000000 1.000000 0.000000</row1>
				<row2>0.000000 0.000000 1.000000</row2>
				<row3>0.000000 0.000000 0.000000</row3>
			</transform>
			<node>
				<identifier>HP_Fire_1</identifier>
				<transform>
					<row0>1.000000 0.000000 0.000000</row0>
					<row1>0.000000 1.000000 0.000000</row1>
					<row2>0.000000 0.000000 1.000000</row2>
					<row3>0.000000 0.149963 -2.154013</row3>
				</transform>
			</node>
			<node>
				<identifier>HP_Fire_2</identifier>
				<transform>
					<row0>1.000000 0.000000 0.000000</row0>
					<row1>0.000000 1.000000 0.000000</row1>
					<row2>0.000000 0.000000 1.000000</row2>
					<row3>0.000000 0.145222 2.417413</row3>
				</transform>
			</node>
			<node>
				<identifier>HP_TrackUp_LFront</identifier>
				<transform>
					<row0>1.000000 0.000000 0.000000</row0>
					<row1>0.000000 0.556006 0.831178</row1>
					<row2>0.000000 -0.831178 0.556006</row2>
					<row3>-1.327548 -0.045691 3.468445</row3>
				</transform>
			</node>
			<node>
				<identifier>HP_TrackUp_LRear</identifier>
				<transform>
					<row0>-1.000000 0.000000 0.000000</row0>
					<row1>0.000000 0.699903 -0.714238</row1>
					<row2>-0.000000 -0.714238 -0.699903</row2>
					<row3>-1.327548 0.024895 -3.450146</row3>
				</transform>
			</node>
			<node>
				<identifier>HP_TrackUp_RFront</identifier>
				<transform>
					<row0>1.000000 0.000000 0.000000</row0>
					<row1>0.000000 0.556006 0.831178</row1>
					<row2>0.000000 -0.831178 0.556006</row2>
					<row3>1.327548 -0.045691 3.468445</row3>
				</transform>
			</node>
			<node>
				<identifier>HP_TrackUp_RRear</identifier>
				<transform>
					<row0>-1.000000 0.000000 0.000000</row0>
					<row1>0.000000 0.699903 -0.714238</row1>
					<row2>-0.000000 -0.714238 -0.699903</row2>
					<row3>1.327548 0.024895 -3.450146</row3>
				</transform>
			</node>
			<node>
				<identifier>HP_Track_Exhaus_1</identifier>
				<transform>
					<row0>0.989019 0.104193 0.104809</row0>
					<row1>0.104193 0.011355 -0.994492</row1>
					<row2>-0.104809 0.994492 0.000374</row2>
					<row3>-1.360594 0.611493 -1.401343</row3>
				</transform>
			</node>
			<node>
				<identifier>HP_Track_Exhaus_2</identifier>
				<transform>
					<row0>0.987923 -0.109174 -0.109952</row0>
					<row1>-0.109174 0.013091 -0.993936</row1>
					<row2>0.109952 0.993936 0.001014</row2>
					<row3>1.360594 0.611493 -1.401343</row3>
				</transform>
			</node>
			<node>
				<identifier>HP_turretJoint</identifier>
				<transform>
					<row0>1.000000 0.000000 0.000000</row0>
					<row1>0.000000 1.000000 0.000000</row1>
					<row2>0.000000 0.000000 1.000000</row2>
					<row3>-0.002400 0.592175 0.648000</row3>
				</transform>
			</node>
		</node>
	</node>
	<renderSet>
		<treatAsWorldSpaceObject>false</treatAsWorldSpaceObject>
		<node>Scene Root</node>
		<geometry>
			<vertices>vertices</vertices>
			<primitive>indices</primitive>
			<primitiveGroup>
				0
				<material>
					<identifier>tank_hull_01</identifier>
					<collisionFlags>0</collisionFlags>
					<materialKind>0</materialKind>
					<fx>shaders/std_effects/PBS_tank.fx</fx>
					<property>
						diffuseMap
						<Texture>vehicles/russian/R155_Object_277/_skin/R155_Object_277_3Dst/Object_277_3Dst_hull_01_AM.dds</Texture>
					</property>
					<property>
						excludeMaskAndAOMap
						<Texture>vehicles/russian/R155_Object_277/_skin/R155_Object_277_3Dst/Object_277_3Dst_hull_01_AO.dds</Texture>
					</property>
					<property>
						g_detailUVTiling
						<Vector4>
							8.41644 8.41644 0.000000 0.000000
							<!--BW_String-->
						</Vector4>
					</property>
					<property>
						g_useDetailMetallic
						<Bool>true</Bool>
					</property>
					<property>
						metallicDetailMap
						<Texture>vehicles/russian/Tank_detail/Details_map.dds</Texture>
					</property>
					<property>
						metallicGlossMap
						<Texture>vehicles/russian/R155_Object_277/_skin/R155_Object_277_3Dst/Object_277_3Dst_hull_01_GMM.dds</Texture>
					</property>
					<property>
						normalMap
						<Texture>vehicles/russian/R155_Object_277/_skin/R155_Object_277_3Dst/Object_277_3Dst_hull_01_ANM.dds</Texture>
					</property>
				</material>
				<groupOrigin>0.000000 0.045503 -0.207913</groupOrigin>
			</primitiveGroup>
			<primitiveGroup>
				1
				<material>
					<identifier>tank_hull_01_2</identifier>
					<collisionFlags>0</collisionFlags>
					<materialKind>0</materialKind>
					<fx>shaders/std_effects/PBS_tank.fx</fx>
					<property>
						diffuseMap
						<Texture>vehicles/russian/R155_Object_277/_skin/R155_Object_277_3Dst/Object_277_3Dst_hull_01_2_AM.dds</Texture>
					</property>
					<property>
						excludeMaskAndAOMap
						<Texture>vehicles/russian/R155_Object_277/_skin/R155_Object_277_3Dst/Object_277_3Dst_hull_01_2_AO.dds</Texture>
					</property>
					<property>
						g_detailUVTiling
						<Vector4>
							8.41644 4.20822 0.000000 0.000000
							<!--BW_String-->
						</Vector4>
					</property>
					<property>
						g_useDetailMetallic
						<Bool>true</Bool>
					</property>
					<property>
						metallicDetailMap
						<Texture>vehicles/russian/Tank_detail/Details_map.dds</Texture>
					</property>
					<property>
						metallicGlossMap
						<Texture>vehicles/russian/R155_Object_277/_skin/R155_Object_277_3Dst/Object_277_3Dst_hull_01_2_GMM.dds</Texture>
					</property>
					<property>
						normalMap
						<Texture>vehicles/russian/R155_Object_277/_skin/R155_Object_277_3Dst/Object_277_3Dst_hull_01_2_ANM.dds</Texture>
					</property>
				</material>
				<groupOrigin>-0.008582 0.315401 -0.353537</groupOrigin>
			</primitiveGroup>
		</geometry>
	</renderSet>
	<boundingBox>
		<min>-1.893092 -0.570755 -4.225638</min>
		<max>1.893092 0.668694 3.809813</max>
	</boundingBox>
	<geometrySize>1022902</geometrySize>
	<minUVDensity>0.000906</minUVDensity>
</root>
