<?xml version="1.0" encoding="utf-8"?>
<root>
	<node>
		<identifier>Scene Root</identifier>
		<transform>
			<row0>1.000000 0.000000 0.000000</row0>
			<row1>0.000000 1.000000 0.000000</row1>
			<row2>0.000000 0.000000 1.000000</row2>
			<row3>0.000000 0.000000 0.000000</row3>
		</transform>
		<node>
			<identifier>nodes_01</identifier>
			<transform>
				<row0>1.000000 0.000000 0.000000</row0>
				<row1>0.000000 1.000000 0.000000</row1>
				<row2>0.000000 0.000000 1.000000</row2>
				<row3>0.000000 0.000000 0.000000</row3>
			</transform>
			<node>
				<identifier>HP_Fire_1</identifier>
				<transform>
					<row0>1.000000 0.000000 0.000000</row0>
					<row1>0.000000 1.000000 0.000000</row1>
					<row2>0.000000 0.000000 1.000000</row2>
					<row3>0.000000 -0.137605 -1.583542</row3>
				</transform>
			</node>
			<node>
				<identifier>HP_Fire_2</identifier>
				<transform>
					<row0>1.000000 0.000000 0.000000</row0>
					<row1>0.000000 1.000000 0.000000</row1>
					<row2>0.000000 0.000000 1.000000</row2>
					<row3>-0.649070 -0.263615 1.394728</row3>
				</transform>
			</node>
			<node>
				<identifier>HP_TrackUp_LFront</identifier>
				<transform>
					<row0>1.000000 0.000000 0.000000</row0>
					<row1>0.000000 0.841578 0.540136</row1>
					<row2>0.000000 -0.540136 0.841578</row2>
					<row3>-1.252822 0.130277 2.623892</row3>
				</transform>
			</node>
			<node>
				<identifier>HP_TrackUp_LRear</identifier>
				<transform>
					<row0>-1.000000 0.000000 -0.000000</row0>
					<row1>0.000000 0.886896 -0.461969</row1>
					<row2>-0.000000 -0.461969 -0.886896</row2>
					<row3>-1.252822 -0.050501 -2.673213</row3>
				</transform>
			</node>
			<node>
				<identifier>HP_TrackUp_RFront</identifier>
				<transform>
					<row0>1.000000 0.000000 0.000000</row0>
					<row1>0.000000 0.841578 0.540136</row1>
					<row2>0.000000 -0.540136 0.841578</row2>
					<row3>1.252822 0.130277 2.623892</row3>
				</transform>
			</node>
			<node>
				<identifier>HP_TrackUp_RRear</identifier>
				<transform>
					<row0>-1.000000 0.000000 -0.000000</row0>
					<row1>0.000000 0.886896 -0.461969</row1>
					<row2>-0.000000 -0.461969 -0.886896</row2>
					<row3>1.252822 -0.050501 -2.673213</row3>
				</transform>
			</node>
			<node>
				<identifier>HP_Track_Exhaus_1</identifier>
				<transform>
					<row0>1.000000 0.000087 0.000069</row0>
					<row1>0.000093 -0.323759 -0.946140</row1>
					<row2>-0.000060 0.946140 -0.323759</row2>
					<row3>-0.222401 0.479918 -2.758483</row3>
				</transform>
			</node>
			<node>
				<identifier>HP_Track_Exhaus_2</identifier>
				<transform>
					<row0>1.000000 0.000087 0.000069</row0>
					<row1>0.000093 -0.323760 -0.946139</row1>
					<row2>-0.000060 0.946139 -0.323760</row2>
					<row3>0.580042 0.479918 -2.758483</row3>
				</transform>
			</node>
			<node>
				<identifier>HP_turretJoint</identifier>
				<transform>
					<row0>1.000000 0.000000 0.000000</row0>
					<row1>0.000000 1.000000 0.000000</row1>
					<row2>0.000000 0.000000 1.000000</row2>
					<row3>-0.067394 0.639057 -0.294979</row3>
				</transform>
			</node>
		</node>
	</node>
	<renderSet>
		<treatAsWorldSpaceObject>false</treatAsWorldSpaceObject>
		<node>Scene Root</node>
		<geometry>
			<vertices>vertices</vertices>
			<primitive>indices</primitive>
			<primitiveGroup>
				0
				<material>
					<identifier>tank_hull_01</identifier>
					<fx>shaders/std_effects/PBS_tank.fx</fx>
					<collisionFlags>0</collisionFlags>
					<materialKind>0</materialKind>
					<property>
						normalMap
						<Texture>vehicles/german/G77_PzIV_Schmalturm/PzIV_Schmalturm_hull_01_ANM.dds</Texture>
					</property>
					<property>
						metallicGlossMap
						<Texture>vehicles/german/G77_PzIV_Schmalturm/PzIV_Schmalturm_hull_01_GMM.dds</Texture>
					</property>
					<property>
						g_useNormalPackDXT1
						<Bool>false</Bool>
					</property>
					<property>
						excludeMaskAndAOMap
						<Texture>vehicles/german/G77_PzIV_Schmalturm/PzIV_Schmalturm_hull_01_AO.dds</Texture>
					</property>
					<property>
						colorIdMap
						<Texture>vehicles/russian/common/common_ID.dds</Texture>
					</property>
					<property>
						doubleSided
						<Bool>false</Bool>
					</property>
					<property>
						diffuseMap
						<Texture>vehicles/german/G77_PzIV_Schmalturm/PzIV_Schmalturm_hull_01_AM.dds</Texture>
					</property>
					<property>
						alphaTestEnable
						<Bool>false</Bool>
					</property>
					<property>
						alphaReference
						<Int>64</Int>
					</property>
				</material>
				<groupOrigin>0.004963 0.043226 0.004527</groupOrigin>
			</primitiveGroup>
		</geometry>
	</renderSet>
	<boundingBox>
		<min>-1.678488 -0.691368 -2.979313</min>
		<max>1.688414 0.777820 2.988367</max>
	</boundingBox>
	<geometrySize>119536</geometrySize>
	<minUVDensity>0.001481</minUVDensity>
</root>
