<?xml version="1.0" encoding="utf-8"?>
<root>
	<node>
		<identifier>Scene Root</identifier>
		<transform>
			<row0>1.000000 0.000000 0.000000</row0>
			<row1>0.000000 1.000000 0.000000</row1>
			<row2>0.000000 0.000000 1.000000</row2>
			<row3>0.000000 0.000000 0.000000</row3>
		</transform>
		<node>
			<identifier>Root_r</identifier>
			<transform>
				<row0>1.000000 0.000000 0.000000</row0>
				<row1>0.000000 1.000000 0.000000</row1>
				<row2>0.000000 0.000000 1.000000</row2>
				<row3>0.000000 0.000000 0.000000</row3>
			</transform>
			<node>
				<identifier>Root_M</identifier>
				<transform>
					<row0>-0.000000 0.402975 -0.915211</row0>
					<row1>0.000000 -0.915211 -0.402975</row1>
					<row2>-1.000000 -0.000000 0.000000</row2>
					<row3>0.000000 0.088540 0.030772</row3>
				</transform>
				<node>
					<identifier>Chest_M</identifier>
					<transform>
						<row0>0.962880 -0.269931 0.000000</row0>
						<row1>0.269931 0.962880 0.000000</row1>
						<row2>0.000000 0.000000 1.000000</row2>
						<row3>0.053670 0.000500 0.000000</row3>
					</transform>
					<node>
						<identifier>Neck_M</identifier>
						<transform>
							<row0>0.577522 -0.816375 0.000000</row0>
							<row1>0.816375 0.577522 0.000000</row1>
							<row2>-0.000000 0.000000 1.000000</row2>
							<row3>0.028286 0.000000 0.000000</row3>
						</transform>
						<node>
							<identifier>Neck_M_BlendBone</identifier>
							<transform>
								<row0>-0.000000 -0.000000 -1.000000</row0>
								<row1>0.997381 0.072333 -0.000000</row1>
								<row2>-0.072333 0.997381 -0.000000</row2>
								<row3>-0.124416 -0.049529 -0.000000</row3>
							</transform>
						</node>
					</node>
					<node>
						<identifier>Scapula_L</identifier>
						<transform>
							<row0>0.485317 0.280382 0.828163</row0>
							<row1>-0.842591 -0.102940 0.528624</row1>
							<row2>0.233467 -0.954353 0.186289</row2>
							<row3>0.011283 -0.001756 -0.014778</row3>
						</transform>
						<node>
							<identifier>Shoulder_L</identifier>
							<transform>
								<row0>0.801930 0.595531 -0.047442</row0>
								<row1>-0.592316 0.802927 0.066855</row1>
								<row2>0.077907 -0.025512 0.996634</row2>
								<row3>-0.025726 0.000000 -0.000000</row3>
							</transform>
							<node>
								<identifier>Elbow_L</identifier>
								<transform>
									<row0>0.966977 0.222004 0.125178</row0>
									<row1>-0.221989 0.974945 -0.014246</row1>
									<row2>-0.125204 -0.014013 0.992032</row2>
									<row3>-0.040605 0.000000 0.000000</row3>
								</transform>
								<node>
									<identifier>Wrist_L</identifier>
									<transform>
										<row0>0.912346 -0.253279 0.321675</row0>
										<row1>0.277778 0.960117 -0.031871</row1>
										<row2>-0.300773 0.118432 0.946314</row2>
										<row3>-0.059799 0.000000 0.000000</row3>
									</transform>
									<node>
										<identifier>IndexFinger1_L</identifier>
										<transform>
											<row0>0.992059 0.124998 -0.013972</row0>
											<row1>-0.125017 0.992154 -0.000527</row1>
											<row2>0.013796 0.002269 0.999902</row2>
											<row3>-0.080451 0.000000 0.000000</row3>
										</transform>
										<node>
											<identifier>IndexFinger2_L</identifier>
											<transform>
												<row0>1.000000 -0.000000 0.000000</row0>
												<row1>-0.000000 1.000000 0.000000</row1>
												<row2>0.000000 -0.000000 1.000000</row2>
												<row3>-0.089733 0.000000 -0.000000</row3>
											</transform>
											<node>
												<identifier>IndexFinger2_L_BlendBone</identifier>
												<transform>
													<row0>-0.972757 0.120432 0.198091</row0>
													<row1>0.133845 -0.405921 0.904054</row1>
													<row2>-0.189286 -0.905938 -0.378743</row2>
													<row3>0.284575 0.050951 -0.140649</row3>
												</transform>
											</node>
										</node>
										<node>
											<identifier>IndexFinger1_L_BlendBone</identifier>
											<transform>
												<row0>-0.972757 0.120432 0.198091</row0>
												<row1>0.133845 -0.405921 0.904054</row1>
												<row2>-0.189286 -0.905938 -0.378743</row2>
												<row3>0.194841 0.050951 -0.140649</row3>
											</transform>
										</node>
									</node>
									<node>
										<identifier>Wrist_L_BlendBone</identifier>
										<transform>
											<row0>-0.977355 -0.001656 0.211599</row0>
											<row1>0.196002 -0.383954 0.902310</row1>
											<row2>-0.079750 -0.923351 -0.375584</row2>
											<row3>0.104533 0.074586 -0.143384</row3>
										</transform>
									</node>
								</node>
								<node>
									<identifier>Elbow_L_BlendBone</identifier>
									<transform>
										<row0>-0.955789 0.271014 -0.114099</row0>
										<row1>-0.199223 -0.311421 0.929154</row1>
										<row2>-0.216280 -0.910807 -0.351645</row2>
										<row3>0.099416 0.028154 -0.104438</row3>
									</transform>
								</node>
							</node>
							<node>
								<identifier>Shoulder_L_BlendBone</identifier>
								<transform>
									<row0>-0.970103 0.053633 -0.236695</row0>
									<row1>-0.239846 -0.360867 0.901249</row1>
									<row2>0.037079 -0.931074 -0.362942</row2>
									<row3>0.062354 0.050983 -0.091563</row3>
								</transform>
							</node>
						</node>
						<node>
							<identifier>Scapula_L_BlendBone</identifier>
							<transform>
								<row0>-0.828163 -0.528624 -0.186289</row0>
								<row1>0.091621 -0.455579 0.885468</row1>
								<row2>0.552949 -0.716244 -0.425727</row2>
								<row3>-0.013054 0.080406 -0.090804</row3>
							</transform>
						</node>
					</node>
					<node>
						<identifier>Scapula_R</identifier>
						<transform>
							<row0>-0.485317 -0.280382 0.828163</row0>
							<row1>0.842591 0.102940 0.528624</row1>
							<row2>-0.233467 0.954353 0.186289</row2>
							<row3>0.010923 -0.001045 0.014702</row3>
						</transform>
						<node>
							<identifier>Shoulder_R</identifier>
							<transform>
								<row0>0.801930 0.595531 -0.047442</row0>
								<row1>-0.592316 0.802927 0.066855</row1>
								<row2>0.077907 -0.025513 0.996634</row2>
								<row3>0.025726 0.000000 0.000000</row3>
							</transform>
							<node>
								<identifier>Elbow_R</identifier>
								<transform>
									<row0>0.966977 0.222004 0.125178</row0>
									<row1>-0.221989 0.974945 -0.014245</row1>
									<row2>-0.125204 -0.014013 0.992032</row2>
									<row3>0.040605 0.000000 0.000000</row3>
								</transform>
								<node>
									<identifier>Wrist_R</identifier>
									<transform>
										<row0>0.912346 -0.253279 0.321675</row0>
										<row1>0.277778 0.960116 -0.031871</row1>
										<row2>-0.300773 0.118432 0.946313</row2>
										<row3>0.059799 0.000000 0.000000</row3>
									</transform>
									<node>
										<identifier>IndexFinger1_R</identifier>
										<transform>
											<row0>0.992059 0.124998 -0.013972</row0>
											<row1>-0.125017 0.992154 -0.000527</row1>
											<row2>0.013796 0.002270 0.999902</row2>
											<row3>0.080451 0.000000 -0.000000</row3>
										</transform>
										<node>
											<identifier>IndexFinger2_R</identifier>
											<transform>
												<row0>1.000000 0.000000 0.000000</row0>
												<row1>-0.000000 1.000000 -0.000000</row1>
												<row2>0.000000 0.000000 1.000000</row2>
												<row3>0.089733 -0.000000 0.000000</row3>
											</transform>
											<node>
												<identifier>IndexFinger2_R_BlendBone</identifier>
												<transform>
													<row0>-0.972757 0.120432 0.198091</row0>
													<row1>-0.133845 0.405921 -0.904054</row1>
													<row2>0.189286 0.905938 0.378743</row2>
													<row3>-0.284638 -0.050801 0.139865</row3>
												</transform>
											</node>
										</node>
										<node>
											<identifier>IndexFinger1_R_BlendBone</identifier>
											<transform>
												<row0>-0.972757 0.120432 0.198091</row0>
												<row1>-0.133845 0.405921 -0.904054</row1>
												<row2>0.189286 0.905938 0.378743</row2>
												<row3>-0.194904 -0.050801 0.139865</row3>
											</transform>
										</node>
									</node>
									<node>
										<identifier>Wrist_R_BlendBone</identifier>
										<transform>
											<row0>-0.977355 -0.001656 0.211599</row0>
											<row1>-0.196002 0.383954 -0.902310</row1>
											<row2>0.079750 0.923351 0.375584</row2>
											<row3>-0.104624 -0.074447 0.142601</row3>
										</transform>
									</node>
								</node>
								<node>
									<identifier>Elbow_R_BlendBone</identifier>
									<transform>
										<row0>-0.955789 0.271014 -0.114099</row0>
										<row1>0.199223 0.311421 -0.929154</row1>
										<row2>0.216280 0.910807 0.351645</row2>
										<row3>-0.099225 -0.028090 0.103663</row3>
									</transform>
								</node>
							</node>
							<node>
								<identifier>Shoulder_R_BlendBone</identifier>
								<transform>
									<row0>-0.970103 0.053633 -0.236695</row0>
									<row1>0.239846 0.360867 -0.901249</row1>
									<row2>-0.037079 0.931074 0.362942</row2>
									<row3>-0.062087 -0.050868 0.090816</row3>
								</transform>
							</node>
						</node>
						<node>
							<identifier>Scapula_R_BlendBone</identifier>
							<transform>
								<row0>-0.828163 -0.528624 -0.186289</row0>
								<row1>-0.091621 0.455579 -0.885468</row1>
								<row2>-0.552949 0.716244 0.425727</row2>
								<row3>0.013141 -0.080135 0.090055</row3>
							</transform>
						</node>
					</node>
					<node>
						<identifier>Chest_M_BlendBone</identifier>
						<transform>
							<row0>-0.000000 0.000000 -1.000000</row0>
							<row1>0.635060 -0.772463 -0.000000</row1>
							<row2>0.772463 0.635060 -0.000000</row2>
							<row3>-0.084001 0.072966 0.000000</row3>
						</transform>
					</node>
				</node>
				<node>
					<identifier>Knee_L</identifier>
					<transform>
						<row0>-0.084881 -0.996382 0.004231</row0>
						<row1>-0.995873 0.084699 -0.032605</row1>
						<row2>0.032129 -0.006981 -0.999459</row2>
						<row3>-0.026626 0.055532 -0.020143</row3>
					</transform>
					<node>
						<identifier>Ankle_L</identifier>
						<transform>
							<row0>0.879245 -0.475981 0.019250</row0>
							<row1>0.476351 0.878848 -0.026743</row1>
							<row2>-0.004188 0.032684 0.999457</row2>
							<row3>-0.018491 0.000000 0.000000</row3>
						</transform>
						<node>
							<identifier>Ankle_L_BlendBone</identifier>
							<transform>
								<row0>0.000000 -0.000089 1.000000</row0>
								<row1>0.999995 -0.003244 -0.000000</row1>
								<row2>-0.003244 -0.999995 -0.000089</row2>
								<row3>-0.010835 -0.023864 -0.020223</row3>
							</transform>
						</node>
					</node>
					<node>
						<identifier>Knee_L_BlendBone</identifier>
						<transform>
							<row0>-0.004231 0.032605 0.999459</row0>
							<row1>0.877695 -0.478829 0.019336</row1>
							<row2>-0.479201 -0.877302 0.026592</row2>
							<row3>-0.039301 -0.016477 -0.019783</row3>
						</transform>
					</node>
				</node>
				<node>
					<identifier>Knee_R</identifier>
					<transform>
						<row0>0.084881 0.996382 0.004231</row0>
						<row1>0.995873 -0.084699 -0.032605</row1>
						<row2>-0.032129 0.006981 -0.999459</row2>
						<row3>-0.026626 0.055532 0.020143</row3>
					</transform>
					<node>
						<identifier>Ankle_R</identifier>
						<transform>
							<row0>0.879245 -0.475981 0.019250</row0>
							<row1>0.476351 0.878848 -0.026743</row1>
							<row2>-0.004188 0.032684 0.999457</row2>
							<row3>0.018491 0.000000 -0.000000</row3>
						</transform>
						<node>
							<identifier>Ankle_R_BlendBone</identifier>
							<transform>
								<row0>0.000000 -0.000089 1.000000</row0>
								<row1>-0.999995 0.003244 0.000000</row1>
								<row2>0.003244 0.999995 0.000089</row2>
								<row3>0.010835 0.023864 0.020223</row3>
							</transform>
						</node>
					</node>
					<node>
						<identifier>Knee_R_BlendBone</identifier>
						<transform>
							<row0>-0.004231 0.032605 0.999459</row0>
							<row1>-0.877695 0.478829 -0.019336</row1>
							<row2>0.479201 0.877302 -0.026592</row2>
							<row3>0.039301 0.016477 0.019783</row3>
						</transform>
					</node>
				</node>
				<node>
					<identifier>Tail1_M</identifier>
					<transform>
						<row0>-0.991157 -0.132697 0.000000</row0>
						<row1>-0.132697 0.991157 0.000000</row1>
						<row2>-0.000000 -0.000000 -1.000000</row2>
						<row3>-0.028824 0.000304 0.000000</row3>
					</transform>
					<node>
						<identifier>Tail3_M</identifier>
						<transform>
							<row0>0.999056 0.043439 0.000000</row0>
							<row1>-0.043439 0.999056 0.000000</row1>
							<row2>0.000000 -0.000000 1.000000</row2>
							<row3>0.047388 -0.002063 0.000000</row3>
						</transform>
						<node>
							<identifier>Tail3End_M</identifier>
							<transform>
								<row0>1.000000 -0.000000 -0.000000</row0>
								<row1>0.000000 1.000000 0.000000</row1>
								<row2>-0.000000 0.000000 1.000000</row2>
								<row3>0.092057 0.000000 -0.000000</row3>
							</transform>
							<node>
								<identifier>Tail3End_M_BlendBone</identifier>
								<transform>
									<row0>0.000000 0.000000 1.000000</row0>
									<row1>-0.319430 -0.947610 0.000000</row1>
									<row2>-0.947610 0.319430 0.000000</row2>
									<row3>-0.168869 0.094968 -0.000000</row3>
								</transform>
							</node>
						</node>
						<node>
							<identifier>Tail3_M_BlendBone</identifier>
							<transform>
								<row0>0.000000 0.000000 1.000000</row0>
								<row1>-0.319430 -0.947610 0.000000</row1>
								<row2>-0.947610 0.319430 0.000000</row2>
								<row3>-0.076813 0.094968 -0.000000</row3>
							</transform>
						</node>
					</node>
					<node>
						<identifier>Tail1_M_BlendBone</identifier>
						<transform>
							<row0>0.000000 0.000000 1.000000</row0>
							<row1>-0.277965 -0.960591 0.000000</row1>
							<row2>-0.960591 0.277965 0.000000</row2>
							<row3>-0.033477 0.089478 -0.000000</row3>
						</transform>
					</node>
				</node>
				<node>
					<identifier>Root_M_BlendBone</identifier>
					<transform>
						<row0>-0.000000 0.000000 -1.000000</row0>
						<row1>0.402975 -0.915211 -0.000000</row1>
						<row2>0.915211 0.402975 -0.000000</row2>
						<row3>-0.007516 0.093433 0.000000</row3>
					</transform>
				</node>
			</node>
			<node>
				<identifier>Root_r_BlendBone</identifier>
				<transform>
					<row0>1.000000 0.000000 0.000000</row0>
					<row1>0.000000 1.000000 0.000000</row1>
					<row2>0.000000 0.000000 -1.000000</row2>
					<row3>0.000000 0.000000 0.000000</row3>
				</transform>
			</node>
		</node>
	</node>
	<renderSet>
		<treatAsWorldSpaceObject>true</treatAsWorldSpaceObject>
		<node>Tail1_M_BlendBone</node>
		<node>Root_M_BlendBone</node>
		<node>Tail3_M_BlendBone</node>
		<node>IndexFinger1_R_BlendBone</node>
		<node>Wrist_R_BlendBone</node>
		<node>Elbow_R_BlendBone</node>
		<node>Chest_M_BlendBone</node>
		<node>Shoulder_R_BlendBone</node>
		<node>Shoulder_L_BlendBone</node>
		<node>IndexFinger1_L_BlendBone</node>
		<node>Wrist_L_BlendBone</node>
		<node>Elbow_L_BlendBone</node>
		<node>Scapula_R_BlendBone</node>
		<node>Neck_M_BlendBone</node>
		<node>Scapula_L_BlendBone</node>
		<geometry>
			<vertices>s0_rShape.vertices</vertices>
			<primitive>s0_rShape.indices</primitive>
			<primitiveGroup>
				0
				<material>
					<identifier>s_nd0_skinned</identifier>
					<fx>shaders/std_effects/PBS_ext_skinned.fx</fx>
					<materialKind>110</materialKind>
					<collisionFlags>0</collisionFlags>
					<property>
						alphaReference
						<Int>160</Int>
					</property>
					<property>
						alphaTestEnable
						<Bool>true</Bool>
					</property>
					<property>
						diffuseMap
						<Texture>content/Characters/hd_char_ANML_005_Pigeon/hd_char_ANML_005_Pigeon_AM.dds</Texture>
					</property>
					<property>
						dynamicObject
						<Bool>true</Bool>
					</property>
					<property>
						g_enableAO
						<Bool>true</Bool>
					</property>
					<property>
						metallicGlossMap
						<Texture>content/Characters/hd_char_ANML_005_Pigeon/hd_char_ANML_005_Pigeon_GMM.dds</Texture>
					</property>
					<property>
						normalMap
						<Texture>content/Characters/hd_char_ANML_005_Pigeon/hd_char_ANML_005_Pigeon_ANM.dds</Texture>
					</property>
				</material>
				<groupOrigin>0.000000 0.110542 -0.068701</groupOrigin>
			</primitiveGroup>
		</geometry>
	</renderSet>
	<constraints/>
	<boundingBox>
		<min>-0.298636 0.035517 -0.052771</min>
		<max>0.298636 0.185567 0.190173</max>
	</boundingBox>
	<geometrySize>2036</geometrySize>
	<minUVDensity>1.923746</minUVDensity>
</root>
