<?xml version="1.0" encoding="utf-8"?>
<root>
	<node>
		<identifier>Scene Root</identifier>
		<transform>
			<row0>1.000000 0.000000 0.000000</row0>
			<row1>0.000000 1.000000 0.000000</row1>
			<row2>0.000000 0.000000 1.000000</row2>
			<row3>0.000000 0.000000 0.000000</row3>
		</transform>
		<node>
			<identifier>nodes_01</identifier>
			<transform>
				<row0>1.000000 0.000000 0.000000</row0>
				<row1>0.000000 1.000000 0.000000</row1>
				<row2>0.000000 0.000000 1.000000</row2>
				<row3>0.000000 0.000000 0.000000</row3>
			</transform>
			<node>
				<identifier>HP_Fire_1</identifier>
				<transform>
					<row0>1.000000 0.000000 0.000000</row0>
					<row1>0.000000 1.000000 0.000000</row1>
					<row2>0.000000 0.000000 1.000000</row2>
					<row3>0.000000 0.196360 -2.712506</row3>
				</transform>
			</node>
			<node>
				<identifier>HP_Fire_2</identifier>
				<transform>
					<row0>1.000000 0.000000 0.000000</row0>
					<row1>0.000000 1.000000 0.000000</row1>
					<row2>0.000000 0.000000 1.000000</row2>
					<row3>-0.727766 0.196360 0.279835</row3>
				</transform>
			</node>
			<node>
				<identifier>HP_TrackUp_LFront</identifier>
				<transform>
					<row0>1.000000 0.000000 0.000000</row0>
					<row1>0.000000 0.352461 0.935827</row1>
					<row2>0.000000 -0.935827 0.352461</row2>
					<row3>-1.315995 -0.080440 3.355327</row3>
				</transform>
			</node>
			<node>
				<identifier>HP_TrackUp_LRear</identifier>
				<transform>
					<row0>-1.000000 0.000000 0.000000</row0>
					<row1>0.000000 0.537509 -0.843258</row1>
					<row2>-0.000000 -0.843258 -0.537509</row2>
					<row3>-1.315995 -0.067132 -3.259066</row3>
				</transform>
			</node>
			<node>
				<identifier>HP_TrackUp_RFront</identifier>
				<transform>
					<row0>1.000000 0.000000 0.000000</row0>
					<row1>0.000000 0.352461 0.935827</row1>
					<row2>0.000000 -0.935827 0.352461</row2>
					<row3>1.315997 -0.079578 3.355577</row3>
				</transform>
			</node>
			<node>
				<identifier>HP_TrackUp_RRear</identifier>
				<transform>
					<row0>-1.000000 0.000000 0.000000</row0>
					<row1>0.000000 0.537509 -0.843258</row1>
					<row2>-0.000000 -0.843258 -0.537509</row2>
					<row3>1.315997 -0.067131 -3.259065</row3>
				</transform>
			</node>
			<node>
				<identifier>HP_Track_Exhaus_1</identifier>
				<transform>
					<row0>0.999992 -0.004117 0.000078</row0>
					<row1>-0.004116 -0.999948 -0.009360</row1>
					<row2>0.000117 0.009359 -0.999956</row2>
					<row3>-0.833821 0.280436 -3.701039</row3>
				</transform>
			</node>
			<node>
				<identifier>HP_Track_Exhaus_2</identifier>
				<transform>
					<row0>0.999992 -0.004117 0.000078</row0>
					<row1>-0.004116 -0.999948 -0.009360</row1>
					<row2>0.000117 0.009359 -0.999956</row2>
					<row3>0.836141 0.280436 -3.701039</row3>
				</transform>
			</node>
			<node>
				<identifier>HP_turretJoint</identifier>
				<transform>
					<row0>1.000000 0.000000 0.000000</row0>
					<row1>0.000000 1.000000 0.000000</row1>
					<row2>0.000000 0.000000 1.000000</row2>
					<row3>0.000113 0.712972 0.092236</row3>
				</transform>
			</node>
		</node>
	</node>
	<renderSet>
		<treatAsWorldSpaceObject>false</treatAsWorldSpaceObject>
		<node>Scene Root</node>
		<geometry>
			<vertices>vertices</vertices>
			<primitive>indices</primitive>
			<primitiveGroup>
				0
				<material>
					<identifier>tank_proxy</identifier>
					<property>
						selfIllumination
						<Float>0.000000</Float>
					</property>
					<collisionFlags>0</collisionFlags>
					<materialKind>0</materialKind>
					<fx>shaders/std_effects/PBS_tank.fx</fx>
					<property>
						metallicGlossMap
						<Texture>vehicles/sweden/S32_Bofors_Tornvagn/_skins/S32_Bofors_Tornvagn_SumS_3DSt/Bofors_Tornvagn_SS_3DSt_proxy_GMM.dds</Texture>
					</property>
					<property>
						normalMap
						<Texture>vehicles/sweden/S32_Bofors_Tornvagn/_skins/S32_Bofors_Tornvagn_SumS_3DSt/Bofors_Tornvagn_SS_3DSt_proxy_ANM.dds</Texture>
					</property>
					<property>
						diffuseMap
						<Texture>vehicles/sweden/S32_Bofors_Tornvagn/_skins/S32_Bofors_Tornvagn_SumS_3DSt/Bofors_Tornvagn_SS_3DSt_proxy_AM.dds</Texture>
					</property>
					<property>
						excludeMaskAndAOMap
						<Texture>vehicles/sweden/S32_Bofors_Tornvagn/_skins/S32_Bofors_Tornvagn_SumS_3DSt/Bofors_Tornvagn_SS_3DSt_proxy_AO.dds</Texture>
					</property>
				</material>
				<groupOrigin>0.035579 0.348588 -0.225444</groupOrigin>
			</primitiveGroup>
		</geometry>
	</renderSet>
	<boundingBox>
		<min>-1.972344 -0.479600 -3.932721</min>
		<max>2.043502 1.176776 3.481833</max>
	</boundingBox>
	<geometrySize>3336</geometrySize>
	<minUVDensity>0.003059</minUVDensity>
</root>
