<?xml version="1.0" encoding="utf-8"?>
<root>
	<node>
		<identifier>Scene Root</identifier>
		<transform>
			<row0>1.000000 0.000000 0.000000</row0>
			<row1>0.000000 1.000000 0.000000</row1>
			<row2>0.000000 0.000000 1.000000</row2>
			<row3>0.000000 0.000000 0.000000</row3>
		</transform>
		<node>
			<identifier>root</identifier>
			<transform>
				<row0>1.000000 0.000000 0.000000</row0>
				<row1>0.000000 1.000000 0.000000</row1>
				<row2>0.000000 0.000000 1.000000</row2>
				<row3>0.000000 0.000000 0.000000</row3>
			</transform>
			<node>
				<identifier>cog</identifier>
				<transform>
					<row0>0.000000 0.214261 0.976777</row0>
					<row1>-0.000000 0.976777 -0.214261</row1>
					<row2>-1.000000 0.000000 0.000000</row2>
					<row3>-0.000000 1.972931 -1.000000</row3>
				</transform>
				<node>
					<identifier>cap_l1</identifier>
					<transform>
						<row0>-0.033552 -0.999437 0.000000</row0>
						<row1>0.999437 -0.033552 -0.000000</row1>
						<row2>0.000000 0.000000 1.000000</row2>
						<row3>1.325294 -0.738165 0.139957</row3>
					</transform>
					<node>
						<identifier>cap_l1_BlendBone</identifier>
						<transform>
							<row0>0.000000 0.000000 -1.000000</row0>
							<row1>-0.983415 0.181368 0.000000</row1>
							<row2>-0.181368 -0.983415 -0.000000</row2>
							<row3>1.428294 -0.723725 -0.139957</row3>
						</transform>
					</node>
				</node>
				<node>
					<identifier>cap_l2</identifier>
					<transform>
						<row0>0.108256 -0.994123 0.000000</row0>
						<row1>0.994123 0.108256 -0.000000</row1>
						<row2>0.000000 0.000000 1.000000</row2>
						<row3>1.316936 -0.429094 2.281285</row3>
					</transform>
					<node>
						<identifier>cap_l2_BlendBone</identifier>
						<transform>
							<row0>0.000000 0.000000 -1.000000</row0>
							<row1>-0.947841 0.318743 0.000000</row1>
							<row2>-0.318743 -0.947841 -0.000000</row2>
							<row3>1.619630 -0.943762 -2.281285</row3>
						</transform>
					</node>
				</node>
				<node>
					<identifier>cap_r1</identifier>
					<transform>
						<row0>-0.033552 -0.999437 0.000000</row0>
						<row1>0.999437 -0.033552 -0.000000</row1>
						<row2>0.000000 0.000000 1.000000</row2>
						<row3>1.325294 -0.738165 -0.140000</row3>
					</transform>
					<node>
						<identifier>cap_r1_BlendBone</identifier>
						<transform>
							<row0>0.000000 0.000000 -1.000000</row0>
							<row1>-0.983415 0.181368 0.000000</row1>
							<row2>-0.181368 -0.983415 -0.000000</row2>
							<row3>1.428294 -0.723725 0.140000</row3>
						</transform>
					</node>
				</node>
				<node>
					<identifier>cap_r2</identifier>
					<transform>
						<row0>0.108256 -0.994123 0.000000</row0>
						<row1>0.994123 0.108256 -0.000000</row1>
						<row2>0.000000 0.000000 1.000000</row2>
						<row3>1.316936 -0.429094 -2.280990</row3>
					</transform>
					<node>
						<identifier>cap_r2_BlendBone</identifier>
						<transform>
							<row0>0.000000 0.000000 -1.000000</row0>
							<row1>-0.947841 0.318743 0.000000</row1>
							<row2>-0.318743 -0.947841 -0.000000</row2>
							<row3>1.619630 -0.943762 2.280990</row3>
						</transform>
					</node>
				</node>
				<node>
					<identifier>joint_l</identifier>
					<transform>
						<row0>0.109048 -0.994036 0.000000</row0>
						<row1>0.994036 0.109048 -0.000000</row1>
						<row2>0.000000 0.000000 1.000000</row2>
						<row3>1.311310 -0.345335 2.163134</row3>
					</transform>
					<node>
						<identifier>joint_l_BlendBone</identifier>
						<transform>
							<row0>0.000000 0.000000 -1.000000</row0>
							<row1>-0.947587 0.319499 0.000000</row1>
							<row2>-0.319499 -0.947587 -0.000000</row2>
							<row3>1.702750 -0.948594 -2.163134</row3>
						</transform>
					</node>
				</node>
				<node>
					<identifier>joint_r</identifier>
					<transform>
						<row0>0.109048 -0.994036 0.000000</row0>
						<row1>0.994036 0.109048 -0.000000</row1>
						<row2>0.000000 0.000000 1.000000</row2>
						<row3>1.311310 -0.345335 -2.168323</row3>
					</transform>
					<node>
						<identifier>joint_r_BlendBone</identifier>
						<transform>
							<row0>0.000000 0.000000 -1.000000</row0>
							<row1>-0.947587 0.319499 0.000000</row1>
							<row2>-0.319499 -0.947587 -0.000000</row2>
							<row3>1.702750 -0.948594 2.168323</row3>
						</transform>
					</node>
				</node>
				<node>
					<identifier>rear</identifier>
					<transform>
						<row0>0.000000 0.000000 -1.000000</row0>
						<row1>0.214261 0.976777 0.000000</row1>
						<row2>0.976776 -0.214261 0.000000</row2>
						<row3>-6.203841 -0.162990 -0.000000</row3>
					</transform>
					<node>
						<identifier>rear_BlendBone</identifier>
						<transform>
							<row0>1.000000 -0.000000 -0.000000</row0>
							<row1>0.000000 1.000000 -0.000000</row1>
							<row2>-0.000000 -0.000000 -1.000000</row2>
							<row3>0.000000 -0.484487 7.024845</row3>
						</transform>
					</node>
				</node>
				<node>
					<identifier>rotor</identifier>
					<transform>
						<row0>0.999912 0.013272 -0.000000</row0>
						<row1>-0.013272 0.999912 0.000000</row1>
						<row2>0.000000 0.000000 1.000000</row2>
						<row3>3.500000 0.000000 0.000000</row3>
					</transform>
					<node>
						<identifier>rotor_BlendBone</identifier>
						<transform>
							<row0>0.000000 -0.000000 -1.000000</row0>
							<row1>0.227205 0.973847 0.000000</row1>
							<row2>-0.973847 0.227205 -0.000000</row2>
							<row3>-2.974105 -2.102087 -0.000000</row3>
						</transform>
					</node>
				</node>
				<node>
					<identifier>cog_BlendBone</identifier>
					<transform>
						<row0>0.000000 -0.000000 -1.000000</row0>
						<row1>0.214261 0.976777 0.000000</row1>
						<row2>-0.976777 0.214261 -0.000000</row2>
						<row3>0.554055 -2.141374 -0.000000</row3>
					</transform>
				</node>
			</node>
			<node>
				<identifier>root_BlendBone</identifier>
				<transform>
					<row0>1.000000 0.000000 0.000000</row0>
					<row1>0.000000 1.000000 0.000000</row1>
					<row2>0.000000 0.000000 -1.000000</row2>
					<row3>0.000000 0.000000 0.000000</row3>
				</transform>
			</node>
		</node>
	</node>
	<renderSet>
		<treatAsWorldSpaceObject>true</treatAsWorldSpaceObject>
		<node>cog_BlendBone</node>
		<node>rotor_BlendBone</node>
		<geometry>
			<vertices>n0Shape.vertices</vertices>
			<stream>n0Shape.colour</stream>
			<primitive>n0Shape.indices</primitive>
			<primitiveGroup>
				0
				<material>
					<identifier>n_metal0_skinned</identifier>
					<fx>shaders/std_effects/PBS_ext_skinned.fx</fx>
					<collisionFlags>0</collisionFlags>
					<materialKind>73</materialKind>
					<property>
						diffuseMap
						<Texture>content/MilitaryEnvironment/hd_mle_ASJP_004_MitsubishiA6MZero/hd_mle_ASJP_004_MitsubishiA6MZero_AM.dds</Texture>
					</property>
					<property>
						g_enableAO
						<Bool>true</Bool>
					</property>
					<property>
						metallicGlossMap
						<Texture>content/MilitaryEnvironment/hd_mle_ASJP_004_MitsubishiA6MZero/hd_mle_ASJP_004_MitsubishiA6MZero_GMM.dds</Texture>
					</property>
					<property>
						normalMap
						<Texture>content/MilitaryEnvironment/hd_mle_ASJP_004_MitsubishiA6MZero/hd_mle_ASJP_004_MitsubishiA6MZero_ANM.dds</Texture>
					</property>
				</material>
				<groupOrigin>0.021392 2.406342 2.716596</groupOrigin>
			</primitiveGroup>
		</geometry>
	</renderSet>
	<constraints/>
	<boundingBox>
		<min>-7.293493 0.374806 -8.122990</min>
		<max>7.336277 4.437879 2.689798</max>
	</boundingBox>
	<geometrySize>13030</geometrySize>
	<minUVDensity>0.000914</minUVDensity>
</root>
