<?xml version="1.0" encoding="utf-8"?>
<root>
	<node>
		<identifier>Scene Root</identifier>
		<transform>
			<row0>1.000000 0.000000 0.000000</row0>
			<row1>0.000000 1.000000 0.000000</row1>
			<row2>0.000000 0.000000 1.000000</row2>
			<row3>0.000000 0.000000 0.000000</row3>
		</transform>
		<node>
			<identifier>nodes_01</identifier>
			<transform>
				<row0>1.000000 0.000000 0.000000</row0>
				<row1>0.000000 1.000000 0.000000</row1>
				<row2>0.000000 0.000000 1.000000</row2>
				<row3>0.000000 0.000000 0.000000</row3>
			</transform>
			<node>
				<identifier>HP_Fire_1</identifier>
				<transform>
					<row0>1.000000 0.000000 0.000000</row0>
					<row1>0.000000 1.000000 0.000000</row1>
					<row2>0.000000 0.000000 1.000000</row2>
					<row3>0.000000 0.095584 0.595942</row3>
				</transform>
			</node>
			<node>
				<identifier>HP_Fire_2</identifier>
				<transform>
					<row0>1.000000 0.000000 0.000000</row0>
					<row1>0.000000 1.000000 0.000000</row1>
					<row2>0.000000 0.000000 1.000000</row2>
					<row3>-0.643256 0.095584 1.682256</row3>
				</transform>
			</node>
			<node>
				<identifier>HP_TrackUp_LFront</identifier>
				<transform>
					<row0>1.000000 0.000000 0.000000</row0>
					<row1>0.000000 0.804800 0.593546</row1>
					<row2>0.000000 -0.593546 0.804800</row2>
					<row3>-1.107383 0.087898 3.233761</row3>
				</transform>
			</node>
			<node>
				<identifier>HP_TrackUp_LRear</identifier>
				<transform>
					<row0>-1.000000 0.000000 0.000000</row0>
					<row1>0.000000 0.752335 -0.658781</row1>
					<row2>-0.000000 -0.658781 -0.752335</row2>
					<row3>-1.107383 -0.005067 -3.367151</row3>
				</transform>
			</node>
			<node>
				<identifier>HP_TrackUp_RFront</identifier>
				<transform>
					<row0>1.000000 0.000000 0.000000</row0>
					<row1>0.000000 0.804800 0.593546</row1>
					<row2>0.000000 -0.593546 0.804800</row2>
					<row3>1.107393 0.087898 3.233761</row3>
				</transform>
			</node>
			<node>
				<identifier>HP_TrackUp_RRear</identifier>
				<transform>
					<row0>-1.000000 0.000000 0.000000</row0>
					<row1>0.000000 0.752335 -0.658781</row1>
					<row2>-0.000000 -0.658781 -0.752335</row2>
					<row3>1.107393 -0.005613 -3.368191</row3>
				</transform>
			</node>
			<node>
				<identifier>HP_Track_Exhaus_1</identifier>
				<transform>
					<row0>0.000000 0.000000 0.999998</row0>
					<row1>-0.000000 0.999999 -0.000000</row1>
					<row2>-0.999998 0.000000 0.000000</row2>
					<row3>-1.099780 0.221567 0.178910</row3>
				</transform>
			</node>
			<node>
				<identifier>HP_Track_Exhaus_2</identifier>
				<transform>
					<row0>0.000000 -0.000000 -0.999999</row0>
					<row1>0.000000 1.000000 -0.000000</row1>
					<row2>0.999999 -0.000000 0.000000</row2>
					<row3>1.100000 0.221567 0.178910</row3>
				</transform>
			</node>
			<node>
				<identifier>HP_turretJoint</identifier>
				<transform>
					<row0>1.000000 0.000000 0.000000</row0>
					<row1>0.000000 1.000000 0.000000</row1>
					<row2>0.000000 0.000000 1.000000</row2>
					<row3>-0.006978 0.664547 -1.339167</row3>
				</transform>
			</node>
		</node>
	</node>
	<renderSet>
		<treatAsWorldSpaceObject>false</treatAsWorldSpaceObject>
		<node>Scene Root</node>
		<geometry>
			<vertices>vertices</vertices>
			<primitive>indices</primitive>
			<primitiveGroup>
				0
				<material>
					<identifier>tank_hull_01</identifier>
					<fx>shaders/std_effects/PBS_tank.fx</fx>
					<collisionFlags>0</collisionFlags>
					<materialKind>0</materialKind>
					<property>
						normalMap
						<Texture>vehicles/russian/R139_IS_M/IS_M_hull_01_ANM.dds</Texture>
					</property>
					<property>
						metallicGlossMap
						<Texture>vehicles/russian/R139_IS_M/IS_M_hull_01_GMM.dds</Texture>
					</property>
					<property>
						metallicDetailMap
						<Texture>vehicles/russian/Tank_detail/Details_map.dds</Texture>
					</property>
					<property>
						g_useNormalPackDXT1
						<Bool>false</Bool>
					</property>
					<property>
						g_useDetailMetallic
						<Bool>true</Bool>
					</property>
					<property>
						g_maskBias
						<Float>
							0.18
							<!--BW_String-->
						</Float>
					</property>
					<property>
						g_detailUVTiling
						<Vector4>
							8.41644 8.41644 0.000000 0.000000
							<!--BW_String-->
						</Vector4>
					</property>
					<property>
						g_detailPowerGloss
						<Float>
							0.35
							<!--BW_String-->
						</Float>
					</property>
					<property>
						g_detailPowerAlbedo
						<Float>
							0.11
							<!--BW_String-->
						</Float>
					</property>
					<property>
						g_detailPower
						<Float>5</Float>
					</property>
					<property>
						excludeMaskAndAOMap
						<Texture>vehicles/russian/R139_IS_M/IS_M_hull_01_AO.dds</Texture>
					</property>
					<property>
						doubleSided
						<Bool>false</Bool>
					</property>
					<property>
						diffuseMap
						<Texture>vehicles/russian/R139_IS_M/IS_M_hull_01_AM.dds</Texture>
					</property>
					<property>
						alphaTestEnable
						<Bool>false</Bool>
					</property>
					<property>
						alphaReference
						<Int>0</Int>
					</property>
					<property>
						colorIdMap
						<Texture>vehicles/russian/common/common_ID.dds</Texture>
					</property>
				</material>
				<groupOrigin>0.000882 0.094993 -0.124138</groupOrigin>
			</primitiveGroup>
		</geometry>
	</renderSet>
	<boundingBox>
		<min>-1.656246 -0.585831 -3.656737</min>
		<max>1.658011 0.775817 3.408461</max>
	</boundingBox>
	<geometrySize>403692</geometrySize>
	<minUVDensity>0.000739</minUVDensity>
</root>
