<?xml version="1.0" encoding="utf-8"?>
<root>
	<node>
		<identifier>Scene Root</identifier>
		<transform>
			<row0>1.000000 0.000000 0.000000</row0>
			<row1>0.000000 1.000000 0.000000</row1>
			<row2>0.000000 0.000000 1.000000</row2>
			<row3>0.000000 0.000000 0.000000</row3>
		</transform>
		<node>
			<identifier>Root</identifier>
			<transform>
				<row0>1.000000 0.000000 0.000000</row0>
				<row1>0.000000 1.000000 0.000000</row1>
				<row2>0.000000 0.000000 1.000000</row2>
				<row3>0.000000 0.000000 0.000000</row3>
			</transform>
			<node>
				<identifier>Root_M</identifier>
				<transform>
					<row0>0.025624 0.999262 0.028614</row0>
					<row1>-0.049869 0.029865 -0.998309</row1>
					<row2>-0.998427 0.024154 0.050598</row2>
					<row3>-0.001255 0.553024 -0.089954</row3>
				</transform>
				<node>
					<identifier>Hip_L</identifier>
					<transform>
						<row0>0.394423 -0.860399 0.322712</row0>
						<row1>-0.918928 -0.368933 0.139495</row1>
						<row2>-0.000962 -0.351569 -0.936161</row2>
						<row3>0.001191 -0.000089 -0.106060</row3>
					</transform>
					<node>
						<identifier>Knee_L</identifier>
						<transform>
							<row0>-0.390160 -0.920747 -0.000000</row0>
							<row1>0.920747 -0.390160 0.000000</row1>
							<row2>-0.000000 0.000000 1.000000</row2>
							<row3>-0.391541 0.000000 -0.000000</row3>
						</transform>
						<node>
							<identifier>Ankle_L</identifier>
							<transform>
								<row0>0.889500 0.456814 0.010541</row0>
								<row1>-0.456648 0.887884 0.055982</row1>
								<row2>0.016214 -0.054609 0.998376</row2>
								<row3>-0.370799 0.000000 0.000000</row3>
							</transform>
							<node>
								<identifier>Toes_L</identifier>
								<transform>
									<row0>0.000246 0.999897 -0.014337</row0>
									<row1>-0.999160 0.000834 0.040974</row1>
									<row2>0.040982 0.014315 0.999058</row2>
									<row3>-0.064376 -0.134579 0.000000</row3>
								</transform>
								<node>
									<identifier>Toes_L_BlendBone</identifier>
									<transform>
										<row0>-0.239194 -0.094797 0.966333</row0>
										<row1>0.305226 -0.952113 -0.017850</row1>
										<row2>-0.921750 -0.290680 -0.256674</row2>
										<row3>0.299812 0.139812 -0.060586</row3>
									</transform>
								</node>
							</node>
							<node>
								<identifier>Ankle_L_BlendBone</identifier>
								<transform>
									<row0>0.134260 -0.225416 0.964967</row0>
									<row1>0.950656 0.304145 -0.061221</row1>
									<row2>0.279690 -0.925572 -0.255127</row2>
									<row3>-0.206480 0.164451 -0.059099</row3>
								</transform>
							</node>
						</node>
						<node>
							<identifier>Knee_L_BlendBone</identifier>
							<transform>
								<row0>0.238006 -0.191508 0.952197</row0>
								<row1>0.705729 0.707663 -0.034073</row1>
								<row2>0.667309 -0.680102 -0.303580</row2>
								<row3>-0.630518 0.054918 -0.051973</row3>
							</transform>
						</node>
					</node>
					<node>
						<identifier>Hip_L_BlendBone</identifier>
						<transform>
							<row0>-0.269190 -0.144424 0.952197</row0>
							<row1>0.376231 -0.925899 -0.034073</row1>
							<row2>-0.886559 -0.349073 -0.303580</row2>
							<row3>-0.094972 0.559121 -0.051973</row3>
						</transform>
					</node>
				</node>
				<node>
					<identifier>Hip_R</identifier>
					<transform>
						<row0>-0.313208 0.925600 0.212522</row0>
						<row1>0.932682 0.341956 -0.114766</row1>
						<row2>-0.178900 0.162270 -0.970393</row2>
						<row3>-0.003786 -0.000089 0.105999</row3>
					</transform>
					<node>
						<identifier>Knee_R</identifier>
						<transform>
							<row0>-0.044266 -0.999020 -0.000000</row0>
							<row1>0.999020 -0.044266 -0.000000</row1>
							<row2>0.000000 -0.000000 1.000000</row2>
							<row3>0.391541 0.000000 -0.000000</row3>
						</transform>
						<node>
							<identifier>Ankle_R</identifier>
							<transform>
								<row0>0.912112 0.306301 0.272452</row0>
								<row1>-0.339674 0.936786 0.083985</row1>
								<row2>-0.229505 -0.169149 0.958497</row2>
								<row3>0.370799 0.000000 0.000000</row3>
							</transform>
							<node>
								<identifier>Toes_R</identifier>
								<transform>
									<row0>0.239300 0.970708 0.021488</row0>
									<row1>-0.969109 0.237428 0.066756</row1>
									<row2>0.059699 -0.036799 0.997538</row2>
									<row3>0.064376 0.134579 -0.000000</row3>
								</transform>
								<node>
									<identifier>Toes_R_BlendBone</identifier>
									<transform>
										<row0>-0.093052 -0.041630 0.994791</row0>
										<row1>-0.239998 0.970603 0.018169</row1>
										<row2>0.966304 0.237057 0.100308</row2>
										<row3>-0.447151 -0.149772 0.218809</row3>
									</transform>
								</node>
							</node>
							<node>
								<identifier>Ankle_R_BlendBone</identifier>
								<transform>
									<row0>0.077464 -0.136818 0.987563</row0>
									<row1>-0.996967 -0.003188 0.077760</row1>
									<row2>0.007491 0.990591 0.136650</row2>
									<row3>0.115580 -0.343086 0.198663</row3>
								</transform>
							</node>
						</node>
						<node>
							<identifier>Knee_R_BlendBone</identifier>
							<transform>
								<row0>-0.109521 -0.271487 0.956190</row0>
								<row1>-0.926110 -0.321511 -0.197361</row1>
								<row2>-0.361007 0.907152 0.216214</row2>
								<row3>0.547165 -0.319600 0.193094</row3>
							</transform>
						</node>
					</node>
					<node>
						<identifier>Hip_R_BlendBone</identifier>
						<transform>
							<row0>-0.266372 0.121431 0.956190</row0>
							<row1>-0.280201 0.939434 -0.197361</row1>
							<row2>0.922244 0.320497 0.216214</row2>
							<row3>0.048033 -0.532481 0.193094</row3>
						</transform>
					</node>
				</node>
				<node>
					<identifier>Spine1_M</identifier>
					<transform>
						<row0>0.976008 0.177631 -0.001870</row0>
						<row1>-0.177453 0.975405 0.035267</row1>
						<row2>0.008153 -0.034363 0.991413</row2>
						<row3>0.085690 0.000866 -0.000059</row3>
					</transform>
					<node>
						<identifier>Spine2_M</identifier>
						<transform>
							<row0>0.950226 0.311380 0.010599</row0>
							<row1>-0.311561 0.949663 0.032710</row1>
							<row2>0.000120 -0.034384 0.999409</row2>
							<row3>0.113401 0.000000 -0.000000</row3>
						</transform>
						<node>
							<identifier>Chest_M</identifier>
							<transform>
								<row0>0.998543 -0.136758 0.017828</row0>
								<row1>0.135950 0.997974 0.040897</row1>
								<row2>-0.023199 -0.038108 1.007034</row2>
								<row3>0.098064 -0.000000 0.000000</row3>
							</transform>
							<node>
								<identifier>Neck_M</identifier>
								<transform>
									<row0>0.899155 0.432385 -0.067547</row0>
									<row1>-0.433608 0.901093 -0.003877</row1>
									<row2>0.059190 0.032775 0.997709</row2>
									<row3>0.271604 -0.000000 -0.000000</row3>
								</transform>
								<node>
									<identifier>Head_M</identifier>
									<transform>
										<row0>0.864937 -0.501805 -0.008653</row0>
										<row1>0.479914 0.832004 -0.278300</row1>
										<row2>0.146852 0.236559 0.960455</row2>
										<row3>0.113089 -0.000000 -0.000000</row3>
									</transform>
									<node>
										<identifier>Head_M_BlendBone</identifier>
										<transform>
											<row0>0.055521 0.151593 -0.986883</row0>
											<row1>0.964483 -0.263788 0.013740</row1>
											<row2>0.258245 0.952594 0.160855</row2>
											<row3>-1.213589 0.009635 -0.074576</row3>
										</transform>
									</node>
								</node>
								<node>
									<identifier>Neck_M_BlendBone</identifier>
									<transform>
										<row0>-0.024152 -0.135191 -0.990525</row0>
										<row1>0.709639 -0.700205 0.078263</row1>
										<row2>0.704151 0.701025 -0.112848</row2>
										<row3>-0.942917 0.599359 -0.063807</row3>
									</transform>
								</node>
							</node>
							<node>
								<identifier>OrderRow1_L</identifier>
								<transform>
									<row0>-0.998352 0.054466 -0.018079</row0>
									<row1>0.057375 0.954029 -0.294172</row1>
									<row2>0.001225 -0.294724 -0.955582</row2>
									<row3>0.061239 0.115954 -0.121952</row3>
								</transform>
								<node>
									<identifier>OrderRow1_L_BlendBone</identifier>
									<transform>
										<row0>0.030545 0.131682 0.990821</row0>
										<row1>-0.962871 -0.262137 0.064522</row1>
										<row2>-0.268228 0.956004 -0.118786</row2>
										<row3>0.898260 -0.073232 -0.119671</row3>
									</transform>
								</node>
							</node>
							<node>
								<identifier>OrderRow2_L</identifier>
								<transform>
									<row0>-0.999993 -0.002728 -0.002645</row0>
									<row1>-0.001793 0.952422 -0.304778</row1>
									<row2>0.003351 -0.304771 -0.952420</row2>
									<row3>0.005667 0.113803 -0.123640</row3>
								</transform>
								<node>
									<identifier>OrderRow2_L_BlendBone</identifier>
									<transform>
										<row0>0.024783 0.143691 0.989312</row0>
										<row1>-0.945526 -0.317961 0.069868</row1>
										<row2>-0.324602 0.937152 -0.127984</row2>
										<row3>0.845184 -0.019772 -0.123429</row3>
									</transform>
								</node>
							</node>
							<node>
								<identifier>OrderRow3_L</identifier>
								<transform>
									<row0>-0.998162 0.055083 -0.025286</row0>
									<row1>0.060607 0.902961 -0.425427</row1>
									<row2>-0.000601 -0.426177 -0.904640</row2>
									<row3>-0.049530 0.106828 -0.118704</row3>
								</transform>
								<node>
									<identifier>OrderRow3_L_BlendBone</identifier>
									<transform>
										<row0>0.037547 0.269455 0.962281</row0>
										<row1>-0.963126 -0.246972 0.106736</row1>
										<row2>-0.266417 0.930806 -0.250246</row2>
										<row3>0.787254 -0.076246 -0.114831</row3>
									</transform>
								</node>
							</node>
							<node>
								<identifier>Scapula_L</identifier>
								<transform>
									<row0>0.113807 0.271363 0.955725</row0>
									<row1>0.227170 -0.943597 0.240869</row1>
									<row2>0.967182 0.189700 -0.169033</row2>
									<row3>0.215640 0.038284 -0.048984</row3>
								</transform>
								<node>
									<identifier>Shoulder_L</identifier>
									<transform>
										<row0>0.293387 0.282601 0.913270</row0>
										<row1>-0.481162 0.869139 -0.114373</row1>
										<row2>-0.826080 -0.405876 0.390969</row2>
										<row3>-0.175869 -0.000000 -0.000000</row3>
									</transform>
									<node>
										<identifier>Elbow_L</identifier>
										<transform>
											<row0>0.569117 0.822257 -0.000000</row0>
											<row1>-0.822257 0.569117 -0.000000</row1>
											<row2>-0.000000 0.000000 1.000000</row2>
											<row3>-0.264346 0.000000 0.000000</row3>
										</transform>
										<node>
											<identifier>Wrist_L</identifier>
											<transform>
												<row0>0.785272 0.614824 0.073068</row0>
												<row1>-0.523308 0.596004 0.609039</row1>
												<row2>0.330903 -0.516499 0.789767</row2>
												<row3>-0.215309 0.000000 0.000000</row3>
											</transform>
											<node>
												<identifier>MiddleFinger1_L</identifier>
												<transform>
													<row0>0.982947 -0.113135 0.144970</row0>
													<row1>0.045385 0.913212 0.404949</row1>
													<row2>-0.178202 -0.391463 0.902774</row2>
													<row3>-0.087917 0.000000 0.000000</row3>
												</transform>
												<node>
													<identifier>MiddleFinger2_L</identifier>
													<transform>
														<row0>0.937250 -0.000000 0.348658</row0>
														<row1>-0.000000 1.000000 -0.000000</row1>
														<row2>-0.348658 0.000000 0.937250</row2>
														<row3>-0.039571 -0.000000 0.000000</row3>
													</transform>
													<node>
														<identifier>MiddleFinger3_L</identifier>
														<transform>
															<row0>0.965743 -0.000000 0.259503</row0>
															<row1>0.000000 1.000000 -0.000000</row1>
															<row2>-0.259502 0.000000 0.965742</row2>
															<row3>-0.033568 0.000000 0.000000</row3>
														</transform>
														<node>
															<identifier>MiddleFinger3_L_BlendBone</identifier>
															<transform>
																<row0>0.473863 0.870808 -0.130946</row0>
																<row1>0.832458 -0.394484 0.389096</row1>
																<row2>-0.287172 0.293385 0.911843</row2>
																<row3>-0.394134 -0.041047 -0.556940</row3>
															</transform>
														</node>
													</node>
													<node>
														<identifier>MiddleFinger2_L_BlendBone</identifier>
														<transform>
															<row0>0.491610 0.870808 -0.003492</row0>
															<row1>0.702969 -0.394484 0.591791</row1>
															<row2>-0.513959 0.293385 0.806084</row2>
															<row3>-0.269673 -0.041047 -0.640139</row3>
														</transform>
													</node>
												</node>
												<node>
													<identifier>MiddleFinger1_L_BlendBone</identifier>
													<transform>
														<row0>0.461979 0.870808 0.168131</row0>
														<row1>0.452525 -0.394484 0.799752</row1>
														<row2>-0.762756 0.293385 0.576306</row2>
														<row3>-0.069132 -0.041047 -0.693994</row3>
													</transform>
												</node>
											</node>
											<node>
												<identifier>ThumbFinger1_L</identifier>
												<transform>
													<row0>0.729578 0.448051 0.516689</row0>
													<row1>-0.565942 -0.028626 0.823948</row1>
													<row2>0.383961 -0.893550 0.232686</row2>
													<row3>-0.016994 -0.025191 -0.006269</row3>
												</transform>
												<node>
													<identifier>ThumbFinger2_L</identifier>
													<transform>
														<row0>0.863187 0.000000 0.504885</row0>
														<row1>-0.000000 1.000000 0.000000</row1>
														<row2>-0.504885 0.000000 0.863187</row2>
														<row3>-0.047423 0.000000 0.000000</row3>
													</transform>
													<node>
														<identifier>ThumbFinger3_L</identifier>
														<transform>
															<row0>0.988406 0.041441 0.146071</row0>
															<row1>-0.004698 0.969919 -0.243381</row1>
															<row2>-0.151763 0.239873 0.958869</row2>
															<row3>-0.035912 0.000000 0.000000</row3>
														</transform>
														<node>
															<identifier>ThumbFinger3_L_BlendBone</identifier>
															<transform>
																<row0>0.554246 0.357128 -0.751845</row0>
																<row1>0.741457 0.198617 0.640931</row1>
																<row2>-0.378224 0.912694 0.154712</row2>
																<row3>-0.373901 -0.452431 -0.319671</row3>
															</transform>
														</node>
													</node>
													<node>
														<identifier>ThumbFinger2_L_BlendBone</identifier>
														<transform>
															<row0>0.660245 0.189006 -0.726879</row0>
															<row1>0.634657 0.377111 0.674535</row1>
															<row2>-0.401606 0.906677 -0.129031</row2>
															<row3>-0.354838 -0.530997 -0.251025</row3>
														</transform>
													</node>
												</node>
												<node>
													<identifier>ThumbFinger1_L_BlendBone</identifier>
													<transform>
														<row0>0.936905 0.189006 -0.294085</row0>
														<row1>0.207265 0.377111 0.902678</row1>
														<row2>-0.281514 0.906677 -0.314143</row2>
														<row3>-0.226976 -0.530997 -0.395834</row3>
													</transform>
												</node>
											</node>
											<node>
												<identifier>Wrist_L_BlendBone</identifier>
												<transform>
													<row0>0.463661 0.677150 0.571390</row0>
													<row1>0.284386 -0.724518 0.627852</row1>
													<row2>-0.839132 0.128615 0.528503</row2>
													<row3>-0.034061 0.242010 -0.653163</row3>
												</transform>
											</node>
										</node>
										<node>
											<identifier>Elbow_L_BlendBone</identifier>
											<transform>
												<row0>0.198817 0.393532 0.897555</row0>
												<row1>0.810225 -0.581252 0.075377</row1>
												<row2>-0.551369 -0.712235 0.434412</row2>
												<row3>-0.584836 0.460655 -0.370942</row3>
											</transform>
										</node>
									</node>
									<node>
										<identifier>Shoulder_L_BlendBone</identifier>
										<transform>
											<row0>-0.210434 0.387444 0.897555</row0>
											<row1>0.939051 0.335412 0.075377</row1>
											<row2>0.271847 -0.858712 0.434412</row2>
											<row3>-0.975962 -0.218719 -0.370942</row3>
										</transform>
									</node>
								</node>
								<node>
									<identifier>Scapula_L_BlendBone</identifier>
									<transform>
										<row0>-0.989614 -0.087021 0.114422</row0>
										<row1>0.051851 0.526303 0.848715</row1>
										<row2>0.134077 -0.845832 0.516325</row2>
										<row3>-0.050537 -0.315349 -1.011329</row3>
									</transform>
								</node>
							</node>
							<node>
								<identifier>Scapula_R</identifier>
								<transform>
									<row0>-0.163179 -0.074061 0.983813</row0>
									<row1>-0.376822 0.926257 0.007227</row1>
									<row2>-0.911799 -0.369543 -0.179054</row2>
									<row3>0.215640 0.038284 0.048984</row3>
								</transform>
								<node>
									<identifier>Shoulder_R</identifier>
									<transform>
										<row0>0.149250 0.806034 0.572741</row0>
										<row1>-0.759988 0.464064 -0.455041</row1>
										<row2>-0.632568 -0.367361 0.681839</row2>
										<row3>0.175869 -0.000000 -0.000000</row3>
									</transform>
									<node>
										<identifier>Elbow_R</identifier>
										<transform>
											<row0>0.842632 0.538489 0.000000</row0>
											<row1>-0.538490 0.842632 -0.000000</row1>
											<row2>-0.000000 0.000000 1.000000</row2>
											<row3>0.264346 0.000000 0.000000</row3>
										</transform>
										<node>
											<identifier>Wrist_R</identifier>
											<transform>
												<row0>0.908319 0.324560 0.263850</row0>
												<row1>-0.269201 -0.029186 0.962642</row1>
												<row2>0.320136 -0.945415 0.060861</row2>
												<row3>0.215309 -0.000000 0.000000</row3>
											</transform>
											<node>
												<identifier>MiddleFinger1_R</identifier>
												<transform>
													<row0>0.971366 -0.068855 0.227390</row0>
													<row1>0.156487 0.905574 -0.394268</row1>
													<row2>-0.178771 0.418562 0.890419</row2>
													<row3>0.087917 0.000000 0.000000</row3>
												</transform>
												<node>
													<identifier>MiddleFinger2_R</identifier>
													<transform>
														<row0>0.936369 0.000000 0.351017</row0>
														<row1>-0.000000 1.000000 0.000000</row1>
														<row2>-0.351017 -0.000000 0.936369</row2>
														<row3>0.039571 -0.000000 -0.000000</row3>
													</transform>
													<node>
														<identifier>MiddleFinger3_R</identifier>
														<transform>
															<row0>0.953628 0.000000 0.300988</row0>
															<row1>0.000000 1.000000 0.000000</row1>
															<row2>-0.300988 -0.000000 0.953628</row2>
															<row3>0.033568 -0.000000 -0.000000</row3>
														</transform>
														<node>
															<identifier>MiddleFinger3_R_BlendBone</identifier>
															<transform>
																<row0>0.243664 0.903731 -0.351992</row0>
																<row1>-0.969753 0.232413 -0.074590</row1>
																<row2>-0.014398 -0.359520 -0.933026</row2>
																<row3>0.512382 0.182309 0.427308</row3>
															</transform>
														</node>
													</node>
													<node>
														<identifier>MiddleFinger2_R_BlendBone</identifier>
														<transform>
															<row0>0.338310 0.903731 -0.262329</row0>
															<row1>-0.902333 0.232413 -0.363015</row1>
															<row2>0.267099 -0.359520 -0.894094</row2>
															<row3>0.393576 0.182309 0.561714</row3>
														</transform>
													</node>
												</node>
												<node>
													<identifier>MiddleFinger1_R_BlendBone</identifier>
													<transform>
														<row0>0.408866 0.903731 -0.126884</row0>
														<row1>-0.717492 0.232413 -0.656651</row1>
														<row2>0.563946 -0.359520 -0.743445</row2>
														<row3>0.210932 0.182309 0.664123</row3>
													</transform>
												</node>
											</node>
											<node>
												<identifier>ThumbFinger1_R</identifier>
												<transform>
													<row0>0.810530 0.567185 0.146087</row0>
													<row1>-0.224633 0.070688 0.971876</row1>
													<row2>0.540907 -0.820551 0.184703</row2>
													<row3>0.016994 0.025191 0.006269</row3>
												</transform>
												<node>
													<identifier>ThumbFinger2_R</identifier>
													<transform>
														<row0>0.803497 -0.000000 0.595309</row0>
														<row1>-0.000000 1.000000 -0.000000</row1>
														<row2>-0.595309 -0.000000 0.803497</row2>
														<row3>0.047423 0.000000 -0.000000</row3>
													</transform>
													<node>
														<identifier>ThumbFinger3_R</identifier>
														<transform>
															<row0>0.933080 -0.000001 0.359670</row0>
															<row1>0.000001 1.000000 0.000000</row1>
															<row2>-0.359669 0.000001 0.933080</row2>
															<row3>0.035912 0.000000 0.000000</row3>
														</transform>
														<node>
															<identifier>ThumbFinger3_R_BlendBone</identifier>
															<transform>
																<row0>0.125047 -0.439707 -0.889393</row0>
																<row1>-0.674723 -0.694911 0.248693</row1>
																<row2>0.727401 -0.568996 0.383577</row2>
																<row3>0.080935 0.532199 -0.404489</row3>
															</transform>
														</node>
													</node>
													<node>
														<identifier>ThumbFinger2_R_BlendBone</identifier>
														<transform>
															<row0>0.436566 -0.439708 -0.784900</row0>
															<row1>-0.719018 -0.694910 -0.010627</row1>
															<row2>0.540761 -0.568997 0.619532</row2>
															<row3>0.256914 0.532199 -0.348311</row3>
														</transform>
													</node>
												</node>
												<node>
													<identifier>ThumbFinger1_R_BlendBone</identifier>
													<transform>
														<row0>0.818037 -0.439708 -0.370772</row0>
														<row1>-0.571402 -0.694910 -0.436577</row1>
														<row2>0.065687 -0.568997 0.819712</row2>
														<row3>0.461205 0.532199 -0.126924</row3>
													</transform>
												</node>
											</node>
											<node>
												<identifier>Wrist_R_BlendBone</identifier>
												<transform>
													<row0>0.561263 0.737134 -0.376320</row0>
													<row1>-0.543187 -0.014979 -0.839478</row1>
													<row2>0.624445 -0.675580 -0.391995</row2>
													<row3>0.202611 0.428548 0.567433</row3>
												</transform>
											</node>
										</node>
										<node>
											<identifier>Elbow_R_BlendBone</identifier>
											<transform>
												<row0>0.190896 0.516428 0.834782</row0>
												<row1>-0.758102 0.617795 -0.208831</row1>
												<row2>0.623570 0.592985 -0.509440</row2>
												<row3>0.465635 -0.483208 0.500531</row3>
											</transform>
										</node>
									</node>
									<node>
										<identifier>Shoulder_R_BlendBone</identifier>
										<transform>
											<row0>-0.117236 0.537954 0.834782</row0>
											<row1>-0.971477 0.112344 -0.208831</row1>
											<row2>0.206124 0.835454 -0.509440</row2>
											<row3>0.916908 -0.156427 0.500532</row3>
										</transform>
									</node>
								</node>
								<node>
									<identifier>Scapula_R_BlendBone</identifier>
									<transform>
										<row0>-0.954393 -0.151519 0.257248</row0>
										<row1>-0.098274 -0.654193 -0.749916</row1>
										<row2>-0.281916 0.740995 -0.609467</row2>
										<row3>0.114980 0.482591 0.937614</row3>
									</transform>
								</node>
							</node>
							<node>
								<identifier>Chest_M_BlendBone</identifier>
								<transform>
									<row0>-0.021726 -0.164726 -0.986100</row0>
									<row1>0.946323 -0.321547 0.032865</row1>
									<row2>0.322491 0.932455 -0.162870</row2>
									<row3>-0.839889 0.130284 -0.002293</row3>
								</transform>
							</node>
						</node>
						<node>
							<identifier>Spine2_M_BlendBone</identifier>
							<transform>
								<row0>-0.021212 -0.123843 -1.000160</row0>
								<row1>0.900467 -0.451565 0.036816</row1>
								<row2>0.452567 0.892670 -0.120132</row2>
								<row3>-0.722836 0.244969 -0.011954</row3>
							</transform>
						</node>
					</node>
					<node>
						<identifier>Spine1_M_BlendBone</identifier>
						<transform>
							<row0>0.018308 -0.089825 -1.003845</row0>
							<row1>0.996342 -0.149713 0.031568</row1>
							<row2>0.151906 0.992787 -0.086065</row2>
							<row3>-0.649781 0.007972 -0.011596</row3>
						</transform>
					</node>
				</node>
				<node>
					<identifier>Root_M_BlendBone</identifier>
					<transform>
						<row0>0.025624 -0.049869 -0.998427</row0>
						<row1>0.999262 0.029865 0.024154</row1>
						<row2>-0.028614 0.998309 -0.050598</row2>
						<row3>-0.550010 -0.106381 -0.010059</row3>
					</transform>
				</node>
			</node>
		</node>
	</node>
	<renderSet>
		<treatAsWorldSpaceObject>true</treatAsWorldSpaceObject>
		<node>Chest_M_BlendBone</node>
		<node>Scapula_R_BlendBone</node>
		<node>Shoulder_R_BlendBone</node>
		<node>Scapula_L_BlendBone</node>
		<node>Neck_M_BlendBone</node>
		<node>Shoulder_L_BlendBone</node>
		<node>Root_M_BlendBone</node>
		<node>Hip_R_BlendBone</node>
		<node>Spine1_M_BlendBone</node>
		<node>Spine2_M_BlendBone</node>
		<node>Hip_L_BlendBone</node>
		<node>Elbow_L_BlendBone</node>
		<node>Wrist_L_BlendBone</node>
		<node>Elbow_R_BlendBone</node>
		<node>Wrist_R_BlendBone</node>
		<node>Knee_R_BlendBone</node>
		<node>Ankle_R_BlendBone</node>
		<node>Knee_L_BlendBone</node>
		<node>Ankle_L_BlendBone</node>
		<node>Toes_L_BlendBone</node>
		<node>Toes_R_BlendBone</node>
		<node>Head_M_BlendBone</node>
		<geometry>
			<vertices>s1Shape.vertices</vertices>
			<primitive>s1Shape.indices</primitive>
			<primitiveGroup>
				0
				<material>
					<identifier>phong13_skinned</identifier>
					<fx>shaders/std_effects/PBS_ext_skinned.fx</fx>
					<materialKind>0</materialKind>
					<collisionFlags>255</collisionFlags>
					<property>
						diffuseMap
						<Texture>content/Hangars/h01_victory_day_2024/Characters/Veteran_Man/Veteran_Man_cloth_AM.dds</Texture>
					</property>
					<property>
						dynamicObject
						<Bool>true</Bool>
					</property>
					<property>
						g_enableAO
						<Bool>true</Bool>
					</property>
					<property>
						g_tintColor
						<Vector4>0.090196 0.270588 0.309804 1.000000</Vector4>
					</property>
					<property>
						g_useTintColor
						<Bool>true</Bool>
					</property>
					<property>
						metallicGlossMap
						<Texture>content/Hangars/h01_victory_day_2024/Characters/Veteran_Man/Veteran_Man_cloth_GMM.dds</Texture>
					</property>
					<property>
						normalMap
						<Texture>content/Hangars/h01_victory_day_2024/Characters/Veteran_Man/Veteran_Man_cloth_ANM.dds</Texture>
					</property>
				</material>
				<groupOrigin>0.002677 0.690307 0.236850</groupOrigin>
			</primitiveGroup>
		</geometry>
	</renderSet>
	<renderSet>
		<treatAsWorldSpaceObject>true</treatAsWorldSpaceObject>
		<node>OrderRow1_L_BlendBone</node>
		<node>OrderRow2_L_BlendBone</node>
		<node>OrderRow3_L_BlendBone</node>
		<geometry>
			<vertices>s3Shape.vertices</vertices>
			<primitive>s3Shape.indices</primitive>
			<primitiveGroup>
				0
				<material>
					<identifier>phong13_skinned</identifier>
					<fx>shaders/std_effects/PBS_ext_skinned.fx</fx>
					<materialKind>0</materialKind>
					<collisionFlags>255</collisionFlags>
					<property>
						diffuseMap
						<Texture>content/Hangars/h01_victory_day_2024/Characters/Veteran_Man/Veteran_Man_cloth_AM.dds</Texture>
					</property>
					<property>
						dynamicObject
						<Bool>true</Bool>
					</property>
					<property>
						g_enableAO
						<Bool>true</Bool>
					</property>
					<property>
						g_tintColor
						<Vector4>0.090196 0.270588 0.309804 1.000000</Vector4>
					</property>
					<property>
						g_useTintColor
						<Bool>true</Bool>
					</property>
					<property>
						metallicGlossMap
						<Texture>content/Hangars/h01_victory_day_2024/Characters/Veteran_Man/Veteran_Man_cloth_GMM.dds</Texture>
					</property>
					<property>
						normalMap
						<Texture>content/Hangars/h01_victory_day_2024/Characters/Veteran_Man/Veteran_Man_cloth_ANM.dds</Texture>
					</property>
				</material>
				<groupOrigin>0.095087 0.811201 0.261418</groupOrigin>
			</primitiveGroup>
		</geometry>
	</renderSet>
	<renderSet>
		<treatAsWorldSpaceObject>true</treatAsWorldSpaceObject>
		<node>ThumbFinger3_L_BlendBone</node>
		<node>ThumbFinger3_R_BlendBone</node>
		<node>MiddleFinger1_R_BlendBone</node>
		<node>Wrist_R_BlendBone</node>
		<node>MiddleFinger2_R_BlendBone</node>
		<node>Elbow_R_BlendBone</node>
		<node>MiddleFinger3_R_BlendBone</node>
		<node>ThumbFinger1_R_BlendBone</node>
		<node>ThumbFinger2_R_BlendBone</node>
		<node>MiddleFinger1_L_BlendBone</node>
		<node>Wrist_L_BlendBone</node>
		<node>MiddleFinger2_L_BlendBone</node>
		<node>Elbow_L_BlendBone</node>
		<node>MiddleFinger3_L_BlendBone</node>
		<node>ThumbFinger1_L_BlendBone</node>
		<node>ThumbFinger2_L_BlendBone</node>
		<node>Head_M_BlendBone</node>
		<node>Neck_M_BlendBone</node>
		<node>Chest_M_BlendBone</node>
		<geometry>
			<vertices>s0Shape.vertices</vertices>
			<primitive>s0Shape.indices</primitive>
			<primitiveGroup>
				0
				<material>
					<identifier>s_nd0_skinned</identifier>
					<fx>shaders/std_effects/PBS_ext_skinned.fx</fx>
					<materialKind>0</materialKind>
					<collisionFlags>255</collisionFlags>
					<property>
						diffuseMap
						<Texture>content/Hangars/h01_victory_day_2024/Characters/Veteran_Man/Veteran_Man_body_AM.dds</Texture>
					</property>
					<property>
						dynamicObject
						<Bool>true</Bool>
					</property>
					<property>
						g_enableAO
						<Bool>true</Bool>
					</property>
					<property>
						metallicGlossMap
						<Texture>content/Hangars/h01_victory_day_2024/Characters/Veteran_Man/Veteran_Man_body_GMM.dds</Texture>
					</property>
					<property>
						normalMap
						<Texture>content/Hangars/h01_victory_day_2024/Characters/Veteran_Man/Veteran_Man_body_ANM.dds</Texture>
					</property>
				</material>
				<groupOrigin>-0.131924 0.477071 0.310187</groupOrigin>
			</primitiveGroup>
		</geometry>
	</renderSet>
	<constraints/>
	<boundingBox>
		<min>-0.521664 -0.396204 -0.543388</min>
		<max>0.329184 1.385877 0.069689</max>
	</boundingBox>
	<geometrySize>454972</geometrySize>
	<minUVDensity>0.042464</minUVDensity>
</root>
