<?xml version="1.0" encoding="utf-8"?>
<root>
	<node>
		<identifier>Scene Root</identifier>
		<transform>
			<row0>1.000000 0.000000 0.000000</row0>
			<row1>0.000000 1.000000 0.000000</row1>
			<row2>0.000000 0.000000 1.000000</row2>
			<row3>0.000000 0.000000 0.000000</row3>
		</transform>
		<node>
			<identifier>Root</identifier>
			<transform>
				<row0>1.000000 0.000000 0.000000</row0>
				<row1>0.000000 1.000000 0.000000</row1>
				<row2>0.000000 0.000000 1.000000</row2>
				<row3>0.000000 0.000000 0.000000</row3>
			</transform>
			<node>
				<identifier>Root_M</identifier>
				<transform>
					<row0>-0.042850 0.861557 0.505850</row0>
					<row1>-0.020979 0.505427 -0.862614</row1>
					<row2>-0.998861 -0.047575 -0.003583</row2>
					<row3>-0.001255 0.553024 -0.089954</row3>
				</transform>
				<node>
					<identifier>Hip_L</identifier>
					<transform>
						<row0>0.634566 -0.678362 0.370338</row0>
						<row1>-0.761284 -0.631277 0.148109</row1>
						<row2>0.133314 -0.375917 -0.917013</row2>
						<row3>-0.005374 -0.000224 -0.105930</row3>
					</transform>
					<node>
						<identifier>Knee_L</identifier>
						<transform>
							<row0>0.040986 -0.999160 -0.000000</row0>
							<row1>0.999160 0.040986 -0.000000</row1>
							<row2>0.000000 -0.000000 1.000000</row2>
							<row3>-0.391541 -0.000000 0.000000</row3>
						</transform>
						<node>
							<identifier>Ankle_L</identifier>
							<transform>
								<row0>0.997357 0.070118 0.019008</row0>
								<row1>-0.072172 0.986227 0.148821</row1>
								<row2>-0.008311 -0.149799 0.988682</row2>
								<row3>-0.370799 0.000000 0.000000</row3>
							</transform>
							<node>
								<identifier>Toes_L</identifier>
								<transform>
									<row0>0.239568 0.970774 -0.014335</row0>
									<row1>-0.969917 0.239962 0.040973</row1>
									<row2>0.043216 0.004088 0.999057</row2>
									<row3>-0.064376 -0.134579 0.000000</row3>
								</transform>
								<node>
									<identifier>Toes_L_BlendBone</identifier>
									<transform>
										<row0>-0.239193 -0.094798 0.966333</row0>
										<row1>0.305230 -0.952111 -0.017850</row1>
										<row2>-0.921749 -0.290684 -0.256674</row2>
										<row3>0.534469 0.215909 -0.106851</row3>
									</transform>
								</node>
							</node>
							<node>
								<identifier>Ankle_L_BlendBone</identifier>
								<transform>
									<row0>0.076404 -0.251000 0.964967</row0>
									<row1>0.995821 0.067766 -0.061220</row1>
									<row2>0.050026 -0.965612 -0.255129</row2>
									<row3>-0.150366 0.435642 -0.105566</row3>
								</transform>
							</node>
						</node>
						<node>
							<identifier>Knee_L_BlendBone</identifier>
							<transform>
								<row0>0.086297 -0.386737 0.918143</row0>
								<row1>0.988808 0.145829 -0.031514</row1>
								<row2>0.121704 -0.910587 -0.394994</row2>
								<row3>-0.551332 0.434913 -0.042396</row3>
							</transform>
						</node>
					</node>
					<node>
						<identifier>Hip_L_BlendBone</identifier>
						<transform>
							<row0>-0.382876 -0.102075 0.918143</row0>
							<row1>0.186233 -0.982000 -0.031514</row1>
							<row2>-0.904833 -0.158923 -0.394994</row2>
							<row3>0.020409 0.568694 -0.042396</row3>
						</transform>
					</node>
				</node>
				<node>
					<identifier>Hip_R</identifier>
					<transform>
						<row0>-0.769221 0.638962 -0.005159</row0>
						<row1>0.632356 0.760058 -0.149792</row1>
						<row2>-0.091790 -0.118485 -0.988704</row2>
						<row3>0.002813 -0.000224 0.106029</row3>
					</transform>
					<node>
						<identifier>Knee_R</identifier>
						<transform>
							<row0>-0.414076 -0.910242 -0.000000</row0>
							<row1>0.910242 -0.414076 -0.000000</row1>
							<row2>0.000000 -0.000000 1.000000</row2>
							<row3>0.391541 -0.000000 0.000000</row3>
						</transform>
						<node>
							<identifier>Ankle_R</identifier>
							<transform>
								<row0>0.934509 0.282059 0.217108</row0>
								<row1>-0.277773 0.959310 -0.050668</row1>
								<row2>-0.222565 -0.012956 0.974832</row2>
								<row3>0.370800 0.000000 0.000000</row3>
							</transform>
							<node>
								<identifier>Toes_R</identifier>
								<transform>
									<row0>-0.239110 0.970755 0.021488</row0>
									<row1>-0.968469 -0.240024 0.066756</row1>
									<row2>0.069961 -0.004849 0.997538</row2>
									<row3>0.064376 0.134579 0.000000</row3>
								</transform>
								<node>
									<identifier>Toes_R_BlendBone</identifier>
									<transform>
										<row0>-0.044963 -0.029809 0.998544</row0>
										<row1>-0.239998 0.970603 0.018169</row1>
										<row2>0.969732 0.238831 0.050795</row2>
										<row3>-0.277904 -0.106080 0.120403</row3>
									</transform>
								</node>
							</node>
							<node>
								<identifier>Ankle_R_BlendBone</identifier>
								<transform>
									<row0>0.109480 -0.041334 0.993129</row0>
									<row1>-0.881342 -0.466035 0.077760</row1>
									<row2>-0.459619 0.883800 0.087451</row2>
									<row3>0.241985 -0.110320 0.107054</row3>
								</transform>
							</node>
						</node>
						<node>
							<identifier>Knee_R_BlendBone</identifier>
							<transform>
								<row0>-0.107244 -0.021640 0.993997</row0>
								<row1>-0.711477 -0.696670 -0.091930</row1>
								<row2>-0.694477 0.717065 -0.059317</row2>
								<row3>0.603754 -0.038964 0.162486</row3>
							</transform>
						</node>
					</node>
					<node>
						<identifier>Hip_R_BlendBone</identifier>
						<transform>
							<row0>0.024709 0.106579 0.993997</row0>
							<row1>-0.339533 0.936091 -0.091930</row1>
							<row2>0.940269 0.335223 -0.059317</row2>
							<row3>0.106074 -0.533428 0.162486</row3>
						</transform>
					</node>
				</node>
				<node>
					<identifier>Spine1_M</identifier>
					<transform>
						<row0>1.018540 0.119875 0.021772</row0>
						<row1>-0.119529 1.018673 -0.016927</row1>
						<row2>-0.023599 0.014270 1.025430</row2>
						<row3>0.081963 0.000314 0.000223</row3>
					</transform>
					<node>
						<identifier>Spine2_M</identifier>
						<transform>
							<row0>0.936889 0.349551 -0.007244</row0>
							<row1>-0.349571 0.936909 -0.001580</row1>
							<row2>0.006235 0.004013 0.999972</row2>
							<row3>0.100404 0.000000 -0.000000</row3>
						</transform>
						<node>
							<identifier>Chest_M</identifier>
							<transform>
								<row0>0.973183 -0.037275 -0.043062</row0>
								<row1>0.036398 0.973953 -0.020467</row1>
								<row2>0.043808 0.018824 0.973681</row2>
								<row3>0.084450 -0.000000 0.000000</row3>
							</transform>
							<node>
								<identifier>Neck_M</identifier>
								<transform>
									<row0>0.874838 0.484415 -0.000000</row0>
									<row1>-0.484415 0.874838 -0.000000</row1>
									<row2>-0.000002 -0.000000 1.000000</row2>
									<row3>0.271604 0.000000 -0.000000</row3>
								</transform>
								<node>
									<identifier>Head_M</identifier>
									<transform>
										<row0>0.873709 -0.482883 0.058788</row0>
										<row1>0.478688 0.831965 -0.280521</row1>
										<row2>0.086547 0.273236 0.958046</row2>
										<row3>0.113089 0.000000 0.000000</row3>
									</transform>
									<node>
										<identifier>Head_M_BlendBone</identifier>
										<transform>
											<row0>-0.070022 0.322485 -0.943981</row0>
											<row1>0.993299 0.109767 -0.036181</row1>
											<row2>-0.091950 0.940189 0.328010</row2>
											<row3>-1.169713 -0.143758 0.018242</row3>
										</transform>
									</node>
								</node>
								<node>
									<identifier>Neck_M_BlendBone</identifier>
									<transform>
										<row0>0.011490 0.044180 -0.998958</row0>
										<row1>0.917267 -0.398210 -0.007061</row1>
										<row2>0.398107 0.916230 0.045100</row2>
										<row3>-0.976136 0.450217 -0.010961</row3>
									</transform>
								</node>
							</node>
							<node>
								<identifier>OrderRow1_L</identifier>
								<transform>
									<row0>-0.995694 0.089046 -0.025789</row0>
									<row1>0.092671 0.948317 -0.303491</row1>
									<row2>-0.002567 -0.304574 -0.952485</row2>
									<row3>0.062972 0.116771 -0.118921</row3>
								</transform>
								<node>
									<identifier>OrderRow1_L_BlendBone</identifier>
									<transform>
										<row0>0.041001 0.344054 0.938055</row0>
										<row1>-0.982345 0.185391 -0.025060</row1>
										<row2>0.182529 0.920466 -0.345580</row2>
										<row3>0.839486 -0.298419 -0.040990</row3>
									</transform>
								</node>
							</node>
							<node>
								<identifier>OrderRow2_L</identifier>
								<transform>
									<row0>-0.998137 0.056915 -0.021987</row0>
									<row1>0.060842 0.955541 -0.288515</row1>
									<row2>0.004590 -0.289315 -0.957223</row2>
									<row3>0.011949 0.115775 -0.121692</row3>
								</transform>
								<node>
									<identifier>OrderRow2_L_BlendBone</identifier>
									<transform>
										<row0>0.035809 0.329774 0.943381</row0>
										<row1>-0.987888 0.154298 -0.016439</row1>
										<row2>0.150983 0.931365 -0.331304</row2>
										<row3>0.797364 -0.267479 -0.053374</row3>
									</transform>
								</node>
							</node>
							<node>
								<identifier>OrderRow3_L</identifier>
								<transform>
									<row0>-0.979865 0.181321 -0.083592</row0>
									<row1>0.199587 0.901084 -0.384984</row1>
									<row2>0.005519 -0.393916 -0.919130</row2>
									<row3>-0.035445 0.114066 -0.118604</row3>
								</transform>
								<node>
									<identifier>OrderRow3_L_BlendBone</identifier>
									<transform>
										<row0>0.102644 0.422160 0.900691</row0>
										<row1>-0.957326 0.287853 -0.025821</row1>
										<row2>0.270168 0.859605 -0.433691</row2>
										<row3>0.705597 -0.368083 -0.027113</row3>
									</transform>
								</node>
							</node>
							<node>
								<identifier>Scapula_L</identifier>
								<transform>
									<row0>0.206121 0.167562 0.964073</row0>
									<row1>0.242114 -0.963328 0.115668</row1>
									<row2>0.948101 0.209574 -0.239133</row2>
									<row3>0.215640 0.038284 -0.048984</row3>
								</transform>
								<node>
									<identifier>Shoulder_L</identifier>
									<transform>
										<row0>0.023398 0.659522 0.751321</row0>
										<row1>-0.981921 0.156368 -0.106685</row1>
										<row2>-0.187843 -0.735241 0.651257</row2>
										<row3>-0.175869 -0.000000 -0.000000</row3>
									</transform>
									<node>
										<identifier>Elbow_L</identifier>
										<transform>
											<row0>0.716717 0.697364 0.000000</row0>
											<row1>-0.697364 0.716717 -0.000000</row1>
											<row2>-0.000000 0.000000 1.000000</row2>
											<row3>-0.264346 -0.000000 -0.000000</row3>
										</transform>
										<node>
											<identifier>Wrist_L</identifier>
											<transform>
												<row0>0.981694 0.156712 -0.108254</row0>
												<row1>-0.184508 0.923499 -0.336314</row1>
												<row2>0.047268 0.350131 0.935507</row2>
												<row3>-0.215309 0.000000 0.000000</row3>
											</transform>
											<node>
												<identifier>MiddleFinger1_L</identifier>
												<transform>
													<row0>0.828910 -0.193689 0.524778</row0>
													<row1>0.000975 0.938639 0.344900</row1>
													<row2>-0.559381 -0.285380 0.778236</row2>
													<row3>-0.087917 0.000000 0.000000</row3>
												</transform>
												<node>
													<identifier>MiddleFinger2_L</identifier>
													<transform>
														<row0>0.818488 0.000003 0.574520</row0>
														<row1>-0.000001 1.000002 -0.000001</row1>
														<row2>-0.574520 -0.000002 0.818490</row2>
														<row3>-0.039571 -0.000000 0.000000</row3>
													</transform>
													<node>
														<identifier>MiddleFinger3_L</identifier>
														<transform>
															<row0>0.868619 0.000000 0.495480</row0>
															<row1>0.000000 0.999999 -0.000000</row1>
															<row2>-0.495480 0.000000 0.868620</row2>
															<row3>-0.033568 0.000000 0.000000</row3>
														</transform>
														<node>
															<identifier>MiddleFinger3_L_BlendBone</identifier>
															<transform>
																<row0>0.415759 0.496621 -0.761913</row0>
																<row1>0.473355 -0.833499 -0.284982</row1>
																<row2>0.776582 0.242172 0.581613</row2>
																<row3>-0.519684 0.480447 -0.067740</row3>
															</transform>
														</node>
													</node>
													<node>
														<identifier>MiddleFinger2_L_BlendBone</identifier>
														<transform>
															<row0>0.738649 0.496621 -0.455812</row0>
															<row1>0.552368 -0.833499 -0.013003</row1>
															<row2>0.386376 0.242172 0.889981</row2>
															<row3>-0.451412 0.480447 -0.316334</row3>
														</transform>
													</node>
												</node>
												<node>
													<identifier>MiddleFinger1_L_BlendBone</identifier>
													<transform>
														<row0>0.866451 0.496621 0.051292</row0>
														<row1>0.459578 -0.833499 0.306705</row1>
														<row2>-0.195068 0.242172 0.950422</row2>
														<row3>-0.227307 0.480447 -0.518262</row3>
													</transform>
												</node>
											</node>
											<node>
												<identifier>ThumbFinger1_L</identifier>
												<transform>
													<row0>0.768023 0.365769 0.525693</row0>
													<row1>-0.556951 -0.023740 0.830207</row1>
													<row2>0.316144 -0.930403 0.185483</row2>
													<row3>-0.016994 -0.025191 -0.006269</row3>
												</transform>
												<node>
													<identifier>ThumbFinger2_L</identifier>
													<transform>
														<row0>0.863187 0.000000 0.504886</row0>
														<row1>-0.000000 1.000000 0.000000</row1>
														<row2>-0.504885 0.000000 0.863186</row2>
														<row3>-0.047423 0.000000 0.000000</row3>
													</transform>
													<node>
														<identifier>ThumbFinger3_L</identifier>
														<transform>
															<row0>0.836451 0.035814 0.546873</row0>
															<row1>0.093129 0.974061 -0.206233</row1>
															<row2>-0.540073 0.223434 0.811417</row2>
															<row3>-0.035912 0.000000 -0.000000</row3>
														</transform>
														<node>
															<identifier>ThumbFinger3_L_BlendBone</identifier>
															<transform>
																<row0>0.513958 0.328939 -0.792241</row0>
																<row1>0.851312 -0.082077 0.518200</row1>
																<row2>-0.105431 0.940777 0.322214</row2>
																<row3>-0.528348 -0.199606 -0.496333</row3>
															</transform>
														</node>
													</node>
													<node>
														<identifier>ThumbFinger2_L_BlendBone</identifier>
														<transform>
															<row0>0.888401 0.161800 -0.429609</row0>
															<row1>0.424571 0.066325 0.902962</row1>
															<row2>-0.174593 0.984592 0.009773</row2>
															<row3>-0.228383 -0.324249 -0.650507</row3>
														</transform>
													</node>
												</node>
												<node>
													<identifier>ThumbFinger1_L_BlendBone</identifier>
													<transform>
														<row0>0.983759 0.161800 0.077708</row0>
														<row1>-0.089408 0.066325 0.993784</row1>
														<row2>-0.155640 0.984592 -0.079714</row2>
														<row3>0.083871 -0.324249 -0.676815</row3>
													</transform>
												</node>
											</node>
											<node>
												<identifier>Wrist_L_BlendBone</identifier>
												<transform>
													<row0>0.690002 0.283688 0.665897</row0>
													<row1>0.208571 -0.958897 0.192391</row1>
													<row2>-0.693105 -0.006137 0.720810</row2>
													<row3>0.014041 0.642895 -0.356909</row3>
												</transform>
											</node>
										</node>
										<node>
											<identifier>Elbow_L_BlendBone</identifier>
											<transform>
												<row0>0.656503 0.603268 0.452848</row0>
												<row1>0.390772 -0.785492 0.479895</row1>
												<row2>-0.645214 0.138093 0.751418</row2>
												<row3>-0.337015 0.470948 -0.551626</row3>
											</transform>
										</node>
									</node>
									<node>
										<identifier>Shoulder_L_BlendBone</identifier>
										<transform>
											<row0>0.049829 0.890194 0.452848</row0>
											<row1>0.827847 -0.290465 0.479895</row1>
											<row2>-0.558736 -0.350976 0.751418</row2>
											<row3>-0.834313 0.102514 -0.551626</row3>
										</transform>
									</node>
								</node>
								<node>
									<identifier>Scapula_L_BlendBone</identifier>
									<transform>
										<row0>-0.957998 -0.160890 0.237389</row0>
										<row1>0.214439 0.147725 0.965502</row1>
										<row2>0.190408 -0.975854 0.107019</row2>
										<row3>-0.192432 -0.128640 -0.997024</row3>
									</transform>
								</node>
							</node>
							<node>
								<identifier>Scapula_R</identifier>
								<transform>
									<row0>-0.188327 -0.157512 0.969393</row0>
									<row1>-0.414567 0.907554 0.066925</row1>
									<row2>-0.890318 -0.389275 -0.236215</row2>
									<row3>0.215640 0.038284 0.048984</row3>
								</transform>
								<node>
									<identifier>Shoulder_R</identifier>
									<transform>
										<row0>-0.010529 0.700690 0.713388</row0>
										<row1>-0.857497 0.360668 -0.366903</row1>
										<row2>-0.514381 -0.615592 0.597042</row2>
										<row3>0.175869 0.000000 0.000000</row3>
									</transform>
									<node>
										<identifier>Elbow_R</identifier>
										<transform>
											<row0>0.760753 0.649042 0.000000</row0>
											<row1>-0.649042 0.760752 0.000000</row1>
											<row2>0.000000 -0.000000 1.000000</row2>
											<row3>0.264346 0.000000 0.000000</row3>
										</transform>
										<node>
											<identifier>Wrist_R</identifier>
											<transform>
												<row0>0.935644 -0.262985 0.235392</row0>
												<row1>-0.073345 0.507500 0.858524</row1>
												<row2>-0.345240 -0.820538 0.455551</row2>
												<row3>0.215309 0.000000 -0.000000</row3>
											</transform>
											<node>
												<identifier>MiddleFinger1_R</identifier>
												<transform>
													<row0>0.046975 0.391910 0.918803</row0>
													<row1>0.156487 0.905574 -0.394268</row1>
													<row2>-0.986563 0.162301 -0.018789</row2>
													<row3>0.087917 -0.000000 0.000000</row3>
												</transform>
												<node>
													<identifier>MiddleFinger2_R</identifier>
													<transform>
														<row0>0.153951 -0.000000 0.988078</row0>
														<row1>-0.000000 1.000000 -0.000000</row1>
														<row2>-0.988079 0.000000 0.153949</row2>
														<row3>0.039571 0.000000 0.000000</row3>
													</transform>
													<node>
														<identifier>MiddleFinger3_R</identifier>
														<transform>
															<row0>0.245655 -0.000000 0.969357</row0>
															<row1>-0.000001 0.999999 -0.000001</row1>
															<row2>-0.969357 0.000001 0.245656</row2>
															<row3>0.033568 -0.000000 -0.000000</row3>
														</transform>
														<node>
															<identifier>MiddleFinger3_R_BlendBone</identifier>
															<transform>
																<row0>-0.230331 0.886233 0.401919</row0>
																<row1>0.797031 0.408770 -0.444577</row1>
																<row2>0.558291 -0.217942 0.800508</row2>
																<row3>-0.627757 -0.167660 0.075711</row3>
															</transform>
														</node>
													</node>
													<node>
														<identifier>MiddleFinger2_R_BlendBone</identifier>
														<transform>
															<row0>-0.446185 0.886233 -0.124540</row0>
															<row1>0.626749 0.408770 0.663395</row1>
															<row2>-0.638831 -0.217942 0.737832</row2>
															<row3>-0.194034 -0.167660 -0.589922</row3>
														</transform>
													</node>
												</node>
												<node>
													<identifier>MiddleFinger1_R_BlendBone</identifier>
													<transform>
														<row0>0.054366 0.886233 -0.460039</row0>
														<row1>-0.559000 0.408770 0.721406</row1>
														<row2>-0.827384 -0.217942 -0.517627</row2>
														<row3>0.592589 -0.167660 -0.282539</row3>
													</transform>
												</node>
											</node>
											<node>
												<identifier>ThumbFinger1_R</identifier>
												<transform>
													<row0>0.810531 0.567185 0.146087</row0>
													<row1>-0.224633 0.070688 0.971876</row1>
													<row2>0.540907 -0.820551 0.184704</row2>
													<row3>0.016994 0.025191 0.006269</row3>
												</transform>
												<node>
													<identifier>ThumbFinger2_R</identifier>
													<transform>
														<row0>0.803497 -0.000000 0.595309</row0>
														<row1>-0.000000 1.000000 -0.000000</row1>
														<row2>-0.595309 -0.000000 0.803496</row2>
														<row3>0.047423 0.000000 -0.000000</row3>
													</transform>
													<node>
														<identifier>ThumbFinger3_R</identifier>
														<transform>
															<row0>0.933080 -0.000001 0.359670</row0>
															<row1>0.000001 1.000000 0.000000</row1>
															<row2>-0.359670 0.000000 0.933080</row2>
															<row3>0.035912 0.000000 -0.000000</row3>
														</transform>
														<node>
															<identifier>ThumbFinger3_R_BlendBone</identifier>
															<transform>
																<row0>0.170521 -0.363357 -0.915912</row0>
																<row1>-0.866054 -0.498612 0.036569</row1>
																<row2>0.469972 -0.786993 0.399711</row2>
																<row3>0.393175 0.514228 -0.109196</row3>
															</transform>
														</node>
													</node>
													<node>
														<identifier>ThumbFinger2_R_BlendBone</identifier>
														<transform>
															<row0>0.488535 -0.363358 -0.793287</row0>
															<row1>-0.821250 -0.498611 -0.277372</row1>
															<row2>0.294757 -0.786993 0.541997</row2>
															<row3>0.442051 0.514227 0.039525</row3>
														</transform>
													</node>
												</node>
												<node>
													<identifier>ThumbFinger1_R_BlendBone</identifier>
													<transform>
														<row0>0.864788 -0.363358 -0.346574</row0>
														<row1>-0.494750 -0.498611 -0.711765</row1>
														<row2>-0.085820 -0.786993 0.610964</row2>
														<row3>0.379080 0.514227 0.294915</row3>
													</transform>
												</node>
											</node>
											<node>
												<identifier>Wrist_R_BlendBone</identifier>
												<transform>
													<row0>0.595094 0.749191 -0.290818</row0>
													<row1>-0.674004 0.268179 -0.688330</row1>
													<row2>0.437700 -0.605634 -0.664550</row2>
													<row3>0.368259 0.034557 0.615884</row3>
												</transform>
											</node>
										</node>
										<node>
											<identifier>Elbow_R_BlendBone</identifier>
											<transform>
												<row0>0.602249 0.462341 0.650797</row0>
												<row1>-0.412659 0.878155 -0.241986</row1>
												<row2>0.683381 0.122821 -0.719657</row2>
												<row3>0.344706 -0.584666 0.396920</row3>
											</transform>
										</node>
									</node>
									<node>
										<identifier>Shoulder_R_BlendBone</identifier>
										<transform>
											<row0>0.158083 0.742612 0.650797</row0>
											<row1>-0.883890 0.400225 -0.241986</row1>
											<row2>0.440167 0.536979 -0.719657</row2>
											<row3>0.906055 -0.221057 0.396920</row3>
										</transform>
									</node>
								</node>
								<node>
									<identifier>Scapula_R_BlendBone</identifier>
									<transform>
										<row0>-0.973210 -0.022022 0.228861</row0>
										<row1>-0.209413 -0.326020 -0.921877</row1>
										<row2>-0.094915 0.945106 -0.312674</row2>
										<row3>0.151717 0.310795 0.964453</row3>
									</transform>
								</node>
							</node>
							<node>
								<identifier>Chest_M_BlendBone</identifier>
								<transform>
									<row0>-0.011350 0.044216 -0.998958</row0>
									<row1>0.995359 0.095968 -0.007061</row1>
									<row2>-0.095556 0.994402 0.045100</row2>
									<row3>-0.800448 -0.078988 -0.010961</row3>
								</transform>
							</node>
						</node>
						<node>
							<identifier>Spine2_M_BlendBone</identifier>
							<transform>
								<row0>-0.053195 0.024683 -0.973083</row0>
								<row1>0.971851 0.056234 -0.051702</row1>
								<row2>-0.054823 0.972912 0.027675</row2>
								<row3>-0.697888 -0.047300 0.025413</row3>
							</transform>
						</node>
					</node>
					<node>
						<identifier>Spine1_M_BlendBone</identifier>
						<transform>
							<row0>-0.064533 0.000626 -0.972709</row0>
							<row1>0.890536 0.392190 -0.058829</row1>
							<row2>-0.391292 0.892477 0.026534</row2>
							<row3>-0.536746 -0.288162 0.030543</row3>
						</transform>
					</node>
				</node>
				<node>
					<identifier>Root_M_BlendBone</identifier>
					<transform>
						<row0>-0.042850 -0.020979 -0.998861</row0>
						<row1>0.861557 0.505427 -0.047575</row1>
						<row2>-0.505850 0.862614 0.003583</row2>
						<row3>-0.431012 -0.357135 0.024735</row3>
					</transform>
				</node>
			</node>
		</node>
	</node>
	<renderSet>
		<treatAsWorldSpaceObject>true</treatAsWorldSpaceObject>
		<node>Chest_M_BlendBone</node>
		<node>Scapula_R_BlendBone</node>
		<node>Shoulder_R_BlendBone</node>
		<node>Scapula_L_BlendBone</node>
		<node>Neck_M_BlendBone</node>
		<node>Shoulder_L_BlendBone</node>
		<node>Root_M_BlendBone</node>
		<node>Hip_R_BlendBone</node>
		<node>Spine1_M_BlendBone</node>
		<node>Spine2_M_BlendBone</node>
		<node>Hip_L_BlendBone</node>
		<node>Elbow_L_BlendBone</node>
		<node>Wrist_L_BlendBone</node>
		<node>Elbow_R_BlendBone</node>
		<node>Wrist_R_BlendBone</node>
		<node>Knee_R_BlendBone</node>
		<node>Ankle_R_BlendBone</node>
		<node>Knee_L_BlendBone</node>
		<node>Ankle_L_BlendBone</node>
		<node>Toes_L_BlendBone</node>
		<node>Toes_R_BlendBone</node>
		<node>Head_M_BlendBone</node>
		<geometry>
			<vertices>s1Shape.vertices</vertices>
			<primitive>s1Shape.indices</primitive>
			<primitiveGroup>
				0
				<material>
					<identifier>phong13_skinned</identifier>
					<fx>shaders/std_effects/PBS_ext_skinned.fx</fx>
					<materialKind>0</materialKind>
					<collisionFlags>255</collisionFlags>
					<property>
						diffuseMap
						<Texture>content/Hangars/h01_victory_day_2024/Characters/Veteran_Man/Veteran_Man_cloth_AM.dds</Texture>
					</property>
					<property>
						dynamicObject
						<Bool>true</Bool>
					</property>
					<property>
						g_enableAO
						<Bool>true</Bool>
					</property>
					<property>
						g_tintColor
						<Vector4>0.090196 0.270588 0.309804 1.000000</Vector4>
					</property>
					<property>
						g_useTintColor
						<Bool>true</Bool>
					</property>
					<property>
						metallicGlossMap
						<Texture>content/Hangars/h01_victory_day_2024/Characters/Veteran_Man/Veteran_Man_cloth_GMM.dds</Texture>
					</property>
					<property>
						normalMap
						<Texture>content/Hangars/h01_victory_day_2024/Characters/Veteran_Man/Veteran_Man_cloth_ANM.dds</Texture>
					</property>
				</material>
				<groupOrigin>0.000968 0.711962 0.221676</groupOrigin>
			</primitiveGroup>
		</geometry>
	</renderSet>
	<renderSet>
		<treatAsWorldSpaceObject>true</treatAsWorldSpaceObject>
		<node>OrderRow1_L_BlendBone</node>
		<node>OrderRow2_L_BlendBone</node>
		<node>OrderRow3_L_BlendBone</node>
		<geometry>
			<vertices>s3Shape.vertices</vertices>
			<primitive>s3Shape.indices</primitive>
			<primitiveGroup>
				0
				<material>
					<identifier>phong13_skinned</identifier>
					<fx>shaders/std_effects/PBS_ext_skinned.fx</fx>
					<materialKind>0</materialKind>
					<collisionFlags>255</collisionFlags>
					<property>
						diffuseMap
						<Texture>content/Hangars/h01_victory_day_2024/Characters/Veteran_Man/Veteran_Man_cloth_AM.dds</Texture>
					</property>
					<property>
						dynamicObject
						<Bool>true</Bool>
					</property>
					<property>
						g_enableAO
						<Bool>true</Bool>
					</property>
					<property>
						g_tintColor
						<Vector4>0.090196 0.270588 0.309804 1.000000</Vector4>
					</property>
					<property>
						g_useTintColor
						<Bool>true</Bool>
					</property>
					<property>
						metallicGlossMap
						<Texture>content/Hangars/h01_victory_day_2024/Characters/Veteran_Man/Veteran_Man_cloth_GMM.dds</Texture>
					</property>
					<property>
						normalMap
						<Texture>content/Hangars/h01_victory_day_2024/Characters/Veteran_Man/Veteran_Man_cloth_ANM.dds</Texture>
					</property>
				</material>
				<groupOrigin>0.098391 0.834733 0.103472</groupOrigin>
			</primitiveGroup>
		</geometry>
	</renderSet>
	<renderSet>
		<treatAsWorldSpaceObject>true</treatAsWorldSpaceObject>
		<node>ThumbFinger3_L_BlendBone</node>
		<node>ThumbFinger3_R_BlendBone</node>
		<node>MiddleFinger1_R_BlendBone</node>
		<node>Wrist_R_BlendBone</node>
		<node>MiddleFinger2_R_BlendBone</node>
		<node>Elbow_R_BlendBone</node>
		<node>MiddleFinger3_R_BlendBone</node>
		<node>ThumbFinger1_R_BlendBone</node>
		<node>ThumbFinger2_R_BlendBone</node>
		<node>MiddleFinger1_L_BlendBone</node>
		<node>Wrist_L_BlendBone</node>
		<node>MiddleFinger2_L_BlendBone</node>
		<node>Elbow_L_BlendBone</node>
		<node>MiddleFinger3_L_BlendBone</node>
		<node>ThumbFinger1_L_BlendBone</node>
		<node>ThumbFinger2_L_BlendBone</node>
		<node>Head_M_BlendBone</node>
		<node>Neck_M_BlendBone</node>
		<node>Chest_M_BlendBone</node>
		<geometry>
			<vertices>s0Shape.vertices</vertices>
			<primitive>s0Shape.indices</primitive>
			<primitiveGroup>
				0
				<material>
					<identifier>s_nd0_skinned</identifier>
					<fx>shaders/std_effects/PBS_ext_skinned.fx</fx>
					<materialKind>0</materialKind>
					<collisionFlags>255</collisionFlags>
					<property>
						diffuseMap
						<Texture>content/Hangars/h01_victory_day_2024/Characters/Veteran_Man/Veteran_Man_body_AM.dds</Texture>
					</property>
					<property>
						dynamicObject
						<Bool>true</Bool>
					</property>
					<property>
						g_enableAO
						<Bool>true</Bool>
					</property>
					<property>
						metallicGlossMap
						<Texture>content/Hangars/h01_victory_day_2024/Characters/Veteran_Man/Veteran_Man_body_GMM.dds</Texture>
					</property>
					<property>
						normalMap
						<Texture>content/Hangars/h01_victory_day_2024/Characters/Veteran_Man/Veteran_Man_body_ANM.dds</Texture>
					</property>
				</material>
				<groupOrigin>-0.183568 0.572766 0.045586</groupOrigin>
			</primitiveGroup>
		</geometry>
	</renderSet>
	<constraints/>
	<boundingBox>
		<min>-0.457487 -0.208205 -0.624081</min>
		<max>0.313716 1.426782 0.259676</max>
	</boundingBox>
	<geometrySize>456692</geometrySize>
	<minUVDensity>0.037512</minUVDensity>
</root>
