<?xml version="1.0" encoding="utf-8"?>
<root>
	<node>
		<identifier>Scene Root</identifier>
		<transform>
			<row0>1.000000 0.000000 0.000000</row0>
			<row1>0.000000 1.000000 0.000000</row1>
			<row2>0.000000 0.000000 1.000000</row2>
			<row3>0.000000 0.000000 0.000000</row3>
		</transform>
		<node>
			<identifier>nodes_01</identifier>
			<transform>
				<row0>1.000000 0.000000 0.000000</row0>
				<row1>0.000000 1.000000 0.000000</row1>
				<row2>0.000000 0.000000 1.000000</row2>
				<row3>0.000000 0.000000 0.000000</row3>
			</transform>
			<node>
				<identifier>HP_Track_LFront</identifier>
				<transform>
					<row0>1.000000 0.000000 0.000000</row0>
					<row1>0.000000 0.993847 -0.110758</row1>
					<row2>0.000000 0.110758 0.993847</row2>
					<row3>-1.203690 0.000000 2.053020</row3>
				</transform>
			</node>
			<node>
				<identifier>HP_Track_LRear</identifier>
				<transform>
					<row0>-1.000000 0.000000 0.000000</row0>
					<row1>0.000000 0.994751 0.102324</row1>
					<row2>-0.000000 0.102324 -0.994751</row2>
					<row3>-1.203690 0.000000 -2.053014</row3>
				</transform>
			</node>
			<node>
				<identifier>HP_Track_RFront</identifier>
				<transform>
					<row0>1.000000 0.000000 0.000000</row0>
					<row1>0.000000 0.993847 -0.110758</row1>
					<row2>0.000000 0.110758 0.993847</row2>
					<row3>1.203690 0.000000 2.053020</row3>
				</transform>
			</node>
			<node>
				<identifier>HP_Track_RRear</identifier>
				<transform>
					<row0>-1.000000 0.000000 0.000000</row0>
					<row1>0.000000 0.994751 0.102324</row1>
					<row2>-0.000000 0.102324 -0.994751</row2>
					<row3>1.203690 0.000000 -2.053014</row3>
				</transform>
			</node>
			<node>
				<identifier>HP_gui</identifier>
				<transform>
					<row0>1.000000 0.000000 0.000000</row0>
					<row1>0.000000 0.000000 -1.000000</row1>
					<row2>0.000000 1.000000 0.000000</row2>
					<row3>0.000000 3.992130 0.015772</row3>
				</transform>
			</node>
			<node>
				<identifier>Tank</identifier>
				<transform>
					<row0>1.000000 0.000000 0.000000</row0>
					<row1>0.000000 1.000000 0.000000</row1>
					<row2>0.000000 0.000000 1.000000</row2>
					<row3>0.000000 0.500000 0.000000</row3>
				</transform>
				<node>
					<identifier>Track_L0</identifier>
					<transform>
						<row0>1.000000 0.000000 0.000000</row0>
						<row1>0.000000 1.000000 0.000000</row1>
						<row2>0.000000 0.000000 1.000000</row2>
						<row3>-1.203690 -0.500000 2.038353</row3>
					</transform>
					<node>
						<identifier>W_L0</identifier>
						<transform>
							<row0>1.000000 0.000000 -0.000000</row0>
							<row1>0.000000 0.994093 -0.108529</row1>
							<row2>0.000000 0.108529 0.994093</row2>
							<row3>0.000000 0.483003 0.000000</row3>
						</transform>
						<node>
							<identifier>W_L0_BlendBone</identifier>
							<transform>
								<row0>1.000000 0.000000 0.000000</row0>
								<row1>0.000000 0.994093 0.108529</row1>
								<row2>0.000000 0.108529 -0.994093</row2>
								<row3>1.203690 -0.258930 -2.078733</row3>
							</transform>
						</node>
					</node>
					<node>
						<identifier>Track_L0_BlendBone</identifier>
						<transform>
							<row0>1.000000 0.000000 0.000000</row0>
							<row1>0.000000 1.000000 0.000000</row1>
							<row2>0.000000 0.000000 -1.000000</row2>
							<row3>1.203690 0.000000 -2.038353</row3>
						</transform>
					</node>
				</node>
				<node>
					<identifier>Track_L1</identifier>
					<transform>
						<row0>1.000000 0.000000 0.000000</row0>
						<row1>0.000000 1.000000 0.000000</row1>
						<row2>0.000000 0.000000 1.000000</row2>
						<row3>-1.203690 -0.500000 1.014154</row3>
					</transform>
					<node>
						<identifier>W_L1</identifier>
						<transform>
							<row0>1.000000 0.000000 0.000000</row0>
							<row1>0.000000 0.994093 -0.108529</row1>
							<row2>0.000000 0.108529 0.994093</row2>
							<row3>0.000000 0.483003 0.000000</row3>
						</transform>
						<node>
							<identifier>W_L1_BlendBone</identifier>
							<transform>
								<row0>1.000000 0.000000 0.000000</row0>
								<row1>0.000000 0.994093 0.108529</row1>
								<row2>0.000000 0.108529 -0.994093</row2>
								<row3>1.203690 -0.370085 -1.060583</row3>
							</transform>
						</node>
					</node>
					<node>
						<identifier>Track_L1_BlendBone</identifier>
						<transform>
							<row0>1.000000 0.000000 0.000000</row0>
							<row1>0.000000 1.000000 0.000000</row1>
							<row2>0.000000 0.000000 -1.000000</row2>
							<row3>1.203690 0.000000 -1.014154</row3>
						</transform>
					</node>
				</node>
				<node>
					<identifier>Track_L2</identifier>
					<transform>
						<row0>1.000000 0.000000 0.000000</row0>
						<row1>0.000000 1.000000 0.000000</row1>
						<row2>0.000000 0.000000 1.000000</row2>
						<row3>-1.203690 -0.500000 -0.001551</row3>
					</transform>
					<node>
						<identifier>W_L2</identifier>
						<transform>
							<row0>1.000000 0.000000 0.000000</row0>
							<row1>0.000000 0.994093 -0.108529</row1>
							<row2>0.000000 0.108529 0.994093</row2>
							<row3>0.000000 0.483004 0.000000</row3>
						</transform>
						<node>
							<identifier>W_L2_BlendBone</identifier>
							<transform>
								<row0>1.000000 0.000000 0.000000</row0>
								<row1>0.000000 0.994093 0.108529</row1>
								<row2>0.000000 0.108529 -0.994093</row2>
								<row3>1.203690 -0.480319 -0.050879</row3>
							</transform>
						</node>
					</node>
					<node>
						<identifier>Track_L2_BlendBone</identifier>
						<transform>
							<row0>1.000000 0.000000 0.000000</row0>
							<row1>0.000000 1.000000 0.000000</row1>
							<row2>0.000000 0.000000 -1.000000</row2>
							<row3>1.203690 0.000000 0.001551</row3>
						</transform>
					</node>
				</node>
				<node>
					<identifier>Track_L3</identifier>
					<transform>
						<row0>1.000000 0.000000 0.000000</row0>
						<row1>0.000000 1.000000 0.000000</row1>
						<row2>0.000000 0.000000 1.000000</row2>
						<row3>-1.203690 -0.500000 -1.023257</row3>
					</transform>
					<node>
						<identifier>W_L3</identifier>
						<transform>
							<row0>1.000000 0.000000 0.000000</row0>
							<row1>0.000000 0.994093 -0.108529</row1>
							<row2>0.000000 0.108529 0.994093</row2>
							<row3>0.000000 0.483003 0.000000</row3>
						</transform>
						<node>
							<identifier>W_L3_BlendBone</identifier>
							<transform>
								<row0>1.000000 0.000000 0.000000</row0>
								<row1>0.000000 0.994093 0.108529</row1>
								<row2>0.000000 0.108529 -0.994093</row2>
								<row3>1.203690 -0.591204 0.964793</row3>
							</transform>
						</node>
					</node>
					<node>
						<identifier>Track_L3_BlendBone</identifier>
						<transform>
							<row0>1.000000 0.000000 0.000000</row0>
							<row1>0.000000 1.000000 0.000000</row1>
							<row2>0.000000 0.000000 -1.000000</row2>
							<row3>1.203690 0.000000 1.023257</row3>
						</transform>
					</node>
				</node>
				<node>
					<identifier>Track_L4</identifier>
					<transform>
						<row0>1.000000 0.000000 0.000000</row0>
						<row1>0.000000 1.000000 0.000000</row1>
						<row2>0.000000 0.000000 1.000000</row2>
						<row3>-1.203690 -0.500000 -2.040791</row3>
					</transform>
					<node>
						<identifier>W_L4</identifier>
						<transform>
							<row0>1.000000 0.000000 0.000000</row0>
							<row1>0.000000 0.994093 -0.108529</row1>
							<row2>0.000000 0.108529 0.994093</row2>
							<row3>-0.000000 0.483004 0.000000</row3>
						</transform>
						<node>
							<identifier>W_L4_BlendBone</identifier>
							<transform>
								<row0>1.000000 0.000000 0.000000</row0>
								<row1>0.000000 0.994093 0.108529</row1>
								<row2>0.000000 0.108529 -0.994093</row2>
								<row3>1.203690 -0.701636 1.976316</row3>
							</transform>
						</node>
					</node>
					<node>
						<identifier>Track_L4_BlendBone</identifier>
						<transform>
							<row0>1.000000 0.000000 0.000000</row0>
							<row1>0.000000 1.000000 0.000000</row1>
							<row2>0.000000 0.000000 -1.000000</row2>
							<row3>1.203690 0.000000 2.040791</row3>
						</transform>
					</node>
				</node>
				<node>
					<identifier>Track_R0</identifier>
					<transform>
						<row0>1.000000 0.000000 0.000000</row0>
						<row1>0.000000 1.000000 0.000000</row1>
						<row2>0.000000 0.000000 1.000000</row2>
						<row3>1.203690 -0.500000 2.038353</row3>
					</transform>
					<node>
						<identifier>W_R0</identifier>
						<transform>
							<row0>1.000000 0.000000 0.000000</row0>
							<row1>0.000000 0.994093 -0.108529</row1>
							<row2>0.000000 0.108529 0.994093</row2>
							<row3>-0.000000 0.483003 0.000000</row3>
						</transform>
						<node>
							<identifier>W_R0_BlendBone</identifier>
							<transform>
								<row0>1.000000 0.000000 0.000000</row0>
								<row1>0.000000 0.994093 0.108529</row1>
								<row2>0.000000 0.108529 -0.994093</row2>
								<row3>-1.203690 -0.258930 -2.078733</row3>
							</transform>
						</node>
					</node>
				</node>
				<node>
					<identifier>Track_R1</identifier>
					<transform>
						<row0>1.000000 0.000000 0.000000</row0>
						<row1>0.000000 1.000000 0.000000</row1>
						<row2>0.000000 0.000000 1.000000</row2>
						<row3>1.203690 -0.500000 1.014154</row3>
					</transform>
					<node>
						<identifier>W_R1</identifier>
						<transform>
							<row0>1.000000 0.000000 0.000000</row0>
							<row1>0.000000 0.994093 -0.108529</row1>
							<row2>0.000000 0.108529 0.994093</row2>
							<row3>-0.000000 0.483003 0.000000</row3>
						</transform>
						<node>
							<identifier>W_R1_BlendBone</identifier>
							<transform>
								<row0>1.000000 0.000000 0.000000</row0>
								<row1>0.000000 0.994093 0.108529</row1>
								<row2>0.000000 0.108529 -0.994093</row2>
								<row3>-1.203690 -0.370085 -1.060583</row3>
							</transform>
						</node>
					</node>
					<node>
						<identifier>Track_R1_BlendBone</identifier>
						<transform>
							<row0>1.000000 0.000000 0.000000</row0>
							<row1>0.000000 1.000000 0.000000</row1>
							<row2>0.000000 0.000000 -1.000000</row2>
							<row3>-1.203690 0.000000 -1.014154</row3>
						</transform>
					</node>
				</node>
				<node>
					<identifier>Track_R2</identifier>
					<transform>
						<row0>1.000000 0.000000 0.000000</row0>
						<row1>0.000000 1.000000 0.000000</row1>
						<row2>0.000000 0.000000 1.000000</row2>
						<row3>1.203690 -0.500000 -0.001551</row3>
					</transform>
					<node>
						<identifier>W_R2</identifier>
						<transform>
							<row0>1.000000 0.000000 0.000000</row0>
							<row1>0.000000 0.994093 -0.108529</row1>
							<row2>0.000000 0.108529 0.994093</row2>
							<row3>-0.000000 0.483004 0.000000</row3>
						</transform>
						<node>
							<identifier>W_R2_BlendBone</identifier>
							<transform>
								<row0>1.000000 0.000000 0.000000</row0>
								<row1>0.000000 0.994093 0.108529</row1>
								<row2>0.000000 0.108529 -0.994093</row2>
								<row3>-1.203690 -0.480319 -0.050878</row3>
							</transform>
						</node>
					</node>
					<node>
						<identifier>Track_R2_BlendBone</identifier>
						<transform>
							<row0>1.000000 0.000000 0.000000</row0>
							<row1>0.000000 1.000000 0.000000</row1>
							<row2>0.000000 0.000000 -1.000000</row2>
							<row3>-1.203690 0.000000 0.001551</row3>
						</transform>
					</node>
				</node>
				<node>
					<identifier>Track_R3</identifier>
					<transform>
						<row0>1.000000 0.000000 0.000000</row0>
						<row1>0.000000 1.000000 0.000000</row1>
						<row2>0.000000 0.000000 1.000000</row2>
						<row3>1.203690 -0.500000 -1.023257</row3>
					</transform>
					<node>
						<identifier>W_R3</identifier>
						<transform>
							<row0>1.000000 0.000000 0.000000</row0>
							<row1>0.000000 0.994093 -0.108529</row1>
							<row2>0.000000 0.108529 0.994093</row2>
							<row3>-0.000000 0.483003 0.000000</row3>
						</transform>
						<node>
							<identifier>W_R3_BlendBone</identifier>
							<transform>
								<row0>1.000000 0.000000 0.000000</row0>
								<row1>0.000000 0.994093 0.108529</row1>
								<row2>0.000000 0.108529 -0.994093</row2>
								<row3>-1.203690 -0.591203 0.964793</row3>
							</transform>
						</node>
					</node>
					<node>
						<identifier>Track_R3_BlendBone</identifier>
						<transform>
							<row0>1.000000 0.000000 0.000000</row0>
							<row1>0.000000 1.000000 0.000000</row1>
							<row2>0.000000 0.000000 -1.000000</row2>
							<row3>-1.203690 0.000000 1.023257</row3>
						</transform>
					</node>
				</node>
				<node>
					<identifier>Track_R4</identifier>
					<transform>
						<row0>1.000000 0.000000 0.000000</row0>
						<row1>0.000000 1.000000 0.000000</row1>
						<row2>0.000000 0.000000 1.000000</row2>
						<row3>1.203690 -0.500000 -2.040479</row3>
					</transform>
					<node>
						<identifier>W_R4</identifier>
						<transform>
							<row0>1.000000 0.000000 0.000000</row0>
							<row1>0.000000 0.994093 -0.108529</row1>
							<row2>0.000000 0.108529 0.994093</row2>
							<row3>-0.000000 0.482949 0.000000</row3>
						</transform>
						<node>
							<identifier>W_R4_BlendBone</identifier>
							<transform>
								<row0>1.000000 0.000000 0.000000</row0>
								<row1>0.000000 0.994093 0.108529</row1>
								<row2>0.000000 0.108529 -0.994093</row2>
								<row3>-1.203690 -0.701548 1.976013</row3>
							</transform>
						</node>
					</node>
					<node>
						<identifier>Track_R4_BlendBone</identifier>
						<transform>
							<row0>1.000000 0.000000 0.000000</row0>
							<row1>0.000000 1.000000 0.000000</row1>
							<row2>0.000000 0.000000 -1.000000</row2>
							<row3>-1.203690 0.000000 2.040479</row3>
						</transform>
					</node>
				</node>
				<node>
					<identifier>V</identifier>
					<transform>
						<row0>1.000000 0.000000 0.000000</row0>
						<row1>0.000000 1.000000 0.000000</row1>
						<row2>0.000000 0.000000 1.000000</row2>
						<row3>0.000000 0.660355 0.000000</row3>
					</transform>
					<node>
						<identifier>Track_VD_L0</identifier>
						<transform>
							<row0>1.000000 0.000000 0.000000</row0>
							<row1>0.000000 1.000000 0.000000</row1>
							<row2>0.000000 0.000000 1.000000</row2>
							<row3>-1.203690 -0.810274 2.687938</row3>
						</transform>
						<node>
							<identifier>Track_VD_L0_BlendBone</identifier>
							<transform>
								<row0>1.000000 0.000000 0.000000</row0>
								<row1>0.000000 1.000000 0.000000</row1>
								<row2>0.000000 0.000000 -1.000000</row2>
								<row3>1.203690 -0.350081 -2.687938</row3>
							</transform>
						</node>
					</node>
					<node>
						<identifier>Track_VD_L1</identifier>
						<transform>
							<row0>1.000000 0.000000 0.000000</row0>
							<row1>0.000000 1.000000 0.000000</row1>
							<row2>0.000000 0.000000 1.000000</row2>
							<row3>-1.203690 -0.873495 -2.692389</row3>
						</transform>
						<node>
							<identifier>Track_VD_L1_BlendBone</identifier>
							<transform>
								<row0>1.000000 0.000000 0.000000</row0>
								<row1>0.000000 1.000000 0.000000</row1>
								<row2>0.000000 0.000000 -1.000000</row2>
								<row3>1.203690 -0.286859 2.692389</row3>
							</transform>
						</node>
					</node>
					<node>
						<identifier>Track_VD_R0</identifier>
						<transform>
							<row0>1.000000 0.000000 0.000000</row0>
							<row1>0.000000 1.000000 0.000000</row1>
							<row2>0.000000 0.000000 1.000000</row2>
							<row3>1.203690 -0.810274 2.688900</row3>
						</transform>
						<node>
							<identifier>Track_VD_R0_BlendBone</identifier>
							<transform>
								<row0>1.000000 0.000000 0.000000</row0>
								<row1>0.000000 1.000000 0.000000</row1>
								<row2>0.000000 0.000000 -1.000000</row2>
								<row3>-1.203690 -0.350081 -2.688900</row3>
							</transform>
						</node>
					</node>
					<node>
						<identifier>Track_VD_R1</identifier>
						<transform>
							<row0>1.000000 0.000000 0.000000</row0>
							<row1>0.000000 1.000000 0.000000</row1>
							<row2>0.000000 0.000000 1.000000</row2>
							<row3>1.203690 -0.873535 -2.691905</row3>
						</transform>
						<node>
							<identifier>Track_VD_R1_BlendBone</identifier>
							<transform>
								<row0>1.000000 0.000000 0.000000</row0>
								<row1>0.000000 1.000000 0.000000</row1>
								<row2>0.000000 0.000000 -1.000000</row2>
								<row3>-1.203690 -0.286820 2.691905</row3>
							</transform>
						</node>
					</node>
					<node>
						<identifier>Track_VT_L0</identifier>
						<transform>
							<row0>1.000000 0.000000 0.000000</row0>
							<row1>0.000000 1.000000 0.000000</row1>
							<row2>0.000000 0.000000 1.000000</row2>
							<row3>-1.203690 0.108540 2.160203</row3>
						</transform>
						<node>
							<identifier>Track_VT_L0_BlendBone</identifier>
							<transform>
								<row0>1.000000 0.000000 0.000000</row0>
								<row1>0.000000 1.000000 0.000000</row1>
								<row2>0.000000 0.000000 -1.000000</row2>
								<row3>1.203690 -1.268894 -2.160203</row3>
							</transform>
						</node>
					</node>
					<node>
						<identifier>Track_VT_L1</identifier>
						<transform>
							<row0>1.000000 0.000000 0.000000</row0>
							<row1>0.000000 1.000000 0.000000</row1>
							<row2>0.000000 0.000000 1.000000</row2>
							<row3>-1.203690 0.129039 0.325368</row3>
						</transform>
						<node>
							<identifier>Track_VT_L1_BlendBone</identifier>
							<transform>
								<row0>1.000000 0.000000 0.000000</row0>
								<row1>0.000000 1.000000 0.000000</row1>
								<row2>0.000000 0.000000 -1.000000</row2>
								<row3>1.203690 -1.289394 -0.325368</row3>
							</transform>
						</node>
					</node>
					<node>
						<identifier>Track_VT_L2</identifier>
						<transform>
							<row0>1.000000 0.000000 0.000000</row0>
							<row1>0.000000 1.000000 0.000000</row1>
							<row2>0.000000 0.000000 1.000000</row2>
							<row3>-1.203690 0.130254 -1.203970</row3>
						</transform>
						<node>
							<identifier>Track_VT_L2_BlendBone</identifier>
							<transform>
								<row0>1.000000 0.000000 0.000000</row0>
								<row1>0.000000 1.000000 0.000000</row1>
								<row2>0.000000 0.000000 -1.000000</row2>
								<row3>1.203690 -1.290609 1.203970</row3>
							</transform>
						</node>
					</node>
					<node>
						<identifier>Track_VT_L3</identifier>
						<transform>
							<row0>1.000000 0.000000 0.000000</row0>
							<row1>0.000000 1.000000 0.000000</row1>
							<row2>0.000000 0.000000 1.000000</row2>
							<row3>-1.203690 0.083827 -2.299404</row3>
						</transform>
						<node>
							<identifier>Track_VT_L3_BlendBone</identifier>
							<transform>
								<row0>1.000000 0.000000 0.000000</row0>
								<row1>0.000000 1.000000 0.000000</row1>
								<row2>0.000000 0.000000 -1.000000</row2>
								<row3>1.203690 -1.244182 2.299404</row3>
							</transform>
						</node>
					</node>
					<node>
						<identifier>Track_VT_R0</identifier>
						<transform>
							<row0>1.000000 0.000000 0.000000</row0>
							<row1>0.000000 1.000000 0.000000</row1>
							<row2>0.000000 0.000000 1.000000</row2>
							<row3>1.203690 0.108638 2.160203</row3>
						</transform>
						<node>
							<identifier>Track_VT_R0_BlendBone</identifier>
							<transform>
								<row0>1.000000 0.000000 0.000000</row0>
								<row1>0.000000 1.000000 0.000000</row1>
								<row2>0.000000 0.000000 -1.000000</row2>
								<row3>-1.203690 -1.268993 -2.160203</row3>
							</transform>
						</node>
					</node>
					<node>
						<identifier>Track_VT_R1</identifier>
						<transform>
							<row0>1.000000 0.000000 0.000000</row0>
							<row1>0.000000 1.000000 0.000000</row1>
							<row2>0.000000 0.000000 1.000000</row2>
							<row3>1.203690 0.129382 0.325419</row3>
						</transform>
						<node>
							<identifier>Track_VT_R1_BlendBone</identifier>
							<transform>
								<row0>1.000000 0.000000 0.000000</row0>
								<row1>0.000000 1.000000 0.000000</row1>
								<row2>0.000000 0.000000 -1.000000</row2>
								<row3>-1.203690 -1.289737 -0.325419</row3>
							</transform>
						</node>
					</node>
					<node>
						<identifier>Track_VT_R2</identifier>
						<transform>
							<row0>1.000000 0.000000 0.000000</row0>
							<row1>0.000000 1.000000 0.000000</row1>
							<row2>0.000000 0.000000 1.000000</row2>
							<row3>1.203690 0.130254 -1.203970</row3>
						</transform>
						<node>
							<identifier>Track_VT_R2_BlendBone</identifier>
							<transform>
								<row0>1.000000 0.000000 0.000000</row0>
								<row1>0.000000 1.000000 0.000000</row1>
								<row2>0.000000 0.000000 -1.000000</row2>
								<row3>-1.203690 -1.290609 1.203970</row3>
							</transform>
						</node>
					</node>
					<node>
						<identifier>Track_VT_R3</identifier>
						<transform>
							<row0>1.000000 0.000000 0.000000</row0>
							<row1>0.000000 1.000000 0.000000</row1>
							<row2>0.000000 0.000000 1.000000</row2>
							<row3>1.203690 0.084216 -2.299331</row3>
						</transform>
						<node>
							<identifier>Track_VT_R3_BlendBone</identifier>
							<transform>
								<row0>1.000000 0.000000 0.000000</row0>
								<row1>0.000000 1.000000 0.000000</row1>
								<row2>0.000000 0.000000 -1.000000</row2>
								<row3>-1.203690 -1.244571 2.299331</row3>
							</transform>
						</node>
					</node>
					<node>
						<identifier>WD_L0</identifier>
						<transform>
							<row0>1.000000 0.000000 0.000000</row0>
							<row1>0.000000 0.994093 -0.108529</row1>
							<row2>0.000000 0.108529 0.994093</row2>
							<row3>-1.203690 -0.266699 2.958344</row3>
						</transform>
						<node>
							<identifier>WD_L0_BlendBone</identifier>
							<transform>
								<row0>1.000000 0.000000 0.000000</row0>
								<row1>0.000000 0.994093 0.108529</row1>
								<row2>0.000000 0.108529 -0.994093</row2>
								<row3>1.203690 -0.567311 -3.037857</row3>
							</transform>
						</node>
					</node>
					<node>
						<identifier>WD_L1</identifier>
						<transform>
							<row0>1.000000 0.000000 0.000000</row0>
							<row1>0.000000 0.994093 -0.108529</row1>
							<row2>0.000000 0.108529 0.994093</row2>
							<row3>-1.203690 -0.026833 1.359281</row3>
						</transform>
						<node>
							<identifier>WD_L1_BlendBone</identifier>
							<transform>
								<row0>1.000000 0.000000 0.000000</row0>
								<row1>0.000000 0.994093 0.108529</row1>
								<row2>0.000000 0.108529 -0.994093</row2>
								<row3>1.203690 -0.979304 -1.474273</row3>
							</transform>
						</node>
					</node>
					<node>
						<identifier>WD_L2</identifier>
						<transform>
							<row0>1.000000 0.000000 0.000000</row0>
							<row1>0.000000 0.994093 -0.108529</row1>
							<row2>0.000000 0.108529 0.994093</row2>
							<row3>-1.203690 -0.026833 -0.694586</row3>
						</transform>
						<node>
							<identifier>WD_L2_BlendBone</identifier>
							<transform>
								<row0>1.000000 0.000000 0.000000</row0>
								<row1>0.000000 0.994093 0.108529</row1>
								<row2>0.000000 0.108529 -0.994093</row2>
								<row3>1.203690 -1.202209 0.567463</row3>
							</transform>
						</node>
					</node>
					<node>
						<identifier>WD_L3</identifier>
						<transform>
							<row0>1.000000 0.000000 0.000000</row0>
							<row1>0.000000 0.994093 -0.108529</row1>
							<row2>0.000000 0.108529 0.994093</row2>
							<row3>-1.203690 -0.026833 -1.714402</row3>
						</transform>
						<node>
							<identifier>WD_L3_BlendBone</identifier>
							<transform>
								<row0>1.000000 0.000000 0.000000</row0>
								<row1>0.000000 0.994093 0.108529</row1>
								<row2>0.000000 0.108529 -0.994093</row2>
								<row3>1.203690 -1.312888 1.581255</row3>
							</transform>
						</node>
					</node>
					<node>
						<identifier>WD_L4</identifier>
						<transform>
							<row0>1.000000 0.000000 0.000000</row0>
							<row1>0.000000 0.994093 -0.108529</row1>
							<row2>0.000000 0.108529 0.994093</row2>
							<row3>-1.203690 -0.349333 -2.909631</row3>
						</transform>
						<node>
							<identifier>WD_L4_BlendBone</identifier>
							<transform>
								<row0>1.000000 0.000000 0.000000</row0>
								<row1>0.000000 0.994093 0.108529</row1>
								<row2>0.000000 0.108529 -0.994093</row2>
								<row3>1.203690 -1.122011 2.804426</row3>
							</transform>
						</node>
					</node>
					<node>
						<identifier>WD_R0</identifier>
						<transform>
							<row0>1.000000 0.000000 0.000000</row0>
							<row1>0.000000 0.994093 -0.108529</row1>
							<row2>0.000000 0.108529 0.994093</row2>
							<row3>1.203690 -0.266699 2.958344</row3>
						</transform>
						<node>
							<identifier>WD_R0_BlendBone</identifier>
							<transform>
								<row0>1.000000 0.000000 0.000000</row0>
								<row1>0.000000 0.994093 0.108529</row1>
								<row2>0.000000 0.108529 -0.994093</row2>
								<row3>-1.203690 -0.567311 -3.037857</row3>
							</transform>
						</node>
					</node>
					<node>
						<identifier>WD_R1</identifier>
						<transform>
							<row0>1.000000 0.000000 0.000000</row0>
							<row1>0.000000 0.994093 -0.108529</row1>
							<row2>0.000000 0.108529 0.994093</row2>
							<row3>1.203690 -0.026833 1.359281</row3>
						</transform>
						<node>
							<identifier>WD_R1_BlendBone</identifier>
							<transform>
								<row0>1.000000 0.000000 0.000000</row0>
								<row1>0.000000 0.994093 0.108529</row1>
								<row2>0.000000 0.108529 -0.994093</row2>
								<row3>-1.203690 -0.979304 -1.474273</row3>
							</transform>
						</node>
					</node>
					<node>
						<identifier>WD_R2</identifier>
						<transform>
							<row0>1.000000 0.000000 0.000000</row0>
							<row1>0.000000 0.994093 -0.108529</row1>
							<row2>0.000000 0.108529 0.994093</row2>
							<row3>1.203690 -0.026833 -0.694586</row3>
						</transform>
						<node>
							<identifier>WD_R2_BlendBone</identifier>
							<transform>
								<row0>1.000000 0.000000 0.000000</row0>
								<row1>0.000000 0.994093 0.108529</row1>
								<row2>0.000000 0.108529 -0.994093</row2>
								<row3>-1.203690 -1.202209 0.567463</row3>
							</transform>
						</node>
					</node>
					<node>
						<identifier>WD_R3</identifier>
						<transform>
							<row0>1.000000 0.000000 0.000000</row0>
							<row1>0.000000 0.994093 -0.108529</row1>
							<row2>0.000000 0.108529 0.994093</row2>
							<row3>1.203690 -0.026833 -1.714402</row3>
						</transform>
						<node>
							<identifier>WD_R3_BlendBone</identifier>
							<transform>
								<row0>1.000000 0.000000 0.000000</row0>
								<row1>0.000000 0.994093 0.108529</row1>
								<row2>0.000000 0.108529 -0.994093</row2>
								<row3>-1.203690 -1.312888 1.581255</row3>
							</transform>
						</node>
					</node>
					<node>
						<identifier>WD_R4</identifier>
						<transform>
							<row0>1.000000 0.000000 0.000000</row0>
							<row1>0.000000 0.994093 -0.108529</row1>
							<row2>0.000000 0.108529 0.994093</row2>
							<row3>1.203690 -0.349244 -2.909486</row3>
						</transform>
						<node>
							<identifier>WD_R4_BlendBone</identifier>
							<transform>
								<row0>1.000000 0.000000 0.000000</row0>
								<row1>0.000000 0.994093 0.108529</row1>
								<row2>0.000000 0.108529 -0.994093</row2>
								<row3>-1.203690 -1.122084 2.804271</row3>
							</transform>
						</node>
					</node>
					<node>
						<identifier>V_BlendBone</identifier>
						<transform>
							<row0>1.000000 0.000000 0.000000</row0>
							<row1>0.000000 1.000000 0.000000</row1>
							<row2>0.000000 0.000000 -1.000000</row2>
							<row3>0.000000 -1.160355 0.000000</row3>
						</transform>
					</node>
				</node>
				<node>
					<identifier>Tank_BlendBone</identifier>
					<transform>
						<row0>1.000000 0.000000 0.000000</row0>
						<row1>0.000000 1.000000 0.000000</row1>
						<row2>0.000000 0.000000 -1.000000</row2>
						<row3>0.000000 -0.500000 0.000000</row3>
					</transform>
				</node>
			</node>
		</node>
	</node>
	<renderSet>
		<treatAsWorldSpaceObject>true</treatAsWorldSpaceObject>
		<node>Track_L4_BlendBone</node>
		<node>Track_L3_BlendBone</node>
		<node>Track_L2_BlendBone</node>
		<node>Track_L1_BlendBone</node>
		<node>Track_L0_BlendBone</node>
		<node>V_BlendBone</node>
		<node>Track_VD_L0_BlendBone</node>
		<node>Track_VT_L0_BlendBone</node>
		<node>Track_VT_L1_BlendBone</node>
		<node>Track_VT_L2_BlendBone</node>
		<node>Track_VT_L3_BlendBone</node>
		<node>Track_VD_L1_BlendBone</node>
		<geometry>
			<vertices>track_L_Shape.vertices</vertices>
			<stream>track_L_Shape.uv2</stream>
			<primitive>track_L_Shape.indices</primitive>
			<primitiveGroup>
				0
				<material>
					<identifier>track_mat_L_skinned</identifier>
					<collisionFlags>0</collisionFlags>
					<materialKind>0</materialKind>
					<fx>shaders/std_effects/PBS_tank_uvtransform_skinned_ao.fx</fx>
					<property>
						metallicGlossMap
						<Texture>vehicles/british/tracks/Comet_track_GMM.dds</Texture>
					</property>
					<property>
						normalMap
						<Texture>vehicles/british/tracks/Comet_track_ANM.dds</Texture>
					</property>
					<property>
						diffuseMap
						<Texture>vehicles/british/tracks/Comet_track_AM.dds</Texture>
					</property>
					<property>
						alphaReference
						<Int>64</Int>
					</property>
					<property>
						alphaTestEnable
						<Bool>true</Bool>
					</property>
					<property>
						doubleSided
						<Bool>true</Bool>
					</property>
					<property>
						g_useDetailMetallic
						<Bool>true</Bool>
					</property>
					<property>
						metallicDetailMap
						<Texture>vehicles/russian/Tank_detail/Details_map.dds</Texture>
					</property>
					<property>
						g_detailUVTiling
						<Vector4>3.506849 0.876712 0.000000 0.000000</Vector4>
					</property>
				</material>
				<groupOrigin>-1.203690 0.682696 -0.025235</groupOrigin>
			</primitiveGroup>
		</geometry>
	</renderSet>
	<renderSet>
		<treatAsWorldSpaceObject>true</treatAsWorldSpaceObject>
		<node>V_BlendBone</node>
		<geometry>
			<vertices>track_R_Shape.vertices</vertices>
			<stream>track_R_Shape.uv2</stream>
			<primitive>track_R_Shape.indices</primitive>
			<primitiveGroup>
				0
				<material>
					<identifier>track_mat_R_skinned</identifier>
					<collisionFlags>0</collisionFlags>
					<materialKind>0</materialKind>
					<fx>shaders/std_effects/PBS_tank_uvtransform_skinned_ao.fx</fx>
					<property>
						metallicGlossMap
						<Texture>vehicles/british/tracks/Comet_track_GMM.dds</Texture>
					</property>
					<property>
						normalMap
						<Texture>vehicles/british/tracks/Comet_track_ANM.dds</Texture>
					</property>
					<property>
						diffuseMap
						<Texture>vehicles/british/tracks/Comet_track_AM.dds</Texture>
					</property>
					<property>
						alphaReference
						<Int>64</Int>
					</property>
					<property>
						alphaTestEnable
						<Bool>true</Bool>
					</property>
					<property>
						doubleSided
						<Bool>true</Bool>
					</property>
					<property>
						g_useDetailMetallic
						<Bool>true</Bool>
					</property>
					<property>
						metallicDetailMap
						<Texture>vehicles/russian/Tank_detail/Details_map.dds</Texture>
					</property>
					<property>
						g_detailUVTiling
						<Vector4>3.506849 0.876712 0.000000 0.000000</Vector4>
					</property>
				</material>
				<groupOrigin>1.203690 0.682696 -0.025235</groupOrigin>
			</primitiveGroup>
		</geometry>
	</renderSet>
	<renderSet>
		<treatAsWorldSpaceObject>true</treatAsWorldSpaceObject>
		<node>V_BlendBone</node>
		<node>Track_L4_BlendBone</node>
		<node>Track_L3_BlendBone</node>
		<node>Track_L2_BlendBone</node>
		<node>Track_L1_BlendBone</node>
		<node>Track_L0_BlendBone</node>
		<node>WD_L4_BlendBone</node>
		<node>WD_L1_BlendBone</node>
		<node>WD_L2_BlendBone</node>
		<node>WD_L3_BlendBone</node>
		<node>WD_L0_BlendBone</node>
		<node>W_L0_BlendBone</node>
		<node>W_L1_BlendBone</node>
		<node>W_L2_BlendBone</node>
		<node>W_L3_BlendBone</node>
		<node>W_L4_BlendBone</node>
		<geometry>
			<vertices>exportChassL1_Shape.vertices</vertices>
			<primitive>exportChassL1_Shape.indices</primitive>
			<primitiveGroup>
				0
				<material>
					<identifier>tank_chassis_01_skinned</identifier>
					<collisionFlags>0</collisionFlags>
					<materialKind>0</materialKind>
					<fx>shaders/std_effects/PBS_tank_skinned.fx</fx>
					<property>
						metallicGlossMap
						<Texture>vehicles/british/GB106_Cobra/Cobra_chassis_01_GMM.dds</Texture>
					</property>
					<property>
						normalMap
						<Texture>vehicles/british/GB106_Cobra/Cobra_chassis_01_ANM.dds</Texture>
					</property>
					<property>
						diffuseMap
						<Texture>vehicles/british/GB106_Cobra/Cobra_chassis_01_AM.dds</Texture>
					</property>
					<property>
						excludeMaskAndAOMap
						<Texture>vehicles/british/GB106_Cobra/Cobra_chassis_01_AO.dds</Texture>
					</property>
					<property>
						colorIdMap
						<Texture>vehicles/russian/common/common_ID.dds</Texture>
					</property>
					<property>
						g_useDetailMetallic
						<Bool>true</Bool>
					</property>
					<property>
						metallicDetailMap
						<Texture>vehicles/russian/Tank_detail/Details_map.dds</Texture>
					</property>
					<property>
						g_detailUVTiling
						<Vector4>3.506849 3.506849 0.000000 0.000000</Vector4>
					</property>
					<property>
						alphaReference
						<Int>64</Int>
					</property>
					<property>
						alphaTestEnable
						<Bool>true</Bool>
					</property>
				</material>
				<groupOrigin>-0.960437 0.708074 0.002557</groupOrigin>
			</primitiveGroup>
		</geometry>
	</renderSet>
	<renderSet>
		<treatAsWorldSpaceObject>true</treatAsWorldSpaceObject>
		<node>V_BlendBone</node>
		<node>WD_R4_BlendBone</node>
		<node>WD_R1_BlendBone</node>
		<node>WD_R2_BlendBone</node>
		<node>WD_R3_BlendBone</node>
		<node>W_R0_BlendBone</node>
		<node>W_R1_BlendBone</node>
		<node>W_R2_BlendBone</node>
		<node>W_R3_BlendBone</node>
		<node>W_R4_BlendBone</node>
		<node>WD_R0_BlendBone</node>
		<geometry>
			<vertices>exportChassR1_Shape.vertices</vertices>
			<primitive>exportChassR1_Shape.indices</primitive>
			<primitiveGroup>
				0
				<material>
					<identifier>tank_chassis_01_skinned</identifier>
					<collisionFlags>0</collisionFlags>
					<materialKind>0</materialKind>
					<fx>shaders/std_effects/PBS_tank_skinned.fx</fx>
					<property>
						metallicGlossMap
						<Texture>vehicles/british/GB106_Cobra/Cobra_chassis_01_GMM.dds</Texture>
					</property>
					<property>
						normalMap
						<Texture>vehicles/british/GB106_Cobra/Cobra_chassis_01_ANM.dds</Texture>
					</property>
					<property>
						diffuseMap
						<Texture>vehicles/british/GB106_Cobra/Cobra_chassis_01_AM.dds</Texture>
					</property>
					<property>
						excludeMaskAndAOMap
						<Texture>vehicles/british/GB106_Cobra/Cobra_chassis_01_AO.dds</Texture>
					</property>
					<property>
						colorIdMap
						<Texture>vehicles/russian/common/common_ID.dds</Texture>
					</property>
					<property>
						g_useDetailMetallic
						<Bool>true</Bool>
					</property>
					<property>
						metallicDetailMap
						<Texture>vehicles/russian/Tank_detail/Details_map.dds</Texture>
					</property>
					<property>
						g_detailUVTiling
						<Vector4>3.506849 3.506849 0.000000 0.000000</Vector4>
					</property>
					<property>
						alphaReference
						<Int>64</Int>
					</property>
					<property>
						alphaTestEnable
						<Bool>true</Bool>
					</property>
				</material>
				<groupOrigin>0.960437 0.708074 0.002484</groupOrigin>
			</primitiveGroup>
		</geometry>
	</renderSet>
	<constraints/>
	<boundingBox>
		<min>-1.444632 0.000268 -3.343366</min>
		<max>1.444632 1.365123 3.393836</max>
	</boundingBox>
	<geometrySize>1199560</geometrySize>
	<minUVDensity>0.022681</minUVDensity>
</root>
