<?xml version="1.0" encoding="utf-8"?>
<root>
	<node>
		<identifier>Scene Root</identifier>
		<transform>
			<row0>1.000000 0.000000 0.000000</row0>
			<row1>0.000000 1.000000 0.000000</row1>
			<row2>0.000000 0.000000 1.000000</row2>
			<row3>0.000000 0.000000 0.000000</row3>
		</transform>
		<node>
			<identifier>nodes_01</identifier>
			<transform>
				<row0>1.000000 0.000000 0.000000</row0>
				<row1>0.000000 1.000000 0.000000</row1>
				<row2>0.000000 0.000000 1.000000</row2>
				<row3>0.000000 0.000000 0.000000</row3>
			</transform>
			<node>
				<identifier>HP_G164_Kpz_attachment_hull</identifier>
				<transform>
					<row0>1.000000 0.000000 0.000000</row0>
					<row1>0.000000 1.000000 0.000000</row1>
					<row2>0.000000 0.000000 1.000000</row2>
					<row3>0.000000 0.000000 0.000000</row3>
				</transform>
			</node>
			<node>
				<identifier>HP_Fire_1</identifier>
				<transform>
					<row0>1.000000 0.000000 0.000000</row0>
					<row1>0.000000 1.000000 0.000000</row1>
					<row2>0.000000 0.000000 1.000000</row2>
					<row3>0.000000 -0.048193 -2.235187</row3>
				</transform>
			</node>
			<node>
				<identifier>HP_Fire_2</identifier>
				<transform>
					<row0>1.000000 0.000000 0.000000</row0>
					<row1>0.000000 1.000000 0.000000</row1>
					<row2>0.000000 0.000000 1.000000</row2>
					<row3>0.646414 -0.048193 2.347894</row3>
				</transform>
			</node>
			<node>
				<identifier>HP_TrackUp_LFront</identifier>
				<transform>
					<row0>1.000000 0.000000 0.000000</row0>
					<row1>0.000000 0.205368 0.978685</row1>
					<row2>0.000000 -0.978685 0.205368</row2>
					<row3>-1.350500 -0.120900 3.318418</row3>
				</transform>
			</node>
			<node>
				<identifier>HP_TrackUp_LRear</identifier>
				<transform>
					<row0>-1.000000 0.000000 0.000000</row0>
					<row1>0.000000 0.011680 -0.999932</row1>
					<row2>-0.000000 -0.999932 -0.011680</row2>
					<row3>-1.350500 -0.290622 -3.479976</row3>
				</transform>
			</node>
			<node>
				<identifier>HP_TrackUp_RFront</identifier>
				<transform>
					<row0>1.000000 0.000000 0.000000</row0>
					<row1>0.000000 0.205368 0.978685</row1>
					<row2>0.000000 -0.978685 0.205368</row2>
					<row3>1.350500 -0.120900 3.318418</row3>
				</transform>
			</node>
			<node>
				<identifier>HP_TrackUp_RRear</identifier>
				<transform>
					<row0>-1.000000 0.000000 0.000000</row0>
					<row1>0.000000 0.011680 -0.999932</row1>
					<row2>-0.000000 -0.999932 -0.011680</row2>
					<row3>1.350500 -0.290622 -3.479976</row3>
				</transform>
			</node>
			<node>
				<identifier>HP_Track_Exhaus_1</identifier>
				<transform>
					<row0>-0.733049 0.176042 0.656999</row0>
					<row1>-0.000000 0.965926 -0.258819</row1>
					<row2>-0.680175 -0.189727 -0.708071</row2>
					<row3>-0.524688 0.013928 -3.661681</row3>
				</transform>
			</node>
			<node>
				<identifier>HP_Track_Exhaus_2</identifier>
				<transform>
					<row0>-0.707107 -0.183013 -0.683013</row0>
					<row1>-0.000000 0.965926 -0.258819</row1>
					<row2>0.707107 -0.183013 -0.683013</row2>
					<row3>0.524688 0.013928 -3.661681</row3>
				</transform>
			</node>
			<node>
				<identifier>HP_turretJoint</identifier>
				<transform>
					<row0>1.000000 0.000000 0.000000</row0>
					<row1>0.000000 1.000000 0.000000</row1>
					<row2>0.000000 0.000000 1.000000</row2>
					<row3>0.000000 0.418095 0.594880</row3>
				</transform>
			</node>
		</node>
	</node>
	<renderSet>
		<treatAsWorldSpaceObject>false</treatAsWorldSpaceObject>
		<node>Scene Root</node>
		<geometry>
			<vertices>vertices</vertices>
			<primitive>indices</primitive>
			<primitiveGroup>
				0
				<material>
					<identifier>tank_hull_01</identifier>
					<property>
						selfIllumination
						<Float>0.000000</Float>
					</property>
					<collisionFlags>0</collisionFlags>
					<materialKind>0</materialKind>
					<fx>shaders/std_effects/PBS_tank.fx</fx>
					<property>
						metallicGlossMap
						<Texture>vehicles/german/G164_Kpz_Pr_68_P/_skins/G164_Kpz_Pr_68_P_N23_3Dst/Kpz_Pr_68_P_N23_3Dst_hull_01_GMM.dds</Texture>
					</property>
					<property>
						normalMap
						<Texture>vehicles/german/G164_Kpz_Pr_68_P/_skins/G164_Kpz_Pr_68_P_N23_3Dst/Kpz_Pr_68_P_N23_3Dst_hull_01_ANM.dds</Texture>
					</property>
					<property>
						diffuseMap
						<Texture>vehicles/german/G164_Kpz_Pr_68_P/_skins/G164_Kpz_Pr_68_P_N23_3Dst/Kpz_Pr_68_P_N23_3Dst_hull_01_AM.dds</Texture>
					</property>
					<property>
						excludeMaskAndAOMap
						<Texture>vehicles/german/G164_Kpz_Pr_68_P/_skins/G164_Kpz_Pr_68_P_N23_3Dst/Kpz_Pr_68_P_N23_3Dst_hull_01_AO.dds</Texture>
					</property>
					<property>
						colorIdMap
						<Texture>vehicles/russian/common/common_ID.dds</Texture>
					</property>
				</material>
				<groupOrigin>0.001383 -0.058807 0.062006</groupOrigin>
			</primitiveGroup>
		</geometry>
	</renderSet>
	<boundingBox>
		<min>-1.647665 -0.671929 -3.725619</min>
		<max>1.650431 0.554314 3.849632</max>
	</boundingBox>
	<geometrySize>62452</geometrySize>
	<minUVDensity>0.002043</minUVDensity>
</root>
