<?xml version="1.0" encoding="utf-8"?>
<root>
	<node>
		<identifier>Scene Root</identifier>
		<transform>
			<row0>1.000000 0.000000 0.000000</row0>
			<row1>0.000000 1.000000 0.000000</row1>
			<row2>0.000000 0.000000 1.000000</row2>
			<row3>0.000000 0.000000 0.000000</row3>
		</transform>
		<node>
			<identifier>nodes_01</identifier>
			<transform>
				<row0>1.000000 0.000000 0.000000</row0>
				<row1>0.000000 1.000000 0.000000</row1>
				<row2>0.000000 0.000000 1.000000</row2>
				<row3>0.000000 0.000000 0.000000</row3>
			</transform>
			<node>
				<identifier>HP_Fire_1</identifier>
				<transform>
					<row0>1.000000 0.000000 0.000000</row0>
					<row1>0.000000 1.000000 0.000000</row1>
					<row2>0.000000 0.000000 1.000000</row2>
					<row3>0.000000 0.104847 -1.819088</row3>
				</transform>
			</node>
			<node>
				<identifier>HP_Fire_2</identifier>
				<transform>
					<row0>1.000000 0.000000 0.000000</row0>
					<row1>0.000000 1.000000 0.000000</row1>
					<row2>0.000000 0.000000 1.000000</row2>
					<row3>-0.414552 0.104847 0.998198</row3>
				</transform>
			</node>
			<node>
				<identifier>HP_TrackUp_LFront</identifier>
				<transform>
					<row0>1.000000 0.000000 0.000000</row0>
					<row1>0.000000 0.830277 0.557350</row1>
					<row2>0.000000 -0.557350 0.830277</row2>
					<row3>-0.948345 0.064795 2.242208</row3>
				</transform>
			</node>
			<node>
				<identifier>HP_TrackUp_LRear</identifier>
				<transform>
					<row0>-0.997144 0.074988 -0.008948</row0>
					<row1>0.074216 0.951093 -0.299858</row1>
					<row2>-0.013976 -0.299666 -0.953942</row2>
					<row3>-0.948345 -0.137002 -2.359911</row3>
				</transform>
			</node>
			<node>
				<identifier>HP_TrackUp_RFront</identifier>
				<transform>
					<row0>1.000000 0.000000 0.000000</row0>
					<row1>0.000000 0.830277 0.557350</row1>
					<row2>0.000000 -0.557350 0.830277</row2>
					<row3>0.948336 0.064795 2.242208</row3>
				</transform>
			</node>
			<node>
				<identifier>HP_TrackUp_RRear</identifier>
				<transform>
					<row0>-0.997144 0.074988 -0.008948</row0>
					<row1>0.074216 0.951093 -0.299858</row1>
					<row2>-0.013976 -0.299666 -0.953942</row2>
					<row3>0.948336 -0.137002 -2.359911</row3>
				</transform>
			</node>
			<node>
				<identifier>HP_Track_Exhaus_1</identifier>
				<transform>
					<row0>1.000000 0.000000 0.000000</row0>
					<row1>0.000000 -0.986040 0.166506</row1>
					<row2>0.000000 -0.166506 -0.986040</row2>
					<row3>-0.926936 0.130773 -2.189078</row3>
				</transform>
			</node>
			<node>
				<identifier>HP_Track_Exhaus_2</identifier>
				<transform>
					<row0>1.000000 0.000000 0.000000</row0>
					<row1>0.000000 -0.986040 0.166506</row1>
					<row2>0.000000 -0.166506 -0.986040</row2>
					<row3>0.928164 0.130773 -2.189078</row3>
				</transform>
			</node>
			<node>
				<identifier>HP_turretJoint</identifier>
				<transform>
					<row0>1.000000 0.000000 0.000000</row0>
					<row1>0.000000 1.000000 0.000000</row1>
					<row2>0.000000 0.000000 1.000000</row2>
					<row3>-0.003334 0.665141 0.113767</row3>
				</transform>
			</node>
		</node>
	</node>
	<renderSet>
		<treatAsWorldSpaceObject>false</treatAsWorldSpaceObject>
		<node>Scene Root</node>
		<geometry>
			<vertices>vertices</vertices>
			<primitive>indices</primitive>
			<primitiveGroup>
				0
				<material>
					<identifier>tank_proxy</identifier>
					<property>
						selfIllumination
						<Float>0.000000</Float>
					</property>
					<collisionFlags>0</collisionFlags>
					<materialKind>0</materialKind>
					<fx>shaders/std_effects/PBS_tank.fx</fx>
					<property>
						metallicGlossMap
						<Texture>vehicles/german/G161_Pz_Kpfw_M15_38_t/Pz_Kpfw_M15_38_t_proxy_GMM.dds</Texture>
					</property>
					<property>
						normalMap
						<Texture>vehicles/german/G161_Pz_Kpfw_M15_38_t/Pz_Kpfw_M15_38_t_proxy_ANM.dds</Texture>
					</property>
					<property>
						diffuseMap
						<Texture>vehicles/german/G161_Pz_Kpfw_M15_38_t/Pz_Kpfw_M15_38_t_proxy_AM.dds</Texture>
					</property>
					<property>
						excludeMaskAndAOMap
						<Texture>vehicles/german/G161_Pz_Kpfw_M15_38_t/Pz_Kpfw_M15_38_t_proxy_AO.dds</Texture>
					</property>
					<property>
						colorIdMap
						<Texture>vehicles/russian/common/common_ID.dds</Texture>
					</property>
					<property>
						alphaReference
						<Int>64</Int>
					</property>
					<property>
						alphaTestEnable
						<Bool>true</Bool>
					</property>
				</material>
				<groupOrigin>-0.007565 0.067248 -0.123439</groupOrigin>
			</primitiveGroup>
		</geometry>
	</renderSet>
	<boundingBox>
		<min>-1.139496 -0.605484 -2.563114</min>
		<max>1.124366 0.739980 2.316235</max>
	</boundingBox>
	<geometrySize>4400</geometrySize>
	<minUVDensity>0.007258</minUVDensity>
</root>
