<?xml version="1.0" encoding="utf-8"?>
<root>
	<node>
		<identifier>Scene Root</identifier>
		<transform>
			<row0>1.000000 0.000000 0.000000</row0>
			<row1>0.000000 1.000000 0.000000</row1>
			<row2>0.000000 0.000000 1.000000</row2>
			<row3>0.000000 0.000000 0.000000</row3>
		</transform>
		<node>
			<identifier>nodes_01</identifier>
			<transform>
				<row0>1.000000 0.000000 0.000000</row0>
				<row1>0.000000 1.000000 0.000000</row1>
				<row2>0.000000 0.000000 1.000000</row2>
				<row3>0.000000 0.000000 0.000000</row3>
			</transform>
			<node>
				<identifier>HP_Fire_1</identifier>
				<transform>
					<row0>1.000000 0.000000 0.000000</row0>
					<row1>0.000000 1.000000 0.000000</row1>
					<row2>0.000000 0.000000 1.000000</row2>
					<row3>0.000000 0.363513 -6.012469</row3>
				</transform>
			</node>
			<node>
				<identifier>HP_Fire_2</identifier>
				<transform>
					<row0>1.000000 0.000000 0.000000</row0>
					<row1>0.000000 1.000000 0.000000</row1>
					<row2>0.000000 0.000000 1.000000</row2>
					<row3>0.000000 0.363513 4.838843</row3>
				</transform>
			</node>
			<node>
				<identifier>HP_TrackUp_LFront</identifier>
				<transform>
					<row0>1.000000 0.000000 0.000000</row0>
					<row1>0.000000 0.768805 0.639483</row1>
					<row2>0.000000 -0.639483 0.768805</row2>
					<row3>-3.201865 0.068287 8.184072</row3>
				</transform>
			</node>
			<node>
				<identifier>HP_TrackUp_LRear</identifier>
				<transform>
					<row0>-0.980856 0.193498 -0.021911</row0>
					<row1>0.170896 0.801375 -0.573231</row1>
					<row2>-0.093360 -0.566001 -0.819101</row2>
					<row3>-3.201865 -0.440003 -7.024530</row3>
				</transform>
			</node>
			<node>
				<identifier>HP_TrackUp_RFront</identifier>
				<transform>
					<row0>1.000000 0.000000 0.000000</row0>
					<row1>0.000000 0.768805 0.639483</row1>
					<row2>0.000000 -0.639483 0.768805</row2>
					<row3>3.201865 0.068287 8.184072</row3>
				</transform>
			</node>
			<node>
				<identifier>HP_TrackUp_RRear</identifier>
				<transform>
					<row0>-0.980856 0.193498 -0.021911</row0>
					<row1>0.170896 0.801375 -0.573231</row1>
					<row2>-0.093360 -0.566001 -0.819101</row2>
					<row3>3.201865 -0.440003 -7.024530</row3>
				</transform>
			</node>
			<node>
				<identifier>HP_Track_Exhaus_1</identifier>
				<transform>
					<row0>1.000000 0.000000 0.000000</row0>
					<row1>0.000000 -0.336625 -0.941639</row1>
					<row2>0.000000 0.941639 -0.336625</row2>
					<row3>-1.617249 1.586274 -8.838975</row3>
				</transform>
			</node>
			<node>
				<identifier>HP_Track_Exhaus_2</identifier>
				<transform>
					<row0>1.000000 0.000000 0.000000</row0>
					<row1>0.000000 -0.336625 -0.941639</row1>
					<row2>0.000000 0.941639 -0.336625</row2>
					<row3>-0.571136 1.586274 -8.838975</row3>
				</transform>
			</node>
			<node>
				<identifier>HP_Track_Exhaus_3</identifier>
				<transform>
					<row0>1.000000 0.000000 0.000000</row0>
					<row1>0.000000 -0.336625 -0.941639</row1>
					<row2>0.000000 0.941639 -0.336625</row2>
					<row3>0.571136 1.586274 -8.838975</row3>
				</transform>
			</node>
			<node>
				<identifier>HP_Track_Exhaus_4</identifier>
				<transform>
					<row0>1.000000 0.000000 0.000000</row0>
					<row1>0.000000 -0.336625 -0.941639</row1>
					<row2>0.000000 0.941639 -0.336625</row2>
					<row3>1.617249 1.586274 -8.838975</row3>
				</transform>
			</node>
			<node>
				<identifier>HP_turretJoint</identifier>
				<transform>
					<row0>1.000000 0.000000 0.000000</row0>
					<row1>0.000000 1.000000 0.000000</row1>
					<row2>0.000000 0.000000 1.000000</row2>
					<row3>-0.000380 1.412320 -0.378020</row3>
				</transform>
			</node>
			<node>
				<identifier>HP_wp_01</identifier>
				<transform>
					<row0>0.000000 -0.453985 0.890996</row0>
					<row1>-0.999990 0.000000 -0.000000</row1>
					<row2>0.000000 -0.890996 -0.453985</row2>
					<row3>2.231999 0.921999 7.807994</row3>
				</transform>
			</node>
			<node>
				<identifier>HP_wp_02</identifier>
				<transform>
					<row0>0.000000 -0.453985 0.890996</row0>
					<row1>-0.999990 0.000000 -0.000000</row1>
					<row2>0.000000 -0.890996 -0.453985</row2>
					<row3>-0.000000 0.922000 7.800000</row3>
				</transform>
			</node>
			<node>
				<identifier>HP_wp_03</identifier>
				<transform>
					<row0>0.000000 -0.453985 0.890996</row0>
					<row1>-0.999990 0.000000 -0.000000</row1>
					<row2>0.000000 -0.890996 -0.453985</row2>
					<row3>-2.232001 0.922000 7.800000</row3>
				</transform>
			</node>
			<node>
				<identifier>HP_wp_04</identifier>
				<transform>
					<row0>0.000000 0.000000 1.000000</row0>
					<row1>0.000000 1.000000 0.000000</row1>
					<row2>-1.000000 0.000000 0.000000</row2>
					<row3>3.330000 0.802753 -4.627000</row3>
				</transform>
			</node>
			<node>
				<identifier>HP_wp_05</identifier>
				<transform>
					<row0>0.000000 0.000000 1.000000</row0>
					<row1>0.000000 1.000000 0.000000</row1>
					<row2>-1.000000 0.000000 0.000000</row2>
					<row3>3.330000 0.915138 4.511470</row3>
				</transform>
			</node>
			<node>
				<identifier>HP_wp_06</identifier>
				<transform>
					<row0>0.000000 0.000000 -1.000000</row0>
					<row1>0.000000 1.000000 0.000000</row1>
					<row2>1.000000 0.000000 0.000000</row2>
					<row3>-3.330000 0.802753 -4.627441</row3>
				</transform>
			</node>
			<node>
				<identifier>HP_wp_07</identifier>
				<transform>
					<row0>0.000000 0.000000 -1.000000</row0>
					<row1>0.000000 1.000000 0.000000</row1>
					<row2>1.000000 0.000000 0.000000</row2>
					<row3>-3.330000 0.854086 4.661812</row3>
				</transform>
			</node>
			<node>
				<identifier>HP_wp_08</identifier>
				<transform>
					<row0>1.000000 0.000000 0.000000</row0>
					<row1>0.000000 0.866025 -0.500000</row1>
					<row2>0.000000 0.500000 0.866025</row2>
					<row3>-0.950001 0.599000 -8.470001</row3>
				</transform>
			</node>
			<node>
				<identifier>HP_wp_09</identifier>
				<transform>
					<row0>1.000000 0.000000 0.000000</row0>
					<row1>0.000000 0.866025 -0.500000</row1>
					<row2>0.000000 0.500000 0.866025</row2>
					<row3>0.950000 0.599237 -8.470000</row3>
				</transform>
			</node>
			<node>
				<identifier>HP_wp_10</identifier>
				<transform>
					<row0>1.000000 0.000000 0.000000</row0>
					<row1>0.000000 0.866025 -0.500000</row1>
					<row2>0.000000 0.500000 0.866025</row2>
					<row3>-0.950000 -0.669584 -7.739999</row3>
				</transform>
			</node>
			<node>
				<identifier>HP_wp_11</identifier>
				<transform>
					<row0>1.000000 0.000000 0.000000</row0>
					<row1>0.000000 0.866025 -0.500000</row1>
					<row2>0.000000 0.500000 0.866025</row2>
					<row3>0.950000 -0.716745 -7.740000</row3>
				</transform>
			</node>
			<node>
				<identifier>HP_wp_12</identifier>
				<transform>
					<row0>1.000000 0.000000 0.000000</row0>
					<row1>0.000000 0.866025 -0.500000</row1>
					<row2>0.000000 0.500000 0.866025</row2>
					<row3>-2.504000 0.760998 -8.470000</row3>
				</transform>
			</node>
			<node>
				<identifier>HP_wp_13</identifier>
				<transform>
					<row0>1.000000 0.000000 0.000000</row0>
					<row1>0.000000 0.866025 -0.500000</row1>
					<row2>0.000000 0.500000 0.866025</row2>
					<row3>2.504001 0.761000 -8.469999</row3>
				</transform>
			</node>
		</node>
	</node>
	<renderSet>
		<treatAsWorldSpaceObject>false</treatAsWorldSpaceObject>
		<node>Scene Root</node>
		<geometry>
			<vertices>vertices</vertices>
			<primitive>indices</primitive>
			<primitiveGroup>
				0
				<material>
					<identifier>tank_hull_01</identifier>
					<property>
						selfIllumination
						<Float>0.000000</Float>
					</property>
					<collisionFlags>0</collisionFlags>
					<materialKind>0</materialKind>
					<fx>shaders/std_effects/PBS_tank.fx</fx>
					<property>
						metallicGlossMap
						<Texture>halloween/vehicles/german/G181_E100_Cannon_Boss_HW24/E100_Cannon_Boss_HW24_hull_01_GMM.dds</Texture>
					</property>
					<property>
						normalMap
						<Texture>halloween/vehicles/german/G181_E100_Cannon_Boss_HW24/E100_Cannon_Boss_HW24_hull_01_ANM.dds</Texture>
					</property>
					<property>
						diffuseMap
						<Texture>halloween/vehicles/german/G181_E100_Cannon_Boss_HW24/E100_Cannon_Boss_HW24_hull_01_AM.dds</Texture>
					</property>
					<property>
						excludeMaskAndAOMap
						<Texture>halloween/vehicles/german/G181_E100_Cannon_Boss_HW24/E100_Cannon_Boss_HW24_hull_01_AO.dds</Texture>
					</property>
					<property>
						colorIdMap
						<Texture>vehicles/russian/common/common_ID.dds</Texture>
					</property>
				</material>
				<groupOrigin>-0.000495 0.275347 0.119455</groupOrigin>
			</primitiveGroup>
			<primitiveGroup>
				1
				<material>
					<identifier>tank_equipment</identifier>
					<property>
						selfIllumination
						<Float>0.000000</Float>
					</property>
					<property>
						diffuseMap
						<Texture>halloween/vehicles/german/G181_E100_Cannon_Boss_HW24/E100_Cannon_Boss_HW24_equipment_AM.dds</Texture>
					</property>
					<collisionFlags>0</collisionFlags>
					<materialKind>0</materialKind>
					<fx>shaders/std_effects/PBS_tank.fx</fx>
					<property>
						excludeMaskAndAOMap
						<Texture>halloween/vehicles/german/G181_E100_Cannon_Boss_HW24/E100_Cannon_Boss_HW24_equipment_AO.dds</Texture>
					</property>
					<property>
						metallicGlossMap
						<Texture>halloween/vehicles/german/G181_E100_Cannon_Boss_HW24/E100_Cannon_Boss_HW24_equipment_GMM.dds</Texture>
					</property>
					<property>
						normalMap
						<Texture>halloween/vehicles/german/G181_E100_Cannon_Boss_HW24/E100_Cannon_Boss_HW24_equipment_ANM.dds</Texture>
					</property>
				</material>
				<groupOrigin>-0.001335 1.215435 -0.945825</groupOrigin>
			</primitiveGroup>
		</geometry>
	</renderSet>
	<boundingBox>
		<min>-4.707568 -1.490504 -8.966943</min>
		<max>4.706579 2.140380 9.205853</max>
	</boundingBox>
	<geometrySize>255672</geometrySize>
	<minUVDensity>0.000144</minUVDensity>
</root>
