<?xml version="1.0" encoding="utf-8"?>
<root>
	<node>
		<identifier>Scene Root</identifier>
		<transform>
			<row0>1.000000 0.000000 0.000000</row0>
			<row1>0.000000 1.000000 0.000000</row1>
			<row2>0.000000 0.000000 1.000000</row2>
			<row3>0.000000 0.000000 0.000000</row3>
		</transform>
		<node>
			<identifier>Root</identifier>
			<transform>
				<row0>1.000000 0.000000 0.000000</row0>
				<row1>0.000000 1.000000 0.000000</row1>
				<row2>0.000000 0.000000 1.000000</row2>
				<row3>-0.010187 0.000000 0.000000</row3>
			</transform>
			<node>
				<identifier>Hips</identifier>
				<transform>
					<row0>0.000000 0.997313 0.073256</row0>
					<row1>-1.000000 0.000000 -0.000000</row1>
					<row2>-0.000000 -0.073256 0.997313</row2>
					<row3>0.012705 0.943043 0.013291</row3>
				</transform>
				<node>
					<identifier>LeftUpLeg</identifier>
					<transform>
						<row0>-0.992382 -0.038002 0.117191</row0>
						<row1>0.037937 -0.999276 -0.002791</row1>
						<row2>0.117212 0.001676 0.993105</row2>
						<row3>-0.047268 -0.089865 0.001330</row3>
					</transform>
					<node>
						<identifier>L_Skirt_Base</identifier>
						<transform>
							<row0>1.000000 -0.000000 0.000000</row0>
							<row1>-0.000000 1.000000 0.000000</row1>
							<row2>0.000000 -0.000000 1.000000</row2>
							<row3>0.000000 0.000000 0.000000</row3>
						</transform>
						<node>
							<identifier>L_Skirt</identifier>
							<transform>
								<row0>0.997386 0.003012 0.072194</row0>
								<row1>-0.003048 0.999995 0.000383</row1>
								<row2>-0.072192 -0.000602 0.997391</row2>
								<row3>0.270603 -0.000191 0.000355</row3>
							</transform>
							<node>
								<identifier>L_Skirt_BlendBone</identifier>
								<transform>
									<row0>0.040791 0.999155 -0.005017</row0>
									<row1>-0.992389 0.041098 0.116078</row1>
									<row2>-0.116186 -0.000244 -0.993227</row2>
									<row3>0.614001 -0.128108 -0.095417</row3>
								</transform>
							</node>
						</node>
					</node>
					<node>
						<identifier>LeftLeg</identifier>
						<transform>
							<row0>0.998798 0.005683 0.048693</row0>
							<row1>-0.005703 0.999984 0.000262</row1>
							<row2>-0.048691 -0.000539 0.998814</row2>
							<row3>0.426945 0.000002 -0.000003</row3>
						</transform>
						<node>
							<identifier>LeftFoot</identifier>
							<transform>
								<row0>0.540608 0.242052 -0.805701</row0>
								<row1>0.072216 0.940827 0.331103</row1>
								<row2>0.838169 -0.237181 0.491139</row2>
								<row3>0.371105 0.000000 -0.000000</row3>
							</transform>
							<node>
								<identifier>LeftToeBase</identifier>
								<transform>
									<row0>0.765889 -0.091598 -0.636415</row0>
									<row1>0.073244 0.995786 -0.055176</row1>
									<row2>0.638787 -0.004355 0.769371</row2>
									<row3>0.148570 -0.000000 0.000000</row3>
								</transform>
								<node>
									<identifier>LeftToe_End</identifier>
									<transform>
										<row0>0.000006 -1.000000 0.000000</row0>
										<row1>1.000000 0.000006 0.000003</row1>
										<row2>-0.000003 0.000000 1.000000</row2>
										<row3>0.058959 0.000000 0.000000</row3>
									</transform>
									<node>
										<identifier>LeftToe_End_BlendBone</identifier>
										<transform>
											<row0>-0.968604 0.248332 0.011747</row0>
											<row1>0.000012 0.047297 -0.998881</row1>
											<row2>0.248610 0.967520 0.045815</row2>
											<row3>0.147757 -0.146134 0.006905</row3>
										</transform>
									</node>
								</node>
								<node>
									<identifier>LeftToeBase_BlendBone</identifier>
									<transform>
										<row0>0.248327 0.968605 0.011748</row0>
										<row1>0.047300 -0.000012 -0.998881</row1>
										<row2>0.967521 -0.248604 0.045818</row2>
										<row3>-0.087175 -0.147757 0.006904</row3>
									</transform>
								</node>
							</node>
							<node>
								<identifier>LeftFoot_BlendBone</identifier>
								<transform>
									<row0>0.268640 0.941727 -0.202444</row0>
									<row1>-0.601847 0.000006 -0.798612</row1>
									<row2>0.752073 -0.336379 -0.566777</row2>
									<row3>0.075392 -0.139179 0.068944</row3>
								</transform>
							</node>
						</node>
						<node>
							<identifier>LeftLeg_BlendBone</identifier>
							<transform>
								<row0>0.043554 0.999043 -0.004063</row0>
								<row1>-0.994735 0.043743 0.092682</row1>
								<row2>-0.092771 -0.000005 -0.995688</row2>
								<row3>0.459598 -0.129047 -0.072965</row3>
							</transform>
						</node>
					</node>
					<node>
						<identifier>LeftUpLeg_BlendBone</identifier>
						<transform>
							<row0>0.038002 0.999276 -0.001676</row0>
							<row1>-0.998301 0.038039 0.044147</row1>
							<row2>-0.044178 0.000004 -0.999024</row2>
							<row3>0.890279 -0.126392 -0.050536</row3>
						</transform>
					</node>
				</node>
				<node>
					<identifier>RightUpLeg</identifier>
					<transform>
						<row0>0.992382 -0.038002 -0.117191</row0>
						<row1>-0.037937 -0.999276 0.002791</row1>
						<row2>-0.117212 0.001676 -0.993105</row2>
						<row3>-0.047269 0.089865 0.001330</row3>
					</transform>
					<node>
						<identifier>R_Skirt_Base</identifier>
						<transform>
							<row0>1.000000 0.000008 -0.000008</row0>
							<row1>-0.000007 1.000000 -0.000005</row1>
							<row2>0.000008 0.000005 1.000000</row2>
							<row3>0.000000 0.000000 0.000000</row3>
						</transform>
						<node>
							<identifier>R_Skirt</identifier>
							<transform>
								<row0>0.997386 0.002994 0.072194</row0>
								<row1>-0.003030 0.999995 0.000400</row1>
								<row2>-0.072192 -0.000618 0.997390</row2>
								<row3>-0.272518 0.000963 0.001114</row3>
							</transform>
							<node>
								<identifier>R_Skirt_BlendBone</identifier>
								<transform>
									<row0>0.040782 0.999156 -0.005028</row0>
									<row1>0.992391 -0.041090 -0.116070</row1>
									<row2>0.116178 0.000256 0.993228</row2>
									<row3>-0.612407 0.122294 0.093831</row3>
								</transform>
							</node>
						</node>
						<node>
							<identifier>R_Skirt_Base_BlendBone</identifier>
							<transform>
								<row0>0.038010 0.999276 -0.001671</row0>
								<row1>0.998301 -0.038046 -0.044139</row1>
								<row2>0.044170 -0.000010 0.999024</row2>
								<row3>-0.890469 0.121365 0.050537</row3>
							</transform>
						</node>
					</node>
					<node>
						<identifier>RightLeg</identifier>
						<transform>
							<row0>0.998798 0.005683 0.048693</row0>
							<row1>-0.005702 0.999984 0.000261</row1>
							<row2>-0.048691 -0.000539 0.998814</row2>
							<row3>-0.426944 -0.000002 0.000003</row3>
						</transform>
						<node>
							<identifier>RightFoot</identifier>
							<transform>
								<row0>0.540608 0.242052 -0.805701</row0>
								<row1>0.072216 0.940827 0.331103</row1>
								<row2>0.838170 -0.237181 0.491139</row2>
								<row3>-0.371105 0.000000 -0.000000</row3>
							</transform>
							<node>
								<identifier>RightToeBase</identifier>
								<transform>
									<row0>0.765889 -0.091598 -0.636415</row0>
									<row1>0.073244 0.995786 -0.055176</row1>
									<row2>0.638787 -0.004355 0.769371</row2>
									<row3>-0.148570 -0.000000 0.000000</row3>
								</transform>
								<node>
									<identifier>RightToe_End</identifier>
									<transform>
										<row0>0.000006 -1.000000 0.000000</row0>
										<row1>1.000000 0.000006 0.000003</row1>
										<row2>-0.000003 0.000000 1.000000</row2>
										<row3>-0.058959 -0.000000 -0.000000</row3>
									</transform>
									<node>
										<identifier>RightToe_End_BlendBone</identifier>
										<transform>
											<row0>-0.968604 0.248332 0.011747</row0>
											<row1>-0.000012 -0.047297 0.998881</row1>
											<row2>-0.248610 -0.967520 -0.045815</row2>
											<row3>-0.142878 0.144884 -0.006964</row3>
										</transform>
									</node>
								</node>
								<node>
									<identifier>RightToeBase_BlendBone</identifier>
									<transform>
										<row0>0.248327 0.968605 0.011748</row0>
										<row1>-0.047300 0.000012 0.998881</row1>
										<row2>-0.967521 0.248604 -0.045818</row2>
										<row3>0.085924 0.142878 -0.006963</row3>
									</transform>
								</node>
							</node>
							<node>
								<identifier>RightFoot_BlendBone</identifier>
								<transform>
									<row0>0.268640 0.941727 -0.202444</row0>
									<row1>0.601847 -0.000006 0.798612</row1>
									<row2>-0.752073 0.336379 0.566777</row2>
									<row3>-0.076744 0.134436 -0.067924</row3>
								</transform>
							</node>
						</node>
						<node>
							<identifier>RightLeg_BlendBone</identifier>
							<transform>
								<row0>0.043554 0.999043 -0.004063</row0>
								<row1>0.994735 -0.043743 -0.092682</row1>
								<row2>0.092771 0.000005 0.995688</row2>
								<row3>-0.459817 0.124015 0.072985</row3>
							</transform>
						</node>
					</node>
					<node>
						<identifier>RightUpLeg_BlendBone</identifier>
						<transform>
							<row0>0.038002 0.999276 -0.001676</row0>
							<row1>0.998301 -0.038039 -0.044147</row1>
							<row2>0.044178 -0.000004 0.999024</row2>
							<row3>-0.890470 0.121358 0.050544</row3>
						</transform>
					</node>
				</node>
				<node>
					<identifier>Spine</identifier>
					<transform>
						<row0>0.999415 0.002114 0.034140</row0>
						<row1>-0.002065 0.999997 -0.001469</row1>
						<row2>-0.034143 0.001398 0.999416</row2>
						<row3>0.085124 0.000000 -0.000000</row3>
					</transform>
					<node>
						<identifier>Spine1</identifier>
						<transform>
							<row0>1.000000 -0.000000 0.000000</row0>
							<row1>0.000000 1.000000 -0.000000</row1>
							<row2>0.000000 0.000000 1.000000</row2>
							<row3>0.099311 -0.000000 -0.000001</row3>
						</transform>
						<node>
							<identifier>Spine2</identifier>
							<transform>
								<row0>1.000000 0.000000 -0.000005</row0>
								<row1>0.000000 1.000000 -0.000000</row1>
								<row2>0.000005 -0.000000 1.000000</row2>
								<row3>0.113498 0.000000 -0.000002</row3>
							</transform>
							<node>
								<identifier>LeftShoulder</identifier>
								<transform>
									<row0>-0.404715 -0.914283 0.017103</row0>
									<row1>0.911899 -0.404913 -0.066978</row1>
									<row2>0.068162 -0.011510 0.997608</row2>
									<row3>0.116066 -0.050678 0.001303</row3>
								</transform>
								<node>
									<identifier>LeftArm</identifier>
									<transform>
										<row0>0.722573 -0.685024 0.092892</row0>
										<row1>0.687388 0.726240 0.008654</row1>
										<row2>-0.073390 0.057600 0.995639</row2>
										<row3>0.103877 -0.000001 0.000000</row3>
									</transform>
									<node>
										<identifier>LeftForeArm</identifier>
										<transform>
											<row0>0.958076 -0.008361 -0.286391</row0>
											<row1>0.008511 0.999964 -0.000719</row1>
											<row2>0.286386 -0.001749 0.958113</row2>
											<row3>0.240260 -0.000001 -0.000000</row3>
										</transform>
										<node>
											<identifier>LeftHand</identifier>
											<transform>
												<row0>0.997822 0.034252 -0.056379</row0>
												<row1>-0.039705 0.994330 -0.098642</row1>
												<row2>0.052681 0.100665 0.993525</row2>
												<row3>0.243486 0.000000 0.000000</row3>
											</transform>
											<node>
												<identifier>LeftHandThumb1</identifier>
												<transform>
													<row0>0.771302 -0.534693 -0.345249</row0>
													<row1>0.535557 0.838332 -0.101880</row1>
													<row2>0.343907 -0.106320 0.932965</row2>
													<row3>0.029162 -0.023508 -0.016217</row3>
												</transform>
												<node>
													<identifier>LeftHandThumb2</identifier>
													<transform>
														<row0>0.987112 -0.003790 0.159985</row0>
														<row1>0.018890 0.995490 -0.092965</row1>
														<row2>-0.158911 0.094789 0.982732</row2>
														<row3>0.031766 0.000000 -0.000000</row3>
													</transform>
													<node>
														<identifier>LeftHandThumb3</identifier>
														<transform>
															<row0>0.974524 0.002483 0.224271</row0>
															<row1>-0.002313 0.999997 -0.001021</row1>
															<row2>-0.224273 0.000476 0.974526</row2>
															<row3>0.029762 -0.000000 0.000000</row3>
														</transform>
														<node>
															<identifier>LeftHandThumb4</identifier>
															<transform>
																<row0>1.000000 0.000000 0.000000</row0>
																<row1>0.000000 1.000000 0.000000</row1>
																<row2>0.000000 -0.000000 1.000000</row2>
																<row3>0.023422 -0.000000 0.000000</row3>
															</transform>
															<node>
																<identifier>LeftHandThumb4_BlendBone</identifier>
																<transform>
																	<row0>-0.119422 0.917800 0.378658</row0>
																	<row1>-0.976029 -0.038632 -0.214184</row1>
																	<row2>0.181950 0.395160 -0.900413</row2>
																	<row3>0.774889 -0.265333 0.090168</row3>
																</transform>
															</node>
														</node>
														<node>
															<identifier>LeftHandThumb3_BlendBone</identifier>
															<transform>
																<row0>-0.119422 0.917800 0.378658</row0>
																<row1>-0.976029 -0.038632 -0.214184</row1>
																<row2>0.181950 0.395160 -0.900413</row2>
																<row3>0.798312 -0.265333 0.090168</row3>
															</transform>
														</node>
													</node>
													<node>
														<identifier>LeftHandThumb2_BlendBone</identifier>
														<transform>
															<row0>-0.203425 0.917680 0.341293</row0>
															<row1>-0.903038 -0.041157 -0.427584</row1>
															<row2>0.378338 0.395182 -0.837073</row2>
															<row3>0.788127 -0.263307 0.267180</row3>
														</transform>
													</node>
												</node>
												<node>
													<identifier>LeftHandThumb1_BlendBone</identifier>
													<transform>
														<row0>-0.237704 0.946664 0.217543</row0>
														<row1>-0.824230 -0.078079 -0.560846</row1>
														<row2>0.513947 0.312621 -0.798828</row2>
														<row3>0.762304 -0.239781 0.413132</row3>
													</transform>
												</node>
											</node>
											<node>
												<identifier>LeftHandThumb5</identifier>
												<transform>
													<row0>0.903930 -0.367673 0.218467</row0>
													<row1>-0.112273 0.288900 0.950753</row1>
													<row2>-0.412681 -0.883942 0.219866</row2>
													<row3>0.083507 -0.000001 0.000000</row3>
												</transform>
												<node>
													<identifier>LeftHandThumb6</identifier>
													<transform>
														<row0>0.874458 0.053959 0.482090</row0>
														<row1>0.018174 0.989453 -0.143712</row1>
														<row2>-0.484760 0.134431 0.864255</row2>
														<row3>0.042010 0.000000 0.000000</row3>
													</transform>
													<node>
														<identifier>LeftHandThumb7</identifier>
														<transform>
															<row0>1.000000 -0.000000 0.000000</row0>
															<row1>0.000000 1.000000 -0.000000</row1>
															<row2>-0.000000 0.000000 1.000000</row2>
															<row3>0.030843 0.000000 -0.000000</row3>
														</transform>
														<node>
															<identifier>LeftHandThumb7_BlendBone</identifier>
															<transform>
																<row0>-0.358125 0.522709 -0.773642</row0>
																<row1>-0.908318 -0.003255 0.418268</row1>
																<row2>-0.216114 -0.852505 -0.475952</row2>
																<row3>0.793179 -0.175598 -0.025539</row3>
															</transform>
														</node>
													</node>
													<node>
														<identifier>LeftHandThumb6_BlendBone</identifier>
														<transform>
															<row0>-0.358125 0.522709 -0.773642</row0>
															<row1>-0.908318 -0.003255 0.418268</row1>
															<row2>-0.216114 -0.852505 -0.475952</row2>
															<row3>0.824022 -0.175598 -0.025539</row3>
														</transform>
													</node>
												</node>
												<node>
													<identifier>LeftHandThumb5_BlendBone</identifier>
													<transform>
														<row0>0.071365 0.393870 -0.916391</row0>
														<row1>-0.997105 0.003996 -0.075933</row1>
														<row2>0.026246 -0.919157 -0.393015</row2>
														<row3>0.771772 -0.132715 0.400416</row3>
													</transform>
												</node>
											</node>
											<node>
												<identifier>LeftHand_BlendBone</identifier>
												<transform>
													<row0>0.398465 0.897587 0.188581</row0>
													<row1>-0.870425 0.434883 -0.230731</row1>
													<row2>0.289112 0.072208 -0.954568</row2>
													<row3>0.630792 -0.676047 0.130465</row3>
												</transform>
											</node>
										</node>
										<node>
											<identifier>LeftForeArm_BlendBone</identifier>
											<transform>
												<row0>0.371892 0.925130 0.076356</row0>
												<row1>-0.897952 0.379377 -0.223060</row1>
												<row2>0.235327 -0.014391 -0.971810</row2>
												<row3>0.906620 -0.637475 0.160743</row3>
											</transform>
										</node>
									</node>
									<node>
										<identifier>LeftArm_BlendBone</identifier>
										<transform>
											<row0>0.386043 0.921854 -0.034015</row0>
											<row1>-0.920959 0.387261 0.043175</row1>
											<row2>-0.052974 -0.014658 -0.998488</row2>
											<row3>1.149480 -0.645314 -0.105179</row3>
										</transform>
									</node>
								</node>
								<node>
									<identifier>LeftShoulder_BlendBone</identifier>
									<transform>
										<row0>0.915112 0.403077 0.009972</row0>
										<row1>-0.402430 0.914611 -0.039211</row1>
										<row2>0.024926 -0.031870 -0.999181</row2>
										<row3>0.498599 -1.262134 -0.003527</row3>
									</transform>
								</node>
							</node>
							<node>
								<identifier>Neck</identifier>
								<transform>
									<row0>0.876096 -0.000000 -0.482136</row0>
									<row1>0.000000 1.000000 0.000000</row1>
									<row2>0.482136 -0.000000 0.876097</row2>
									<row3>0.127685 -0.000000 -0.000001</row3>
								</transform>
								<node>
									<identifier>Head</identifier>
									<transform>
										<row0>-0.000000 -1.000000 -0.000003</row0>
										<row1>0.909062 -0.000002 0.416662</row1>
										<row2>-0.416662 -0.000003 0.909062</row2>
										<row3>0.103514 0.000000 0.000000</row3>
									</transform>
									<node>
										<identifier>Head_BlendBone</identifier>
										<transform>
											<row0>0.999997 -0.002004 -0.001546</row0>
											<row1>0.001950 0.999415 -0.034138</row1>
											<row2>-0.001613 -0.034135 -0.999416</row2>
											<row3>-0.004554 -1.461678 0.033770</row3>
										</transform>
									</node>
								</node>
								<node>
									<identifier>Neck_BlendBone</identifier>
									<transform>
										<row0>-0.001178 -0.999997 -0.002244</row0>
										<row1>0.922754 -0.001952 0.385384</row1>
										<row2>0.385388 0.001617 -0.922754</row2>
										<row3>-1.239312 0.004557 -0.578326</row3>
									</transform>
								</node>
							</node>
							<node>
								<identifier>RightShoulder</identifier>
								<transform>
									<row0>0.404715 -0.914283 -0.017112</row0>
									<row1>-0.911899 -0.404914 0.066974</row1>
									<row2>-0.068162 -0.011501 -0.997608</row2>
									<row3>0.116066 0.050678 0.001303</row3>
								</transform>
								<node>
									<identifier>RightArm</identifier>
									<transform>
										<row0>0.722573 -0.685026 0.092892</row0>
										<row1>0.687388 0.726238 0.008654</row1>
										<row2>-0.073390 0.057600 0.995639</row2>
										<row3>-0.103878 0.000002 -0.000000</row3>
									</transform>
									<node>
										<identifier>RightForeArm</identifier>
										<transform>
											<row0>0.958076 -0.008361 -0.286391</row0>
											<row1>0.008511 0.999964 -0.000719</row1>
											<row2>0.286386 -0.001749 0.958113</row2>
											<row3>-0.240258 0.000000 -0.000000</row3>
										</transform>
										<node>
											<identifier>RightHand</identifier>
											<transform>
												<row0>0.997822 0.034252 -0.056379</row0>
												<row1>-0.039705 0.994330 -0.098642</row1>
												<row2>0.052681 0.100665 0.993525</row2>
												<row3>-0.243487 0.000000 0.000000</row3>
											</transform>
											<node>
												<identifier>RightHandThumb1</identifier>
												<transform>
													<row0>0.771302 -0.534693 -0.345249</row0>
													<row1>0.535556 0.838332 -0.101880</row1>
													<row2>0.343907 -0.106320 0.932965</row2>
													<row3>-0.029162 0.023508 0.016217</row3>
												</transform>
												<node>
													<identifier>RightHandThumb2</identifier>
													<transform>
														<row0>0.987112 -0.003790 0.159984</row0>
														<row1>0.018889 0.995490 -0.092965</row1>
														<row2>-0.158911 0.094789 0.982732</row2>
														<row3>-0.031766 -0.000000 0.000000</row3>
													</transform>
													<node>
														<identifier>RightHandThumb3</identifier>
														<transform>
															<row0>0.974524 0.002483 0.224271</row0>
															<row1>-0.002313 0.999997 -0.001020</row1>
															<row2>-0.224273 0.000476 0.974526</row2>
															<row3>-0.029762 0.000000 -0.000000</row3>
														</transform>
														<node>
															<identifier>RightHandThumb4</identifier>
															<transform>
																<row0>1.000000 0.000000 -0.000000</row0>
																<row1>0.000000 1.000000 -0.000000</row1>
																<row2>0.000000 -0.000000 1.000000</row2>
																<row3>-0.023422 -0.000000 -0.000000</row3>
															</transform>
															<node>
																<identifier>RightHandThumb4_BlendBone</identifier>
																<transform>
																	<row0>-0.123818 0.916363 0.380720</row0>
																	<row1>0.975554 0.042213 0.215667</row1>
																	<row2>-0.181558 -0.398116 0.899189</row2>
																	<row3>-0.773781 0.256975 -0.093628</row3>
																</transform>
															</node>
														</node>
														<node>
															<identifier>RightHandThumb3_BlendBone</identifier>
															<transform>
																<row0>-0.123818 0.916363 0.380720</row0>
																<row1>0.975554 0.042213 0.215667</row1>
																<row2>-0.181558 -0.398116 0.899189</row2>
																<row3>-0.797203 0.256975 -0.093628</row3>
															</transform>
														</node>
													</node>
													<node>
														<identifier>RightHandThumb2_BlendBone</identifier>
														<transform>
															<row0>-0.208169 0.916234 0.342318</row0>
															<row1>0.902235 0.044738 0.428918</row1>
															<row2>-0.377675 -0.398138 0.835971</row2>
															<row3>-0.786251 0.254950 -0.270295</row3>
														</transform>
													</node>
												</node>
												<node>
													<identifier>RightHandThumb1_BlendBone</identifier>
													<transform>
														<row0>-0.242576 0.945339 0.217925</row0>
														<row1>0.823292 0.081773 0.561697</row1>
														<row2>-0.513173 -0.315670 0.798126</row2>
														<row3>-0.760116 0.231159 -0.415117</row3>
													</transform>
												</node>
											</node>
											<node>
												<identifier>RightHandThumb5</identifier>
												<transform>
													<row0>0.903930 -0.367673 0.218467</row0>
													<row1>-0.112273 0.288900 0.950753</row1>
													<row2>-0.412681 -0.883942 0.219866</row2>
													<row3>-0.083508 0.000001 -0.000000</row3>
												</transform>
												<node>
													<identifier>RightHandThumb6</identifier>
													<transform>
														<row0>0.874458 0.053959 0.482090</row0>
														<row1>0.018174 0.989453 -0.143712</row1>
														<row2>-0.484760 0.134431 0.864255</row2>
														<row3>-0.042009 -0.000000 -0.000000</row3>
													</transform>
													<node>
														<identifier>RightHandThumb7</identifier>
														<transform>
															<row0>1.000000 -0.000000 -0.000000</row0>
															<row1>-0.000000 1.000000 0.000000</row1>
															<row2>-0.000000 0.000000 1.000000</row2>
															<row3>-0.030843 -0.000000 0.000000</row3>
														</transform>
														<node>
															<identifier>RightHandThumb7_BlendBone</identifier>
															<transform>
																<row0>-0.360971 0.525438 -0.770464</row0>
																<row1>0.906914 0.005302 -0.421283</row1>
																<row2>0.217274 0.850815 0.478441</row2>
																<row3>-0.789903 0.170822 0.032576</row3>
															</transform>
														</node>
													</node>
													<node>
														<identifier>RightHandThumb6_BlendBone</identifier>
														<transform>
															<row0>-0.360971 0.525438 -0.770464</row0>
															<row1>0.906914 0.005302 -0.421283</row1>
															<row2>0.217274 0.850815 0.478441</row2>
															<row3>-0.820746 0.170821 0.032576</row3>
														</transform>
													</node>
												</node>
												<node>
													<identifier>RightHandThumb5_BlendBone</identifier>
													<transform>
														<row0>0.067385 0.396844 -0.915409</row0>
														<row1>0.997376 -0.002452 0.072356</row1>
														<row2>-0.026470 0.917883 0.395968</row2>
														<row3>-0.772405 0.129112 -0.392069</row3>
													</transform>
												</node>
											</node>
											<node>
												<identifier>RightHand_BlendBone</identifier>
												<transform>
													<row0>0.394129 0.899041 0.190755</row0>
													<row1>0.871973 -0.431375 0.231471</row1>
													<row2>-0.290389 -0.075104 0.953957</row2>
													<row3>-0.634403 0.667860 -0.132194</row3>
												</transform>
											</node>
										</node>
										<node>
											<identifier>RightForeArm_BlendBone</identifier>
											<transform>
												<row0>0.367622 0.926646 0.078616</row0>
												<row1>0.899396 -0.375761 0.223363</row1>
												<row2>-0.236519 0.011406 0.971560</row2>
												<row3>-0.909991 0.629036 -0.161449</row3>
											</transform>
										</node>
									</node>
									<node>
										<identifier>RightArm_BlendBone</identifier>
										<transform>
											<row0>0.382612 0.923401 -0.030627</row0>
											<row1>0.922460 -0.383658 -0.043302</row1>
											<row2>0.051735 0.011684 0.998593</row2>
											<row3>-1.152982 0.636904 0.105474</row3>
										</transform>
									</node>
								</node>
								<node>
									<identifier>RightShoulder_BlendBone</identifier>
									<transform>
										<row0>0.913448 0.406747 0.013040</row0>
										<row1>0.406000 -0.913030 0.039256</row1>
										<row2>-0.027873 0.030564 0.999144</row2>
										<row3>-0.506932 1.258443 0.003422</row3>
									</transform>
								</node>
							</node>
							<node>
								<identifier>Spine2_BlendBone</identifier>
								<transform>
									<row0>-0.002114 -0.999997 -0.001398</row0>
									<row1>0.994229 -0.001952 -0.107259</row1>
									<row2>-0.107256 0.001617 -0.994230</row2>
									<row3>-1.236903 0.004557 0.090847</row3>
								</transform>
							</node>
						</node>
						<node>
							<identifier>Spine1_BlendBone</identifier>
							<transform>
								<row0>-0.002114 -0.999997 -0.001398</row0>
								<row1>0.994229 -0.001952 -0.107264</row1>
								<row2>-0.107261 0.001617 -0.994230</row2>
								<row3>-1.123405 0.004557 0.090851</row3>
							</transform>
						</node>
					</node>
					<node>
						<identifier>Spine_BlendBone</identifier>
						<transform>
							<row0>-0.002114 -0.999997 -0.001398</row0>
							<row1>0.994229 -0.001952 -0.107264</row1>
							<row2>-0.107261 0.001617 -0.994230</row2>
							<row3>-1.024094 0.004557 0.090850</row3>
						</transform>
					</node>
				</node>
				<node>
					<identifier>Hips_BlendBone</identifier>
					<transform>
						<row0>0.000000 -1.000000 -0.000000</row0>
						<row1>0.997313 0.000000 -0.073256</row1>
						<row2>-0.073256 -0.000000 -0.997313</row2>
						<row3>-0.941483 0.002519 0.055828</row3>
					</transform>
				</node>
			</node>
			<node>
				<identifier>Root_BlendBone</identifier>
				<transform>
					<row0>1.000000 0.000000 0.000000</row0>
					<row1>0.000000 1.000000 0.000000</row1>
					<row2>0.000000 0.000000 -1.000000</row2>
					<row3>0.010187 0.000000 0.000000</row3>
				</transform>
			</node>
		</node>
	</node>
	<renderSet>
		<treatAsWorldSpaceObject>true</treatAsWorldSpaceObject>
		<node>Head_BlendBone</node>
		<node>Neck_BlendBone</node>
		<node>Spine2_BlendBone</node>
		<node>LeftShoulder_BlendBone</node>
		<node>RightShoulder_BlendBone</node>
		<geometry>
			<vertices>s5Shape.vertices</vertices>
			<primitive>s5Shape.indices</primitive>
			<primitiveGroup>
				0
				<material>
					<identifier>s_nd10_skinned</identifier>
					<fx>shaders/std_effects/PBS_ext_skinned.fx</fx>
					<collisionFlags>255</collisionFlags>
					<materialKind>101</materialKind>
					<property>
						diffuseMap
						<Texture>content/Hangars/CharacterAnimations/Civil_Woman/Woman_skin_asia_11_AM.dds</Texture>
					</property>
					<property>
						dynamicObject
						<Bool>true</Bool>
					</property>
					<property>
						g_enableAO
						<Bool>true</Bool>
					</property>
					<property>
						metallicGlossMap
						<Texture>content/Hangars/CharacterAnimations/Civil_Woman/Woman_skin_asia_11_GMM.dds</Texture>
					</property>
					<property>
						normalMap
						<Texture>content/Hangars/CharacterAnimations/Civil_Woman/Woman_skin_asia_11_ANM.dds</Texture>
					</property>
				</material>
				<groupOrigin>-0.000006 1.501006 0.018267</groupOrigin>
			</primitiveGroup>
		</geometry>
	</renderSet>
	<renderSet>
		<treatAsWorldSpaceObject>true</treatAsWorldSpaceObject>
		<node>LeftHandThumb5_BlendBone</node>
		<node>LeftHandThumb7_BlendBone</node>
		<node>LeftHandThumb3_BlendBone</node>
		<node>LeftHand_BlendBone</node>
		<node>LeftHandThumb6_BlendBone</node>
		<node>LeftHandThumb2_BlendBone</node>
		<node>LeftHandThumb1_BlendBone</node>
		<node>LeftForeArm_BlendBone</node>
		<node>LeftHandThumb4_BlendBone</node>
		<node>LeftArm_BlendBone</node>
		<node>LeftFoot_BlendBone</node>
		<node>LeftLeg_BlendBone</node>
		<node>LeftUpLeg_BlendBone</node>
		<node>L_Skirt_BlendBone</node>
		<geometry>
			<vertices>s4Shape.vertices</vertices>
			<primitive>s4Shape.indices</primitive>
			<primitiveGroup>
				0
				<material>
					<identifier>s_nd10_skinned</identifier>
					<fx>shaders/std_effects/PBS_ext_skinned.fx</fx>
					<collisionFlags>255</collisionFlags>
					<materialKind>101</materialKind>
					<property>
						diffuseMap
						<Texture>content/Hangars/CharacterAnimations/Civil_Woman/Woman_skin_asia_11_AM.dds</Texture>
					</property>
					<property>
						dynamicObject
						<Bool>true</Bool>
					</property>
					<property>
						g_enableAO
						<Bool>true</Bool>
					</property>
					<property>
						metallicGlossMap
						<Texture>content/Hangars/CharacterAnimations/Civil_Woman/Woman_skin_asia_11_GMM.dds</Texture>
					</property>
					<property>
						normalMap
						<Texture>content/Hangars/CharacterAnimations/Civil_Woman/Woman_skin_asia_11_ANM.dds</Texture>
					</property>
				</material>
				<groupOrigin>0.191972 0.660919 -0.029704</groupOrigin>
			</primitiveGroup>
		</geometry>
	</renderSet>
	<renderSet>
		<treatAsWorldSpaceObject>true</treatAsWorldSpaceObject>
		<node>RightHandThumb5_BlendBone</node>
		<node>RightHand_BlendBone</node>
		<node>RightHandThumb6_BlendBone</node>
		<node>RightHandThumb3_BlendBone</node>
		<node>RightHandThumb4_BlendBone</node>
		<node>RightHandThumb2_BlendBone</node>
		<node>RightHandThumb7_BlendBone</node>
		<node>RightHandThumb1_BlendBone</node>
		<node>RightForeArm_BlendBone</node>
		<node>RightArm_BlendBone</node>
		<node>RightFoot_BlendBone</node>
		<node>RightLeg_BlendBone</node>
		<node>RightUpLeg_BlendBone</node>
		<node>R_Skirt_BlendBone</node>
		<geometry>
			<vertices>s3Shape3.vertices</vertices>
			<primitive>s3Shape3.indices</primitive>
			<primitiveGroup>
				0
				<material>
					<identifier>s_nd10_skinned</identifier>
					<fx>shaders/std_effects/PBS_ext_skinned.fx</fx>
					<collisionFlags>255</collisionFlags>
					<materialKind>101</materialKind>
					<property>
						diffuseMap
						<Texture>content/Hangars/CharacterAnimations/Civil_Woman/Woman_skin_asia_11_AM.dds</Texture>
					</property>
					<property>
						dynamicObject
						<Bool>true</Bool>
					</property>
					<property>
						g_enableAO
						<Bool>true</Bool>
					</property>
					<property>
						metallicGlossMap
						<Texture>content/Hangars/CharacterAnimations/Civil_Woman/Woman_skin_asia_11_GMM.dds</Texture>
					</property>
					<property>
						normalMap
						<Texture>content/Hangars/CharacterAnimations/Civil_Woman/Woman_skin_asia_11_ANM.dds</Texture>
					</property>
				</material>
				<groupOrigin>-0.191972 0.659208 -0.029704</groupOrigin>
			</primitiveGroup>
		</geometry>
	</renderSet>
	<renderSet>
		<treatAsWorldSpaceObject>true</treatAsWorldSpaceObject>
		<node>LeftToeBase_BlendBone</node>
		<node>LeftFoot_BlendBone</node>
		<node>LeftLeg_BlendBone</node>
		<geometry>
			<vertices>s2Shape.vertices</vertices>
			<primitive>s2Shape.indices</primitive>
			<primitiveGroup>
				0
				<material>
					<identifier>s_nd9_skinned</identifier>
					<fx>shaders/std_effects/PBS_ext_skinned.fx</fx>
					<collisionFlags>255</collisionFlags>
					<materialKind>101</materialKind>
					<property>
						diffuseMap
						<Texture>content/Hangars/CharacterAnimations/Civil_Woman/Woman_cloths_asia_11_AM.dds</Texture>
					</property>
					<property>
						dynamicObject
						<Bool>true</Bool>
					</property>
					<property>
						g_enableAO
						<Bool>true</Bool>
					</property>
					<property>
						g_tintColor
						<Vector4>0.101961 0.392157 0.666667 1.000000</Vector4>
					</property>
					<property>
						g_useTintColor
						<Bool>true</Bool>
					</property>
					<property>
						metallicGlossMap
						<Texture>content/Hangars/CharacterAnimations/Civil_Woman/Civil_Woman_cloth_11_GMM.dds</Texture>
					</property>
					<property>
						normalMap
						<Texture>content/Hangars/CharacterAnimations/Civil_Woman/Civil_Woman_cloth_11_ANM.dds</Texture>
					</property>
				</material>
				<groupOrigin>0.147609 0.041236 0.000450</groupOrigin>
			</primitiveGroup>
		</geometry>
	</renderSet>
	<renderSet>
		<treatAsWorldSpaceObject>true</treatAsWorldSpaceObject>
		<node>RightToeBase_BlendBone</node>
		<node>RightFoot_BlendBone</node>
		<node>RightLeg_BlendBone</node>
		<geometry>
			<vertices>s1Shape.vertices</vertices>
			<primitive>s1Shape.indices</primitive>
			<primitiveGroup>
				0
				<material>
					<identifier>s_nd9_skinned</identifier>
					<fx>shaders/std_effects/PBS_ext_skinned.fx</fx>
					<collisionFlags>255</collisionFlags>
					<materialKind>101</materialKind>
					<property>
						diffuseMap
						<Texture>content/Hangars/CharacterAnimations/Civil_Woman/Woman_cloths_asia_11_AM.dds</Texture>
					</property>
					<property>
						dynamicObject
						<Bool>true</Bool>
					</property>
					<property>
						g_enableAO
						<Bool>true</Bool>
					</property>
					<property>
						g_tintColor
						<Vector4>0.101961 0.392157 0.666667 1.000000</Vector4>
					</property>
					<property>
						g_useTintColor
						<Bool>true</Bool>
					</property>
					<property>
						metallicGlossMap
						<Texture>content/Hangars/CharacterAnimations/Civil_Woman/Civil_Woman_cloth_11_GMM.dds</Texture>
					</property>
					<property>
						normalMap
						<Texture>content/Hangars/CharacterAnimations/Civil_Woman/Civil_Woman_cloth_11_ANM.dds</Texture>
					</property>
				</material>
				<groupOrigin>-0.147609 0.041236 0.000450</groupOrigin>
			</primitiveGroup>
		</geometry>
	</renderSet>
	<renderSet>
		<treatAsWorldSpaceObject>true</treatAsWorldSpaceObject>
		<node>Hips_BlendBone</node>
		<node>Spine_BlendBone</node>
		<node>L_Skirt_BlendBone</node>
		<node>Spine2_BlendBone</node>
		<node>Spine1_BlendBone</node>
		<node>LeftShoulder_BlendBone</node>
		<node>RightArm_BlendBone</node>
		<node>RightShoulder_BlendBone</node>
		<node>LeftArm_BlendBone</node>
		<node>R_Skirt_BlendBone</node>
		<node>Neck_BlendBone</node>
		<geometry>
			<vertices>s0Shape.vertices</vertices>
			<primitive>s0Shape.indices</primitive>
			<primitiveGroup>
				0
				<material>
					<identifier>s_nd9_skinned</identifier>
					<fx>shaders/std_effects/PBS_ext_skinned.fx</fx>
					<collisionFlags>255</collisionFlags>
					<materialKind>101</materialKind>
					<property>
						diffuseMap
						<Texture>content/Hangars/CharacterAnimations/Civil_Woman/Woman_cloths_asia_11_AM.dds</Texture>
					</property>
					<property>
						dynamicObject
						<Bool>true</Bool>
					</property>
					<property>
						g_enableAO
						<Bool>true</Bool>
					</property>
					<property>
						g_tintColor
						<Vector4>0.101961 0.392157 0.666667 1.000000</Vector4>
					</property>
					<property>
						g_useTintColor
						<Bool>true</Bool>
					</property>
					<property>
						metallicGlossMap
						<Texture>content/Hangars/CharacterAnimations/Civil_Woman/Civil_Woman_cloth_11_GMM.dds</Texture>
					</property>
					<property>
						normalMap
						<Texture>content/Hangars/CharacterAnimations/Civil_Woman/Civil_Woman_cloth_11_ANM.dds</Texture>
					</property>
				</material>
				<groupOrigin>0.000653 0.988089 -0.003281</groupOrigin>
			</primitiveGroup>
		</geometry>
	</renderSet>
	<constraints/>
	<boundingBox>
		<min>-1.371768 -0.000372 -1.189228</min>
		<max>1.371768 1.677399 1.195790</max>
	</boundingBox>
	<geometrySize>323736</geometrySize>
	<minUVDensity>0.108414</minUVDensity>
</root>
