<?xml version="1.0" encoding="utf-8"?>
<root>
	<node>
		<identifier>Scene Root</identifier>
		<transform>
			<row0>1.000000 0.000000 0.000000</row0>
			<row1>0.000000 1.000000 0.000000</row1>
			<row2>0.000000 0.000000 1.000000</row2>
			<row3>0.000000 0.000000 0.000000</row3>
		</transform>
		<node>
			<identifier>Root</identifier>
			<transform>
				<row0>1.000000 0.000000 0.000000</row0>
				<row1>0.000000 1.000000 0.000000</row1>
				<row2>0.000000 0.000000 1.000000</row2>
				<row3>-0.010187 0.000000 0.000000</row3>
			</transform>
			<node>
				<identifier>Hips</identifier>
				<transform>
					<row0>0.000000 0.997313 0.073256</row0>
					<row1>-1.000000 0.000000 -0.000000</row1>
					<row2>-0.000000 -0.073256 0.997313</row2>
					<row3>0.012705 0.943043 0.013291</row3>
				</transform>
				<node>
					<identifier>LeftUpLeg</identifier>
					<transform>
						<row0>-0.992382 -0.038002 0.117191</row0>
						<row1>0.037937 -0.999276 -0.002791</row1>
						<row2>0.117212 0.001676 0.993106</row2>
						<row3>-0.047268 -0.089865 0.001330</row3>
					</transform>
					<node>
						<identifier>L_Skirt_Base</identifier>
						<transform>
							<row0>1.000000 -0.000000 0.000000</row0>
							<row1>-0.000000 1.000000 -0.000000</row1>
							<row2>0.000000 0.000000 1.000000</row2>
							<row3>-0.000000 0.000000 0.000000</row3>
						</transform>
						<node>
							<identifier>L_Skirt</identifier>
							<transform>
								<row0>0.997386 0.003012 0.072194</row0>
								<row1>-0.003047 0.999995 0.000383</row1>
								<row2>-0.072192 -0.000602 0.997391</row2>
								<row3>0.270603 -0.000191 0.000355</row3>
							</transform>
							<node>
								<identifier>L_Skirt_BlendBone</identifier>
								<transform>
									<row0>0.040791 0.999155 -0.005017</row0>
									<row1>-0.992389 0.041098 0.116078</row1>
									<row2>-0.116186 -0.000244 -0.993227</row2>
									<row3>0.614001 -0.128108 -0.095417</row3>
								</transform>
							</node>
						</node>
					</node>
					<node>
						<identifier>LeftLeg</identifier>
						<transform>
							<row0>0.998798 0.005683 0.048693</row0>
							<row1>-0.005702 0.999984 0.000261</row1>
							<row2>-0.048691 -0.000539 0.998814</row2>
							<row3>0.426945 0.000002 -0.000003</row3>
						</transform>
						<node>
							<identifier>LeftFoot</identifier>
							<transform>
								<row0>0.540608 0.242052 -0.805701</row0>
								<row1>0.072216 0.940827 0.331103</row1>
								<row2>0.838169 -0.237181 0.491139</row2>
								<row3>0.371105 0.000000 -0.000000</row3>
							</transform>
							<node>
								<identifier>LeftToeBase</identifier>
								<transform>
									<row0>0.765889 -0.091598 -0.636415</row0>
									<row1>0.073244 0.995787 -0.055176</row1>
									<row2>0.638787 -0.004355 0.769371</row2>
									<row3>0.148570 -0.000000 0.000000</row3>
								</transform>
								<node>
									<identifier>LeftToe_End</identifier>
									<transform>
										<row0>0.000006 -1.000000 0.000000</row0>
										<row1>1.000000 0.000006 0.000003</row1>
										<row2>-0.000003 0.000000 1.000000</row2>
										<row3>0.058959 0.000000 0.000000</row3>
									</transform>
									<node>
										<identifier>LeftToe_End_BlendBone</identifier>
										<transform>
											<row0>-0.968604 0.248332 0.011747</row0>
											<row1>0.000012 0.047297 -0.998881</row1>
											<row2>0.248610 0.967520 0.045815</row2>
											<row3>0.147757 -0.146134 0.006905</row3>
										</transform>
									</node>
								</node>
								<node>
									<identifier>LeftToeBase_BlendBone</identifier>
									<transform>
										<row0>0.248327 0.968605 0.011748</row0>
										<row1>0.047300 -0.000012 -0.998881</row1>
										<row2>0.967521 -0.248604 0.045818</row2>
										<row3>-0.087175 -0.147757 0.006904</row3>
									</transform>
								</node>
							</node>
							<node>
								<identifier>LeftFoot_BlendBone</identifier>
								<transform>
									<row0>0.268640 0.941727 -0.202444</row0>
									<row1>-0.601847 0.000006 -0.798612</row1>
									<row2>0.752073 -0.336379 -0.566777</row2>
									<row3>0.075392 -0.139179 0.068944</row3>
								</transform>
							</node>
						</node>
						<node>
							<identifier>LeftLeg_BlendBone</identifier>
							<transform>
								<row0>0.043554 0.999043 -0.004063</row0>
								<row1>-0.994735 0.043743 0.092682</row1>
								<row2>-0.092771 -0.000005 -0.995688</row2>
								<row3>0.459598 -0.129047 -0.072965</row3>
							</transform>
						</node>
					</node>
					<node>
						<identifier>LeftUpLeg_BlendBone</identifier>
						<transform>
							<row0>0.038002 0.999276 -0.001676</row0>
							<row1>-0.998301 0.038039 0.044147</row1>
							<row2>-0.044178 0.000004 -0.999024</row2>
							<row3>0.890279 -0.126392 -0.050536</row3>
						</transform>
					</node>
				</node>
				<node>
					<identifier>RightUpLeg</identifier>
					<transform>
						<row0>0.992382 -0.038002 -0.117191</row0>
						<row1>-0.037937 -0.999276 0.002791</row1>
						<row2>-0.117212 0.001676 -0.993106</row2>
						<row3>-0.047269 0.089865 0.001330</row3>
					</transform>
					<node>
						<identifier>R_Skirt_Base</identifier>
						<transform>
							<row0>1.000000 0.000008 -0.000008</row0>
							<row1>-0.000008 1.000000 -0.000005</row1>
							<row2>0.000008 0.000005 1.000000</row2>
							<row3>0.000000 0.000000 0.000000</row3>
						</transform>
						<node>
							<identifier>R_Skirt</identifier>
							<transform>
								<row0>0.997386 0.002994 0.072194</row0>
								<row1>-0.003031 0.999995 0.000400</row1>
								<row2>-0.072192 -0.000618 0.997391</row2>
								<row3>-0.272518 0.000963 0.001114</row3>
							</transform>
							<node>
								<identifier>R_Skirt_BlendBone</identifier>
								<transform>
									<row0>0.040782 0.999156 -0.005028</row0>
									<row1>0.992391 -0.041090 -0.116070</row1>
									<row2>0.116178 0.000256 0.993228</row2>
									<row3>-0.612407 0.122294 0.093831</row3>
								</transform>
							</node>
						</node>
						<node>
							<identifier>R_Skirt_Base_BlendBone</identifier>
							<transform>
								<row0>0.038010 0.999276 -0.001671</row0>
								<row1>0.998301 -0.038046 -0.044139</row1>
								<row2>0.044170 -0.000010 0.999024</row2>
								<row3>-0.890469 0.121365 0.050537</row3>
							</transform>
						</node>
					</node>
					<node>
						<identifier>RightLeg</identifier>
						<transform>
							<row0>0.998798 0.005683 0.048693</row0>
							<row1>-0.005702 0.999984 0.000261</row1>
							<row2>-0.048691 -0.000539 0.998814</row2>
							<row3>-0.426944 -0.000002 0.000003</row3>
						</transform>
						<node>
							<identifier>RightFoot</identifier>
							<transform>
								<row0>0.540608 0.242052 -0.805701</row0>
								<row1>0.072216 0.940827 0.331103</row1>
								<row2>0.838169 -0.237181 0.491139</row2>
								<row3>-0.371105 0.000000 -0.000000</row3>
							</transform>
							<node>
								<identifier>RightToeBase</identifier>
								<transform>
									<row0>0.765889 -0.091598 -0.636415</row0>
									<row1>0.073244 0.995787 -0.055176</row1>
									<row2>0.638787 -0.004355 0.769371</row2>
									<row3>-0.148570 -0.000000 0.000000</row3>
								</transform>
								<node>
									<identifier>RightToe_End</identifier>
									<transform>
										<row0>0.000006 -1.000000 0.000000</row0>
										<row1>1.000000 0.000006 0.000003</row1>
										<row2>-0.000003 0.000000 1.000000</row2>
										<row3>-0.058959 -0.000000 -0.000000</row3>
									</transform>
									<node>
										<identifier>RightToe_End_BlendBone</identifier>
										<transform>
											<row0>-0.968604 0.248332 0.011747</row0>
											<row1>-0.000012 -0.047297 0.998881</row1>
											<row2>-0.248610 -0.967520 -0.045815</row2>
											<row3>-0.142878 0.144884 -0.006964</row3>
										</transform>
									</node>
								</node>
								<node>
									<identifier>RightToeBase_BlendBone</identifier>
									<transform>
										<row0>0.248327 0.968605 0.011748</row0>
										<row1>-0.047300 0.000012 0.998881</row1>
										<row2>-0.967521 0.248604 -0.045818</row2>
										<row3>0.085924 0.142878 -0.006963</row3>
									</transform>
								</node>
							</node>
							<node>
								<identifier>RightFoot_BlendBone</identifier>
								<transform>
									<row0>0.268640 0.941727 -0.202444</row0>
									<row1>0.601847 -0.000006 0.798612</row1>
									<row2>-0.752073 0.336379 0.566777</row2>
									<row3>-0.076744 0.134436 -0.067924</row3>
								</transform>
							</node>
						</node>
						<node>
							<identifier>RightLeg_BlendBone</identifier>
							<transform>
								<row0>0.043554 0.999043 -0.004063</row0>
								<row1>0.994735 -0.043743 -0.092682</row1>
								<row2>0.092771 0.000005 0.995688</row2>
								<row3>-0.459817 0.124015 0.072985</row3>
							</transform>
						</node>
					</node>
					<node>
						<identifier>RightUpLeg_BlendBone</identifier>
						<transform>
							<row0>0.038002 0.999276 -0.001676</row0>
							<row1>0.998301 -0.038039 -0.044147</row1>
							<row2>0.044178 -0.000004 0.999024</row2>
							<row3>-0.890470 0.121358 0.050544</row3>
						</transform>
					</node>
				</node>
				<node>
					<identifier>Spine</identifier>
					<transform>
						<row0>0.999415 0.002114 0.034140</row0>
						<row1>-0.002065 0.999997 -0.001469</row1>
						<row2>-0.034143 0.001398 0.999416</row2>
						<row3>0.085124 0.000000 -0.000000</row3>
					</transform>
					<node>
						<identifier>Spine1</identifier>
						<transform>
							<row0>1.000000 -0.000000 0.000000</row0>
							<row1>-0.000000 1.000000 -0.000000</row1>
							<row2>0.000000 -0.000000 1.000000</row2>
							<row3>0.099311 -0.000000 -0.000001</row3>
						</transform>
						<node>
							<identifier>Spine2</identifier>
							<transform>
								<row0>1.000000 -0.000000 -0.000005</row0>
								<row1>-0.000000 1.000000 -0.000000</row1>
								<row2>0.000005 -0.000000 1.000000</row2>
								<row3>0.113498 0.000000 -0.000002</row3>
							</transform>
							<node>
								<identifier>LeftShoulder</identifier>
								<transform>
									<row0>-0.404715 -0.914283 0.017103</row0>
									<row1>0.911899 -0.404913 -0.066978</row1>
									<row2>0.068162 -0.011511 0.997608</row2>
									<row3>0.116066 -0.050678 0.001303</row3>
								</transform>
								<node>
									<identifier>LeftArm</identifier>
									<transform>
										<row0>0.713454 -0.226774 -0.662991</row0>
										<row1>0.170968 0.973923 -0.149145</row1>
										<row2>0.679524 -0.006942 0.733621</row2>
										<row3>0.103877 -0.000001 0.000000</row3>
									</transform>
									<node>
										<identifier>LeftForeArm</identifier>
										<transform>
											<row0>0.958076 -0.008361 -0.286391</row0>
											<row1>0.008512 0.999963 -0.000719</row1>
											<row2>0.286386 -0.001749 0.958113</row2>
											<row3>0.240260 -0.000001 -0.000000</row3>
										</transform>
										<node>
											<identifier>LeftHand</identifier>
											<transform>
												<row0>0.997822 0.034252 -0.056379</row0>
												<row1>-0.039705 0.994331 -0.098642</row1>
												<row2>0.052681 0.100665 0.993525</row2>
												<row3>0.243486 0.000000 0.000000</row3>
											</transform>
											<node>
												<identifier>LeftHandThumb1</identifier>
												<transform>
													<row0>0.771302 -0.534693 -0.345249</row0>
													<row1>0.535556 0.838332 -0.101880</row1>
													<row2>0.343908 -0.106320 0.932965</row2>
													<row3>0.029162 -0.023508 -0.016217</row3>
												</transform>
												<node>
													<identifier>LeftHandThumb2</identifier>
													<transform>
														<row0>0.987112 -0.003790 0.159985</row0>
														<row1>0.018890 0.995490 -0.092965</row1>
														<row2>-0.158911 0.094789 0.982732</row2>
														<row3>0.031766 0.000000 -0.000000</row3>
													</transform>
													<node>
														<identifier>LeftHandThumb3</identifier>
														<transform>
															<row0>0.974524 0.002483 0.224271</row0>
															<row1>-0.002313 0.999997 -0.001021</row1>
															<row2>-0.224273 0.000476 0.974526</row2>
															<row3>0.029761 -0.000000 0.000000</row3>
														</transform>
														<node>
															<identifier>LeftHandThumb4</identifier>
															<transform>
																<row0>1.000000 -0.000000 0.000000</row0>
																<row1>0.000000 1.000000 0.000000</row1>
																<row2>-0.000000 0.000000 1.000000</row2>
																<row3>0.023422 0.000000 0.000000</row3>
															</transform>
															<node>
																<identifier>LeftHandThumb4_BlendBone</identifier>
																<transform>
																	<row0>0.061498 0.388880 0.919234</row0>
																	<row1>-0.733458 0.642242 -0.222631</row1>
																	<row2>0.676947 0.660528 -0.324723</row2>
																	<row3>0.456206 -1.067102 0.052341</row3>
																</transform>
															</node>
														</node>
														<node>
															<identifier>LeftHandThumb3_BlendBone</identifier>
															<transform>
																<row0>0.061498 0.388880 0.919234</row0>
																<row1>-0.733458 0.642242 -0.222631</row1>
																<row2>0.676947 0.660528 -0.324723</row2>
																<row3>0.479628 -1.067102 0.052341</row3>
															</transform>
														</node>
													</node>
													<node>
														<identifier>LeftHandThumb2_BlendBone</identifier>
														<transform>
															<row0>-0.147128 0.389469 0.909213</row0>
															<row1>-0.666328 0.640313 -0.382108</row1>
															<row2>0.731000 0.662052 -0.165306</row2>
															<row3>0.487900 -1.065882 0.159663</row3>
														</transform>
													</node>
												</node>
												<node>
													<identifier>LeftHandThumb1_BlendBone</identifier>
													<transform>
														<row0>-0.282358 0.474453 0.833767</row0>
														<row1>-0.584924 0.603731 -0.541638</row1>
														<row2>0.760354 0.640627 -0.107051</row2>
														<row3>0.467872 -1.047790 0.334052</row3>
													</transform>
												</node>
											</node>
											<node>
												<identifier>LeftHandThumb5</identifier>
												<transform>
													<row0>0.903930 -0.367673 0.218467</row0>
													<row1>-0.112273 0.288900 0.950753</row1>
													<row2>-0.412681 -0.883942 0.219866</row2>
													<row3>0.083507 -0.000001 0.000000</row3>
												</transform>
												<node>
													<identifier>LeftHandThumb6</identifier>
													<transform>
														<row0>0.874458 0.053959 0.482090</row0>
														<row1>0.018174 0.989453 -0.143712</row1>
														<row2>-0.484760 0.134431 0.864255</row2>
														<row3>0.042010 0.000000 0.000000</row3>
													</transform>
													<node>
														<identifier>LeftHandThumb7</identifier>
														<transform>
															<row0>1.000000 0.000000 0.000000</row0>
															<row1>0.000000 1.000000 -0.000000</row1>
															<row2>0.000000 -0.000000 1.000000</row2>
															<row3>0.030843 0.000000 -0.000000</row3>
														</transform>
														<node>
															<identifier>LeftHandThumb7_BlendBone</identifier>
															<transform>
																<row0>0.140404 0.930617 -0.337993</row0>
																<row1>-0.952622 0.033947 -0.302256</row1>
																<row2>0.269811 -0.364417 -0.891293</row2>
																<row3>0.803831 -0.258482 0.834018</row3>
															</transform>
														</node>
													</node>
													<node>
														<identifier>LeftHandThumb6_BlendBone</identifier>
														<transform>
															<row0>0.140404 0.930617 -0.337993</row0>
															<row1>-0.952622 0.033947 -0.302256</row1>
															<row2>0.269811 -0.364417 -0.891293</row2>
															<row3>0.834674 -0.258481 0.834018</row3>
														</transform>
													</node>
												</node>
												<node>
													<identifier>LeftHandThumb5_BlendBone</identifier>
													<transform>
														<row0>0.303535 0.882941 -0.358165</row0>
														<row1>-0.685890 -0.058447 -0.725354</row1>
														<row2>0.661378 -0.465833 -0.587860</row2>
														<row3>0.362902 -0.098599 1.160339</row3>
													</transform>
												</node>
											</node>
											<node>
												<identifier>LeftHand_BlendBone</identifier>
												<transform>
													<row0>0.323052 0.460077 0.827022</row0>
													<row1>-0.314094 0.876469 -0.364893</row1>
													<row2>0.892739 0.141884 -0.427653</row2>
													<row3>-0.056235 -1.187588 0.240658</row3>
												</transform>
											</node>
										</node>
										<node>
											<identifier>LeftForeArm_BlendBone</identifier>
											<transform>
												<row0>0.347649 0.551787 0.758071</row0>
												<row1>-0.367434 0.824009 -0.431278</row1>
												<row2>0.862631 0.128608 -0.489211</row2>
												<row3>0.247205 -1.158555 0.359416</row3>
											</transform>
										</node>
									</node>
									<node>
										<identifier>LeftArm_BlendBone</identifier>
										<transform>
											<row0>0.554872 0.547534 0.626357</row0>
											<row1>-0.468528 0.827806 -0.308576</row1>
											<row2>0.687458 0.122246 -0.715861</row2>
											<row3>0.570173 -1.161209 0.274397</row3>
										</transform>
									</node>
								</node>
								<node>
									<identifier>LeftShoulder_BlendBone</identifier>
									<transform>
										<row0>0.915112 0.403077 0.009972</row0>
										<row1>-0.402430 0.914611 -0.039211</row1>
										<row2>0.024926 -0.031870 -0.999181</row2>
										<row3>0.498599 -1.262134 -0.003527</row3>
									</transform>
								</node>
							</node>
							<node>
								<identifier>Neck</identifier>
								<transform>
									<row0>0.876096 0.000000 -0.482136</row0>
									<row1>0.000000 1.000000 0.000000</row1>
									<row2>0.482136 0.000000 0.876096</row2>
									<row3>0.127685 -0.000000 -0.000001</row3>
								</transform>
								<node>
									<identifier>Head</identifier>
									<transform>
										<row0>-0.000000 -1.000000 -0.000003</row0>
										<row1>0.909062 -0.000002 0.416662</row1>
										<row2>-0.416662 -0.000003 0.909062</row2>
										<row3>0.103514 0.000000 0.000000</row3>
									</transform>
									<node>
										<identifier>Head_BlendBone</identifier>
										<transform>
											<row0>0.999997 -0.002004 -0.001546</row0>
											<row1>0.001950 0.999415 -0.034138</row1>
											<row2>-0.001613 -0.034135 -0.999416</row2>
											<row3>-0.004554 -1.461678 0.033770</row3>
										</transform>
									</node>
								</node>
								<node>
									<identifier>Neck_BlendBone</identifier>
									<transform>
										<row0>-0.001178 -0.999997 -0.002244</row0>
										<row1>0.922754 -0.001952 0.385384</row1>
										<row2>0.385388 0.001617 -0.922754</row2>
										<row3>-1.239312 0.004557 -0.578326</row3>
									</transform>
								</node>
							</node>
							<node>
								<identifier>RightShoulder</identifier>
								<transform>
									<row0>0.404715 -0.914283 -0.017112</row0>
									<row1>-0.911899 -0.404914 0.066974</row1>
									<row2>-0.068162 -0.011501 -0.997608</row2>
									<row3>0.116066 0.050678 0.001303</row3>
								</transform>
								<node>
									<identifier>RightArm</identifier>
									<transform>
										<row0>0.912731 -0.065642 -0.403254</row0>
										<row1>0.047794 0.997387 -0.054178</row1>
										<row2>0.405757 0.030177 0.913483</row2>
										<row3>-0.103878 0.000002 -0.000000</row3>
									</transform>
									<node>
										<identifier>RightForeArm</identifier>
										<transform>
											<row0>0.958076 -0.008361 -0.286391</row0>
											<row1>0.008512 0.999964 -0.000719</row1>
											<row2>0.286386 -0.001749 0.958113</row2>
											<row3>-0.240258 0.000000 -0.000000</row3>
										</transform>
										<node>
											<identifier>RightHand</identifier>
											<transform>
												<row0>0.997822 0.034252 -0.056379</row0>
												<row1>-0.039706 0.994331 -0.098642</row1>
												<row2>0.052681 0.100665 0.993525</row2>
												<row3>-0.243488 -0.000000 -0.000000</row3>
											</transform>
											<node>
												<identifier>RightHandThumb1</identifier>
												<transform>
													<row0>0.771302 -0.534693 -0.345249</row0>
													<row1>0.535556 0.838332 -0.101880</row1>
													<row2>0.343908 -0.106320 0.932965</row2>
													<row3>-0.029161 0.023508 0.016217</row3>
												</transform>
												<node>
													<identifier>RightHandThumb2</identifier>
													<transform>
														<row0>0.987112 -0.003790 0.159985</row0>
														<row1>0.018890 0.995490 -0.092965</row1>
														<row2>-0.158911 0.094789 0.982732</row2>
														<row3>-0.031766 -0.000000 0.000000</row3>
													</transform>
													<node>
														<identifier>RightHandThumb3</identifier>
														<transform>
															<row0>0.974524 0.002483 0.224271</row0>
															<row1>-0.002313 0.999997 -0.001021</row1>
															<row2>-0.224273 0.000476 0.974526</row2>
															<row3>-0.029762 0.000000 -0.000000</row3>
														</transform>
														<node>
															<identifier>RightHandThumb4</identifier>
															<transform>
																<row0>1.000000 0.000000 -0.000000</row0>
																<row1>0.000000 1.000000 -0.000000</row1>
																<row2>0.000000 0.000000 1.000000</row2>
																<row3>-0.023422 -0.000001 -0.000000</row3>
															</transform>
															<node>
																<identifier>RightHandThumb4_BlendBone</identifier>
																<transform>
																	<row0>0.369085 0.497320 0.785142</row0>
																	<row1>0.750005 -0.658289 0.064402</row1>
																	<row2>-0.548879 -0.565091 0.615958</row2>
																	<row3>-0.426408 1.107280 0.147996</row3>
																</transform>
															</node>
														</node>
														<node>
															<identifier>RightHandThumb3_BlendBone</identifier>
															<transform>
																<row0>0.369085 0.497320 0.785142</row0>
																<row1>0.750005 -0.658289 0.064402</row1>
																<row2>-0.548879 -0.565091 0.615958</row2>
																<row3>-0.449830 1.107280 0.147996</row3>
															</transform>
														</node>
													</node>
													<node>
														<identifier>RightHandThumb2_BlendBone</identifier>
														<transform>
															<row0>0.182446 0.498609 0.847409</row0>
															<row1>0.717977 -0.656394 0.231638</row1>
															<row2>-0.671731 -0.566159 0.477746</row2>
															<row3>-0.503885 1.106230 0.042212</row3>
														</transform>
													</node>
												</node>
												<node>
													<identifier>RightHandThumb1_BlendBone</identifier>
													<transform>
														<row0>0.054851 0.575994 0.815612</row0>
														<row1>0.659515 -0.634199 0.403524</row1>
														<row2>-0.749687 -0.515775 0.414663</row2>
														<row3>-0.514968 1.107152 -0.141971</row3>
													</transform>
												</node>
											</node>
											<node>
												<identifier>RightHandThumb5</identifier>
												<transform>
													<row0>0.903930 -0.367673 0.218467</row0>
													<row1>-0.112273 0.288900 0.950753</row1>
													<row2>-0.412681 -0.883942 0.219866</row2>
													<row3>-0.083507 0.000001 -0.000001</row3>
												</transform>
												<node>
													<identifier>RightHandThumb6</identifier>
													<transform>
														<row0>0.874458 0.053959 0.482090</row0>
														<row1>0.018174 0.989453 -0.143712</row1>
														<row2>-0.484760 0.134431 0.864255</row2>
														<row3>-0.042009 -0.000000 -0.000001</row3>
													</transform>
													<node>
														<identifier>RightHandThumb7</identifier>
														<transform>
															<row0>1.000000 -0.000000 0.000000</row0>
															<row1>0.000000 1.000000 0.000000</row1>
															<row2>0.000000 0.000000 1.000000</row2>
															<row3>-0.030843 -0.000000 0.000000</row3>
														</transform>
														<node>
															<identifier>RightHandThumb7_BlendBone</identifier>
															<transform>
																<row0>0.339059 0.750626 -0.567098</row0>
																<row1>0.933315 -0.192674 0.302986</row1>
																<row2>-0.118164 0.632011 0.765898</row2>
																<row3>-0.741748 0.451411 -0.873525</row3>
															</transform>
														</node>
													</node>
													<node>
														<identifier>RightHandThumb6_BlendBone</identifier>
														<transform>
															<row0>0.339059 0.750626 -0.567098</row0>
															<row1>0.933315 -0.192674 0.302986</row1>
															<row2>-0.118164 0.632011 0.765898</row2>
															<row3>-0.772590 0.451411 -0.873525</row3>
														</transform>
													</node>
												</node>
												<node>
													<identifier>RightHandThumb5_BlendBone</identifier>
													<transform>
														<row0>0.585041 0.684768 -0.434534</row0>
														<row1>0.665768 -0.099550 0.739488</row1>
														<row2>-0.463120 0.721930 0.514137</row2>
														<row3>-0.285954 0.287532 -1.192280</row3>
													</transform>
												</node>
											</node>
											<node>
												<identifier>RightHand_BlendBone</identifier>
												<transform>
													<row0>0.631279 0.366829 0.683318</row0>
													<row1>0.307811 -0.927209 0.213389</row1>
													<row2>-0.711856 -0.075625 0.698242</row2>
													<row3>0.117760 1.242113 -0.051241</row3>
												</transform>
											</node>
										</node>
										<node>
											<identifier>RightForeArm_BlendBone</identifier>
											<transform>
												<row0>0.651336 0.455158 0.607118</row0>
												<row1>0.355198 -0.889929 0.286115</row1>
												<row2>-0.670519 -0.029290 0.741314</row2>
												<row3>-0.178003 1.233946 -0.180073</row3>
											</transform>
										</node>
									</node>
									<node>
										<identifier>RightArm_BlendBone</identifier>
										<transform>
											<row0>0.801774 0.448634 0.394823</row0>
											<row1>0.414671 -0.893366 0.173045</row1>
											<row2>-0.430356 -0.024979 0.902314</row2>
											<row3>-0.451866 1.235704 -0.122439</row3>
										</transform>
									</node>
								</node>
								<node>
									<identifier>RightShoulder_BlendBone</identifier>
									<transform>
										<row0>0.913448 0.406747 0.013040</row0>
										<row1>0.406000 -0.913030 0.039256</row1>
										<row2>-0.027873 0.030564 0.999144</row2>
										<row3>-0.506932 1.258443 0.003422</row3>
									</transform>
								</node>
							</node>
							<node>
								<identifier>Spine2_BlendBone</identifier>
								<transform>
									<row0>-0.002114 -0.999997 -0.001398</row0>
									<row1>0.994229 -0.001952 -0.107259</row1>
									<row2>-0.107256 0.001617 -0.994230</row2>
									<row3>-1.236903 0.004557 0.090847</row3>
								</transform>
							</node>
						</node>
						<node>
							<identifier>Spine1_BlendBone</identifier>
							<transform>
								<row0>-0.002114 -0.999997 -0.001398</row0>
								<row1>0.994229 -0.001952 -0.107264</row1>
								<row2>-0.107261 0.001617 -0.994230</row2>
								<row3>-1.123405 0.004557 0.090851</row3>
							</transform>
						</node>
					</node>
					<node>
						<identifier>Spine_BlendBone</identifier>
						<transform>
							<row0>-0.002114 -0.999997 -0.001398</row0>
							<row1>0.994229 -0.001952 -0.107264</row1>
							<row2>-0.107261 0.001617 -0.994230</row2>
							<row3>-1.024094 0.004557 0.090850</row3>
						</transform>
					</node>
				</node>
				<node>
					<identifier>Hips_BlendBone</identifier>
					<transform>
						<row0>0.000000 -1.000000 -0.000000</row0>
						<row1>0.997313 0.000000 -0.073256</row1>
						<row2>-0.073256 -0.000000 -0.997313</row2>
						<row3>-0.941483 0.002519 0.055828</row3>
					</transform>
				</node>
			</node>
			<node>
				<identifier>Root_BlendBone</identifier>
				<transform>
					<row0>1.000000 0.000000 0.000000</row0>
					<row1>0.000000 1.000000 0.000000</row1>
					<row2>0.000000 0.000000 -1.000000</row2>
					<row3>0.010187 0.000000 0.000000</row3>
				</transform>
			</node>
		</node>
	</node>
	<renderSet>
		<treatAsWorldSpaceObject>true</treatAsWorldSpaceObject>
		<node>Head_BlendBone</node>
		<node>Neck_BlendBone</node>
		<node>Spine2_BlendBone</node>
		<node>LeftShoulder_BlendBone</node>
		<node>RightShoulder_BlendBone</node>
		<geometry>
			<vertices>s5Shape.vertices</vertices>
			<primitive>s5Shape.indices</primitive>
			<primitiveGroup>
				0
				<material>
					<identifier>s_nd10_skinned</identifier>
					<fx>shaders/std_effects/PBS_ext_skinned.fx</fx>
					<collisionFlags>255</collisionFlags>
					<materialKind>101</materialKind>
					<property>
						diffuseMap
						<Texture>content/Hangars/CharacterAnimations/Civil_Woman/Civil_Woman_skin_11_AM.dds</Texture>
					</property>
					<property>
						dynamicObject
						<Bool>true</Bool>
					</property>
					<property>
						g_enableAO
						<Bool>true</Bool>
					</property>
					<property>
						metallicGlossMap
						<Texture>content/Hangars/CharacterAnimations/Civil_Woman/Civil_Woman_skin_11_GMM.dds</Texture>
					</property>
					<property>
						normalMap
						<Texture>content/Hangars/CharacterAnimations/Civil_Woman/Civil_Woman_skin_11_ANM.dds</Texture>
					</property>
				</material>
				<groupOrigin>-0.000006 1.501006 0.018267</groupOrigin>
			</primitiveGroup>
		</geometry>
	</renderSet>
	<renderSet>
		<treatAsWorldSpaceObject>true</treatAsWorldSpaceObject>
		<node>LeftHandThumb5_BlendBone</node>
		<node>LeftHandThumb3_BlendBone</node>
		<node>LeftHandThumb7_BlendBone</node>
		<node>LeftHand_BlendBone</node>
		<node>LeftHandThumb6_BlendBone</node>
		<node>LeftHandThumb2_BlendBone</node>
		<node>LeftHandThumb1_BlendBone</node>
		<node>LeftForeArm_BlendBone</node>
		<node>LeftArm_BlendBone</node>
		<node>LeftHandThumb4_BlendBone</node>
		<node>LeftFoot_BlendBone</node>
		<node>LeftLeg_BlendBone</node>
		<node>LeftUpLeg_BlendBone</node>
		<node>L_Skirt_BlendBone</node>
		<geometry>
			<vertices>s4Shape.vertices</vertices>
			<primitive>s4Shape.indices</primitive>
			<primitiveGroup>
				0
				<material>
					<identifier>s_nd10_skinned</identifier>
					<fx>shaders/std_effects/PBS_ext_skinned.fx</fx>
					<collisionFlags>255</collisionFlags>
					<materialKind>101</materialKind>
					<property>
						diffuseMap
						<Texture>content/Hangars/CharacterAnimations/Civil_Woman/Civil_Woman_skin_11_AM.dds</Texture>
					</property>
					<property>
						dynamicObject
						<Bool>true</Bool>
					</property>
					<property>
						g_enableAO
						<Bool>true</Bool>
					</property>
					<property>
						metallicGlossMap
						<Texture>content/Hangars/CharacterAnimations/Civil_Woman/Civil_Woman_skin_11_GMM.dds</Texture>
					</property>
					<property>
						normalMap
						<Texture>content/Hangars/CharacterAnimations/Civil_Woman/Civil_Woman_skin_11_ANM.dds</Texture>
					</property>
				</material>
				<groupOrigin>0.223576 0.685258 0.163568</groupOrigin>
			</primitiveGroup>
		</geometry>
	</renderSet>
	<renderSet>
		<treatAsWorldSpaceObject>true</treatAsWorldSpaceObject>
		<node>RightHandThumb5_BlendBone</node>
		<node>RightHand_BlendBone</node>
		<node>RightHandThumb6_BlendBone</node>
		<node>RightHandThumb3_BlendBone</node>
		<node>RightHandThumb4_BlendBone</node>
		<node>RightHandThumb2_BlendBone</node>
		<node>RightHandThumb7_BlendBone</node>
		<node>RightHandThumb1_BlendBone</node>
		<node>RightForeArm_BlendBone</node>
		<node>RightArm_BlendBone</node>
		<node>RightFoot_BlendBone</node>
		<node>RightLeg_BlendBone</node>
		<node>RightUpLeg_BlendBone</node>
		<node>R_Skirt_BlendBone</node>
		<geometry>
			<vertices>s3Shape3.vertices</vertices>
			<primitive>s3Shape3.indices</primitive>
			<primitiveGroup>
				0
				<material>
					<identifier>s_nd10_skinned</identifier>
					<fx>shaders/std_effects/PBS_ext_skinned.fx</fx>
					<collisionFlags>255</collisionFlags>
					<materialKind>101</materialKind>
					<property>
						diffuseMap
						<Texture>content/Hangars/CharacterAnimations/Civil_Woman/Civil_Woman_skin_11_AM.dds</Texture>
					</property>
					<property>
						dynamicObject
						<Bool>true</Bool>
					</property>
					<property>
						g_enableAO
						<Bool>true</Bool>
					</property>
					<property>
						metallicGlossMap
						<Texture>content/Hangars/CharacterAnimations/Civil_Woman/Civil_Woman_skin_11_GMM.dds</Texture>
					</property>
					<property>
						normalMap
						<Texture>content/Hangars/CharacterAnimations/Civil_Woman/Civil_Woman_skin_11_ANM.dds</Texture>
					</property>
				</material>
				<groupOrigin>-0.307601 0.688033 0.095777</groupOrigin>
			</primitiveGroup>
		</geometry>
	</renderSet>
	<renderSet>
		<treatAsWorldSpaceObject>true</treatAsWorldSpaceObject>
		<node>LeftToeBase_BlendBone</node>
		<node>LeftFoot_BlendBone</node>
		<node>LeftLeg_BlendBone</node>
		<geometry>
			<vertices>s2Shape.vertices</vertices>
			<primitive>s2Shape.indices</primitive>
			<primitiveGroup>
				0
				<material>
					<identifier>s_nd9_skinned</identifier>
					<fx>shaders/std_effects/PBS_ext_skinned.fx</fx>
					<collisionFlags>255</collisionFlags>
					<materialKind>101</materialKind>
					<property>
						diffuseMap
						<Texture>content/Hangars/CharacterAnimations/Civil_Woman/Civil_Woman_cloth_11_AM.dds</Texture>
					</property>
					<property>
						dynamicObject
						<Bool>true</Bool>
					</property>
					<property>
						g_enableAO
						<Bool>true</Bool>
					</property>
					<property>
						g_tintColor
						<Vector4>0.402051 0.903024 0.935000 1.000000</Vector4>
					</property>
					<property>
						g_useTintColor
						<Bool>true</Bool>
					</property>
					<property>
						metallicGlossMap
						<Texture>content/Hangars/CharacterAnimations/Civil_Woman/Civil_Woman_cloth_11_GMM.dds</Texture>
					</property>
					<property>
						normalMap
						<Texture>content/Hangars/CharacterAnimations/Civil_Woman/Civil_Woman_cloth_11_ANM.dds</Texture>
					</property>
				</material>
				<groupOrigin>0.147609 0.041236 0.000450</groupOrigin>
			</primitiveGroup>
		</geometry>
	</renderSet>
	<renderSet>
		<treatAsWorldSpaceObject>true</treatAsWorldSpaceObject>
		<node>RightToeBase_BlendBone</node>
		<node>RightFoot_BlendBone</node>
		<node>RightLeg_BlendBone</node>
		<geometry>
			<vertices>s1Shape.vertices</vertices>
			<primitive>s1Shape.indices</primitive>
			<primitiveGroup>
				0
				<material>
					<identifier>s_nd9_skinned</identifier>
					<fx>shaders/std_effects/PBS_ext_skinned.fx</fx>
					<collisionFlags>255</collisionFlags>
					<materialKind>101</materialKind>
					<property>
						diffuseMap
						<Texture>content/Hangars/CharacterAnimations/Civil_Woman/Civil_Woman_cloth_11_AM.dds</Texture>
					</property>
					<property>
						dynamicObject
						<Bool>true</Bool>
					</property>
					<property>
						g_enableAO
						<Bool>true</Bool>
					</property>
					<property>
						g_tintColor
						<Vector4>0.402051 0.903024 0.935000 1.000000</Vector4>
					</property>
					<property>
						g_useTintColor
						<Bool>true</Bool>
					</property>
					<property>
						metallicGlossMap
						<Texture>content/Hangars/CharacterAnimations/Civil_Woman/Civil_Woman_cloth_11_GMM.dds</Texture>
					</property>
					<property>
						normalMap
						<Texture>content/Hangars/CharacterAnimations/Civil_Woman/Civil_Woman_cloth_11_ANM.dds</Texture>
					</property>
				</material>
				<groupOrigin>-0.147609 0.041236 0.000450</groupOrigin>
			</primitiveGroup>
		</geometry>
	</renderSet>
	<renderSet>
		<treatAsWorldSpaceObject>true</treatAsWorldSpaceObject>
		<node>Hips_BlendBone</node>
		<node>Spine_BlendBone</node>
		<node>L_Skirt_BlendBone</node>
		<node>Spine2_BlendBone</node>
		<node>Spine1_BlendBone</node>
		<node>LeftShoulder_BlendBone</node>
		<node>RightArm_BlendBone</node>
		<node>RightShoulder_BlendBone</node>
		<node>LeftArm_BlendBone</node>
		<node>R_Skirt_BlendBone</node>
		<geometry>
			<vertices>s0Shape.vertices</vertices>
			<primitive>s0Shape.indices</primitive>
			<primitiveGroup>
				0
				<material>
					<identifier>s_nd9_skinned</identifier>
					<fx>shaders/std_effects/PBS_ext_skinned.fx</fx>
					<collisionFlags>255</collisionFlags>
					<materialKind>101</materialKind>
					<property>
						diffuseMap
						<Texture>content/Hangars/CharacterAnimations/Civil_Woman/Civil_Woman_cloth_11_AM.dds</Texture>
					</property>
					<property>
						dynamicObject
						<Bool>true</Bool>
					</property>
					<property>
						g_enableAO
						<Bool>true</Bool>
					</property>
					<property>
						g_tintColor
						<Vector4>0.402051 0.903024 0.935000 1.000000</Vector4>
					</property>
					<property>
						g_useTintColor
						<Bool>true</Bool>
					</property>
					<property>
						metallicGlossMap
						<Texture>content/Hangars/CharacterAnimations/Civil_Woman/Civil_Woman_cloth_11_GMM.dds</Texture>
					</property>
					<property>
						normalMap
						<Texture>content/Hangars/CharacterAnimations/Civil_Woman/Civil_Woman_cloth_11_ANM.dds</Texture>
					</property>
				</material>
				<groupOrigin>-0.004285 0.988089 -0.003281</groupOrigin>
			</primitiveGroup>
		</geometry>
	</renderSet>
	<constraints/>
	<boundingBox>
		<min>-2.971768 -0.000372 -2.989228</min>
		<max>2.971768 1.677399 2.995790</max>
	</boundingBox>
	<geometrySize>323736</geometrySize>
	<minUVDensity>0.108414</minUVDensity>
</root>
