<?xml version="1.0" encoding="utf-8"?>
<root>
	<node>
		<identifier>Scene Root</identifier>
		<transform>
			<row0>1.000000 0.000000 0.000000</row0>
			<row1>0.000000 1.000000 0.000000</row1>
			<row2>0.000000 0.000000 1.000000</row2>
			<row3>0.000000 0.000000 0.000000</row3>
		</transform>
		<node>
			<identifier>Root</identifier>
			<transform>
				<row0>1.000000 0.000000 0.000000</row0>
				<row1>0.000000 1.000000 0.000000</row1>
				<row2>0.000000 0.000000 1.000000</row2>
				<row3>0.000000 0.000000 0.000000</row3>
			</transform>
			<node>
				<identifier>Hips</identifier>
				<transform>
					<row0>0.000000 0.997313 0.073256</row0>
					<row1>-1.000000 0.000000 -0.000000</row1>
					<row2>-0.000000 -0.073256 0.997313</row2>
					<row3>-0.000437 0.942690 0.012417</row3>
				</transform>
				<node>
					<identifier>LeftUpLeg</identifier>
					<transform>
						<row0>-0.992067 -0.045269 0.117277</row0>
						<row1>0.072191 -0.968902 0.236679</row1>
						<row2>0.102916 0.243268 0.964484</row2>
						<row3>-0.047268 -0.089865 0.001330</row3>
					</transform>
					<node>
						<identifier>L_Skirt_Base</identifier>
						<transform>
							<row0>1.000000 -0.000008 -0.000008</row0>
							<row1>0.000008 1.000000 0.000007</row1>
							<row2>0.000008 -0.000007 1.000000</row2>
							<row3>0.000000 0.000000 0.000000</row3>
						</transform>
						<node>
							<identifier>L_Skirt</identifier>
							<transform>
								<row0>0.997386 0.003012 0.072194</row0>
								<row1>-0.003047 0.999995 0.000383</row1>
								<row2>-0.072192 -0.000602 0.997391</row2>
								<row3>0.270603 -0.000191 0.000355</row3>
							</transform>
							<node>
								<identifier>L_Skirt_BlendBone</identifier>
								<transform>
									<row0>0.030500 0.968665 -0.246490</row0>
									<row1>-0.992912 0.057704 0.103908</row1>
									<row2>-0.114876 -0.241574 -0.963559</row2>
									<row3>0.615274 -0.139765 -0.061726</row3>
								</transform>
							</node>
						</node>
						<node>
							<identifier>L_Skirt_Base_BlendBone</identifier>
							<transform>
								<row0>0.045263 0.968901 -0.243274</row0>
								<row1>-0.997993 0.054651 0.031977</row1>
								<row2>-0.044278 -0.241339 -0.969430</row2>
								<row3>0.889152 -0.138066 -0.016845</row3>
							</transform>
						</node>
					</node>
					<node>
						<identifier>LeftLeg</identifier>
						<transform>
							<row0>0.998776 0.002056 0.049420</row0>
							<row1>-0.002080 0.999998 0.000438</row1>
							<row2>-0.049419 -0.000540 0.998778</row2>
							<row3>0.426945 0.000002 -0.000003</row3>
						</transform>
						<node>
							<identifier>LeftFoot</identifier>
							<transform>
								<row0>0.540608 0.242052 -0.805701</row0>
								<row1>0.072216 0.940827 0.331102</row1>
								<row2>0.838169 -0.237181 0.491139</row2>
								<row3>0.371105 0.000000 -0.000000</row3>
							</transform>
							<node>
								<identifier>LeftToeBase</identifier>
								<transform>
									<row0>0.765889 -0.091598 -0.636415</row0>
									<row1>0.073244 0.995787 -0.055176</row1>
									<row2>0.638787 -0.004355 0.769371</row2>
									<row3>0.148570 -0.000000 0.000000</row3>
								</transform>
								<node>
									<identifier>LeftToe_End</identifier>
									<transform>
										<row0>0.000006 -1.000000 -0.000000</row0>
										<row1>1.000000 0.000006 0.000003</row1>
										<row2>-0.000003 -0.000000 1.000000</row2>
										<row3>0.058959 0.000000 0.000000</row3>
									</transform>
									<node>
										<identifier>LeftToe_End_BlendBone</identifier>
										<transform>
											<row0>-0.879824 0.473791 0.037840</row0>
											<row1>-0.009763 0.061580 -0.998054</row1>
											<row2>0.475199 0.878482 0.049554</row2>
											<row3>0.149240 -0.180784 0.003527</row3>
										</transform>
									</node>
								</node>
								<node>
									<identifier>LeftToeBase_BlendBone</identifier>
									<transform>
										<row0>0.473786 0.879827 0.037841</row0>
										<row1>0.061583 0.009764 -0.998054</row1>
										<row2>0.878484 -0.475194 0.049557</row2>
										<row3>-0.121824 -0.149241 0.003527</row3>
									</transform>
								</node>
							</node>
							<node>
								<identifier>LeftFoot_BlendBone</identifier>
								<transform>
									<row0>0.451482 0.832557 -0.320956</row0>
									<row1>-0.589663 0.008428 -0.807605</row1>
									<row2>0.669672 -0.553875 -0.494734</row2>
									<row3>0.046588 -0.137469 0.088479</row3>
								</transform>
							</node>
						</node>
						<node>
							<identifier>LeftLeg_BlendBone</identifier>
							<transform>
								<row0>0.035183 0.968699 -0.245732</row0>
								<row1>-0.995078 0.056749 0.081237</row1>
								<row2>-0.092639 -0.241664 -0.965928</row2>
								<row3>0.460523 -0.139043 -0.039597</row3>
							</transform>
						</node>
					</node>
					<node>
						<identifier>LeftUpLeg_BlendBone</identifier>
						<transform>
							<row0>0.045269 0.968902 -0.243268</row0>
							<row1>-0.997993 0.054659 0.031986</row1>
							<row2>-0.044288 -0.241332 -0.969432</row2>
							<row3>0.889150 -0.138073 -0.016853</row3>
						</transform>
					</node>
				</node>
				<node>
					<identifier>RightUpLeg</identifier>
					<transform>
						<row0>0.992138 -0.044197 -0.117086</row0>
						<row1>-0.066147 -0.979398 -0.190798</row1>
						<row2>-0.106241 0.197043 -0.974621</row2>
						<row3>-0.047269 0.089865 0.001330</row3>
					</transform>
					<node>
						<identifier>R_Skirt_Base</identifier>
						<transform>
							<row0>1.000000 0.000008 -0.000008</row0>
							<row1>-0.000007 1.000000 -0.000005</row1>
							<row2>0.000008 0.000005 1.000000</row2>
							<row3>0.000000 0.000000 0.000000</row3>
						</transform>
						<node>
							<identifier>R_Skirt</identifier>
							<transform>
								<row0>0.997386 0.002994 0.072194</row0>
								<row1>-0.003031 0.999995 0.000400</row1>
								<row2>-0.072192 -0.000618 0.997390</row2>
								<row3>-0.272518 0.000963 0.001114</row3>
							</transform>
							<node>
								<identifier>R_Skirt_BlendBone</identifier>
								<transform>
									<row0>0.032799 0.979181 -0.200320</row0>
									<row1>0.992790 -0.055038 -0.106481</row1>
									<row2>0.115289 0.195383 0.973927</row2>
									<row3>-0.613126 0.137924 0.066487</row3>
								</transform>
							</node>
						</node>
						<node>
							<identifier>R_Skirt_Base_BlendBone</identifier>
							<transform>
								<row0>0.044206 0.979399 -0.197037</row0>
								<row1>0.998049 -0.051999 -0.034552</row1>
								<row2>0.044086 0.195125 0.979787</row2>
								<row3>-0.889259 0.137010 0.023219</row3>
							</transform>
						</node>
					</node>
					<node>
						<identifier>RightLeg</identifier>
						<transform>
							<row0>0.998776 0.002053 0.049426</row0>
							<row1>-0.002077 0.999998 0.000438</row1>
							<row2>-0.049425 -0.000540 0.998778</row2>
							<row3>-0.426945 -0.000002 0.000003</row3>
						</transform>
						<node>
							<identifier>RightFoot</identifier>
							<transform>
								<row0>0.540608 0.242052 -0.805701</row0>
								<row1>0.072216 0.940827 0.331103</row1>
								<row2>0.838169 -0.237181 0.491139</row2>
								<row3>-0.371105 0.000000 -0.000000</row3>
							</transform>
							<node>
								<identifier>RightToeBase</identifier>
								<transform>
									<row0>0.765889 -0.091598 -0.636415</row0>
									<row1>0.073244 0.995787 -0.055176</row1>
									<row2>0.638787 -0.004355 0.769371</row2>
									<row3>-0.148570 -0.000000 0.000000</row3>
								</transform>
								<node>
									<identifier>RightToe_End</identifier>
									<transform>
										<row0>0.000006 -1.000000 0.000000</row0>
										<row1>1.000000 0.000006 0.000003</row1>
										<row2>-0.000003 0.000000 1.000000</row2>
										<row3>-0.058959 -0.000000 -0.000000</row3>
									</transform>
									<node>
										<identifier>RightToe_End_BlendBone</identifier>
										<transform>
											<row0>-0.901341 0.431901 0.032334</row0>
											<row1>0.007814 -0.058427 0.998261</row1>
											<row2>-0.433039 -0.900027 -0.049288</row2>
											<row3>-0.149773 0.174373 -0.004173</row3>
										</transform>
									</node>
								</node>
								<node>
									<identifier>RightToeBase_BlendBone</identifier>
									<transform>
										<row0>0.431896 0.901344 0.032335</row0>
										<row1>-0.058430 -0.007814 0.998261</row1>
										<row2>-0.900029 0.433034 -0.049291</row2>
										<row3>0.115413 0.149774 -0.004173</row3>
									</transform>
								</node>
							</node>
							<node>
								<identifier>RightFoot_BlendBone</identifier>
								<transform>
									<row0>0.417458 0.857844 -0.299720</row0>
									<row1>0.592353 -0.006776 0.805650</row1>
									<row2>-0.689091 0.513865 0.510976</row2>
									<row3>-0.051871 0.138589 -0.084925</row3>
								</transform>
							</node>
						</node>
						<node>
							<identifier>RightLeg_BlendBone</identifier>
							<transform>
								<row0>0.036415 0.979218 -0.199516</row0>
								<row1>0.995013 -0.054080 -0.083817</row1>
								<row2>0.092865 0.195468 0.976303</row2>
								<row3>-0.460320 0.137976 0.045970</row3>
							</transform>
						</node>
					</node>
					<node>
						<identifier>RightUpLeg_BlendBone</identifier>
						<transform>
							<row0>0.044197 0.979398 -0.197043</row0>
							<row1>0.998049 -0.051992 -0.034559</row1>
							<row2>0.044092 0.195131 0.979786</row2>
							<row3>-0.889260 0.137003 0.023226</row3>
						</transform>
					</node>
				</node>
				<node>
					<identifier>Spine</identifier>
					<transform>
						<row0>1.000000 -0.000000 0.000000</row0>
						<row1>0.000000 1.000000 0.000000</row1>
						<row2>0.000000 0.000000 1.000000</row2>
						<row3>0.085123 0.000000 -0.000000</row3>
					</transform>
					<node>
						<identifier>Spine1</identifier>
						<transform>
							<row0>1.000000 0.000000 0.000000</row0>
							<row1>-0.000000 1.000000 0.000000</row1>
							<row2>0.000000 0.000000 1.000000</row2>
							<row3>0.099310 -0.000000 -0.000001</row3>
						</transform>
						<node>
							<identifier>Spine2</identifier>
							<transform>
								<row0>1.000000 -0.000000 -0.000000</row0>
								<row1>-0.000000 1.000000 0.000000</row1>
								<row2>0.000000 0.000000 1.000000</row2>
								<row3>0.113498 -0.000000 -0.000001</row3>
							</transform>
							<node>
								<identifier>LeftShoulder</identifier>
								<transform>
									<row0>-0.404715 -0.914283 0.017103</row0>
									<row1>0.911899 -0.404913 -0.066978</row1>
									<row2>0.068162 -0.011510 0.997608</row2>
									<row3>0.116066 -0.050678 0.001303</row3>
								</transform>
								<node>
									<identifier>LeftArm</identifier>
									<transform>
										<row0>0.765236 -0.639090 0.077312</row0>
										<row1>0.605452 0.673699 -0.423744</row1>
										<row2>0.218726 0.371073 0.902477</row2>
										<row3>0.103877 -0.000001 0.000000</row3>
									</transform>
									<node>
										<identifier>LeftForeArm</identifier>
										<transform>
											<row0>0.958079 -0.008361 -0.286379</row0>
											<row1>0.008510 0.999964 -0.000719</row1>
											<row2>0.286374 -0.001748 0.958116</row2>
											<row3>0.240260 -0.000001 -0.000000</row3>
										</transform>
										<node>
											<identifier>LeftHand</identifier>
											<transform>
												<row0>0.997822 0.034252 -0.056379</row0>
												<row1>-0.039705 0.994331 -0.098642</row1>
												<row2>0.052681 0.100665 0.993525</row2>
												<row3>0.243486 0.000000 0.000000</row3>
											</transform>
											<node>
												<identifier>LeftHandThumb1</identifier>
												<transform>
													<row0>0.771302 -0.534693 -0.345249</row0>
													<row1>0.535557 0.838332 -0.101880</row1>
													<row2>0.343908 -0.106320 0.932965</row2>
													<row3>0.029162 -0.023508 -0.016217</row3>
												</transform>
												<node>
													<identifier>LeftHandThumb2</identifier>
													<transform>
														<row0>0.987112 -0.003790 0.159985</row0>
														<row1>0.018890 0.995490 -0.092965</row1>
														<row2>-0.158911 0.094789 0.982732</row2>
														<row3>0.031766 0.000000 -0.000000</row3>
													</transform>
													<node>
														<identifier>LeftHandThumb3</identifier>
														<transform>
															<row0>0.974524 0.002483 0.224271</row0>
															<row1>-0.002313 0.999997 -0.001021</row1>
															<row2>-0.224273 0.000476 0.974526</row2>
															<row3>0.029762 -0.000000 0.000000</row3>
														</transform>
														<node>
															<identifier>LeftHandThumb4</identifier>
															<transform>
																<row0>1.000000 -0.000000 0.000000</row0>
																<row1>-0.000000 1.000000 0.000000</row1>
																<row2>-0.000000 0.000000 1.000000</row2>
																<row3>0.023422 -0.000000 0.000000</row3>
															</transform>
															<node>
																<identifier>LeftHandThumb4_BlendBone</identifier>
																<transform>
																	<row0>-0.109901 0.686822 0.718469</row0>
																	<row1>-0.991401 -0.127405 -0.029857</row1>
																	<row2>-0.071031 0.715572 -0.694918</row2>
																	<row3>0.780974 -0.103627 -0.181759</row3>
																</transform>
															</node>
														</node>
														<node>
															<identifier>LeftHandThumb3_BlendBone</identifier>
															<transform>
																<row0>-0.109901 0.686822 0.718469</row0>
																<row1>-0.991401 -0.127405 -0.029857</row1>
																<row2>-0.071031 0.715572 -0.694918</row2>
																<row3>0.804396 -0.103627 -0.181759</row3>
															</transform>
														</node>
													</node>
													<node>
														<identifier>LeftHandThumb2_BlendBone</identifier>
														<transform>
															<row0>-0.269822 0.686889 0.674818</row0>
															<row1>-0.959153 -0.129881 -0.251308</row1>
															<row2>0.084975 0.715063 -0.693876</row2>
															<row3>0.854668 -0.101716 0.003379</row3>
														</transform>
													</node>
												</node>
												<node>
													<identifier>LeftHandThumb1_BlendBone</identifier>
													<transform>
														<row0>-0.360606 0.748779 0.556142</row0>
														<row1>-0.909310 -0.149481 -0.388344</row1>
														<row2>0.207651 0.645744 -0.734776</row2>
														<row3>0.872961 -0.104176 0.149511</row3>
													</transform>
												</node>
											</node>
											<node>
												<identifier>LeftHandThumb5</identifier>
												<transform>
													<row0>0.903930 -0.367673 0.218467</row0>
													<row1>-0.112273 0.288900 0.950753</row1>
													<row2>-0.412681 -0.883942 0.219866</row2>
													<row3>0.083508 -0.000001 0.000000</row3>
												</transform>
												<node>
													<identifier>LeftHandThumb6</identifier>
													<transform>
														<row0>0.874458 0.053959 0.482090</row0>
														<row1>0.018173 0.989453 -0.143712</row1>
														<row2>-0.484760 0.134431 0.864255</row2>
														<row3>0.042010 0.000000 0.000000</row3>
													</transform>
													<node>
														<identifier>LeftHandThumb7</identifier>
														<transform>
															<row0>1.000000 -0.000000 0.000000</row0>
															<row1>0.000000 1.000000 0.000000</row1>
															<row2>-0.000000 0.000000 1.000000</row2>
															<row3>0.030843 0.000000 -0.000000</row3>
														</transform>
														<node>
															<identifier>LeftHandThumb7_BlendBone</identifier>
															<transform>
																<row0>-0.175959 0.815976 -0.550656</row0>
																<row1>-0.841621 0.165449 0.514102</row1>
																<row2>-0.510601 -0.553904 -0.657630</row2>
																<row3>0.668366 -0.416524 -0.188348</row3>
															</transform>
														</node>
													</node>
													<node>
														<identifier>LeftHandThumb6_BlendBone</identifier>
														<transform>
															<row0>-0.175959 0.815976 -0.550656</row0>
															<row1>-0.841621 0.165449 0.514102</row1>
															<row2>-0.510601 -0.553904 -0.657630</row2>
															<row3>0.699209 -0.416524 -0.188348</row3>
														</transform>
													</node>
												</node>
												<node>
													<identifier>LeftHandThumb5_BlendBone</identifier>
													<transform>
														<row0>0.127897 0.723850 -0.678000</row0>
														<row1>-0.982172 0.187403 0.014801</row1>
														<row2>-0.137773 -0.664020 -0.734913</row2>
														<row3>0.737173 -0.399721 0.234161</row3>
													</transform>
												</node>
											</node>
											<node>
												<identifier>LeftHand_BlendBone</identifier>
												<transform>
													<row0>0.314138 0.761409 0.567074</row0>
													<row1>-0.914962 0.402176 -0.033144</row1>
													<row2>0.253300 0.508440 -0.822999</row2>
													<row3>0.698104 -0.593503 -0.167504</row3>
												</transform>
											</node>
										</node>
										<node>
											<identifier>LeftForeArm_BlendBone</identifier>
											<transform>
												<row0>0.313096 0.824937 0.470585</row0>
												<row1>-0.930684 0.365220 -0.021016</row1>
												<row2>0.189204 0.431386 -0.882104</row2>
												<row3>0.954811 -0.583089 -0.147234</row3>
											</transform>
										</node>
									</node>
									<node>
										<identifier>LeftArm_BlendBone</identifier>
										<transform>
											<row0>0.441756 0.821466 0.360618</row0>
											<row1>-0.894580 0.373024 0.246131</row1>
											<row2>-0.067669 0.431331 -0.899652</row2>
											<row3>1.107919 -0.590794 -0.414086</row3>
										</transform>
									</node>
								</node>
								<node>
									<identifier>LeftShoulder_BlendBone</identifier>
									<transform>
										<row0>0.914283 0.404913 0.011511</row0>
										<row1>-0.404881 0.914355 -0.005101</row1>
										<row2>0.012590 -0.000004 -0.999921</row2>
										<row3>0.503428 -1.259734 -0.037702</row3>
									</transform>
								</node>
							</node>
							<node>
								<identifier>Neck</identifier>
								<transform>
									<row0>0.876096 0.000003 -0.482136</row0>
									<row1>-0.000002 1.000000 0.000002</row1>
									<row2>0.482136 -0.000001 0.876096</row2>
									<row3>0.127685 -0.000000 -0.000001</row3>
								</transform>
								<node>
									<identifier>Head</identifier>
									<transform>
										<row0>-0.000000 -1.000000 -0.000003</row0>
										<row1>0.909062 -0.000002 0.416662</row1>
										<row2>-0.416662 -0.000003 0.909062</row2>
										<row3>0.103514 0.000000 0.000000</row3>
									</transform>
									<node>
										<identifier>Head_BlendBone</identifier>
										<transform>
											<row0>1.000000 -0.000000 0.000005</row0>
											<row1>0.000000 1.000000 0.000000</row1>
											<row2>0.000005 -0.000000 -1.000000</row2>
											<row3>0.000436 -1.461265 -0.000463</row3>
										</transform>
									</node>
								</node>
								<node>
									<identifier>Neck_BlendBone</identifier>
									<transform>
										<row0>-0.000003 -1.000000 0.000001</row0>
										<row1>0.909062 -0.000002 0.416662</row1>
										<row2>0.416662 -0.000002 -0.909062</row2>
										<row3>-1.224673 -0.000434 -0.609273</row3>
									</transform>
								</node>
							</node>
							<node>
								<identifier>RightShoulder</identifier>
								<transform>
									<row0>0.404715 -0.914283 -0.017112</row0>
									<row1>-0.911899 -0.404914 0.066974</row1>
									<row2>-0.068162 -0.011501 -0.997608</row2>
									<row3>0.116066 0.050678 0.001303</row3>
								</transform>
								<node>
									<identifier>RightArm</identifier>
									<transform>
										<row0>0.764937 -0.639422 0.077535</row0>
										<row1>0.606569 0.674628 -0.420654</row1>
										<row2>0.216668 0.368804 0.903902</row2>
										<row3>-0.103878 0.000002 -0.000000</row3>
									</transform>
									<node>
										<identifier>RightForeArm</identifier>
										<transform>
											<row0>0.958080 -0.008360 -0.286378</row0>
											<row1>0.008511 0.999964 -0.000719</row1>
											<row2>0.286373 -0.001748 0.958117</row2>
											<row3>-0.240258 0.000000 -0.000000</row3>
										</transform>
										<node>
											<identifier>RightHand</identifier>
											<transform>
												<row0>0.997822 0.034252 -0.056379</row0>
												<row1>-0.039705 0.994331 -0.098642</row1>
												<row2>0.052681 0.100665 0.993525</row2>
												<row3>-0.243488 0.000000 0.000000</row3>
											</transform>
											<node>
												<identifier>RightHandThumb1</identifier>
												<transform>
													<row0>0.771302 -0.534693 -0.345249</row0>
													<row1>0.535556 0.838332 -0.101880</row1>
													<row2>0.343908 -0.106320 0.932965</row2>
													<row3>-0.029161 0.023508 0.016217</row3>
												</transform>
												<node>
													<identifier>RightHandThumb2</identifier>
													<transform>
														<row0>0.987112 -0.003790 0.159985</row0>
														<row1>0.018890 0.995490 -0.092965</row1>
														<row2>-0.158911 0.094789 0.982732</row2>
														<row3>-0.031766 -0.000000 0.000000</row3>
													</transform>
													<node>
														<identifier>RightHandThumb3</identifier>
														<transform>
															<row0>0.974524 0.002483 0.224271</row0>
															<row1>-0.002313 0.999997 -0.001020</row1>
															<row2>-0.224273 0.000476 0.974526</row2>
															<row3>-0.029762 0.000000 -0.000000</row3>
														</transform>
														<node>
															<identifier>RightHandThumb4</identifier>
															<transform>
																<row0>1.000000 -0.000000 0.000000</row0>
																<row1>0.000000 1.000000 0.000000</row1>
																<row2>0.000000 0.000000 1.000000</row2>
																<row3>-0.023422 -0.000001 -0.000000</row3>
															</transform>
															<node>
																<identifier>RightHandThumb4_BlendBone</identifier>
																<transform>
																	<row0>-0.110335 0.689053 0.716263</row0>
																	<row1>0.991469 0.126623 0.030915</row1>
																	<row2>0.069393 -0.713563 0.697145</row2>
																	<row3>-0.781292 0.105665 0.180770</row3>
																</transform>
															</node>
														</node>
														<node>
															<identifier>RightHandThumb3_BlendBone</identifier>
															<transform>
																<row0>-0.110335 0.689053 0.716263</row0>
																<row1>0.991469 0.126623 0.030915</row1>
																<row2>0.069393 -0.713563 0.697145</row2>
																<row3>-0.804714 0.105665 0.180770</row3>
															</transform>
														</node>
													</node>
													<node>
														<identifier>RightHandThumb2_BlendBone</identifier>
														<transform>
															<row0>-0.269756 0.689117 0.672569</row0>
															<row1>0.958984 0.129100 0.252356</row1>
															<row2>-0.087075 -0.713057 0.695678</row2>
															<row3>-0.854761 0.103752 -0.004417</row3>
														</transform>
													</node>
												</node>
												<node>
													<identifier>RightHandThumb1_BlendBone</identifier>
													<transform>
														<row0>-0.360141 0.750784 0.553735</row0>
														<row1>0.908961 0.148803 0.389419</row1>
														<row2>-0.209972 -0.643569 0.736023</row2>
														<row3>-0.872850 0.106105 -0.150735</row3>
													</transform>
												</node>
											</node>
											<node>
												<identifier>RightHandThumb5</identifier>
												<transform>
													<row0>0.903930 -0.367673 0.218467</row0>
													<row1>-0.112273 0.288900 0.950753</row1>
													<row2>-0.412681 -0.883942 0.219866</row2>
													<row3>-0.083508 0.000001 -0.000000</row3>
												</transform>
												<node>
													<identifier>RightHandThumb6</identifier>
													<transform>
														<row0>0.874458 0.053959 0.482090</row0>
														<row1>0.018174 0.989453 -0.143712</row1>
														<row2>-0.484760 0.134431 0.864254</row2>
														<row3>-0.042009 -0.000000 -0.000000</row3>
													</transform>
													<node>
														<identifier>RightHandThumb7</identifier>
														<transform>
															<row0>1.000000 0.000000 0.000000</row0>
															<row1>-0.000000 1.000000 0.000000</row1>
															<row2>0.000000 -0.000000 1.000000</row2>
															<row3>-0.030843 -0.000000 0.000000</row3>
														</transform>
														<node>
															<identifier>RightHandThumb7_BlendBone</identifier>
															<transform>
																<row0>-0.177750 0.814256 -0.552622</row0>
																<row1>0.842246 -0.164553 -0.513365</row1>
																<row2>0.508947 0.556694 0.656555</row2>
																<row3>-0.669673 0.415927 0.186567</row3>
															</transform>
														</node>
													</node>
													<node>
														<identifier>RightHandThumb6_BlendBone</identifier>
														<transform>
															<row0>-0.177750 0.814256 -0.552622</row0>
															<row1>0.842246 -0.164553 -0.513365</row1>
															<row2>0.508947 0.556694 0.656555</row2>
															<row3>-0.700516 0.415927 0.186567</row3>
														</transform>
													</node>
												</node>
												<node>
													<identifier>RightHandThumb5_BlendBone</identifier>
													<transform>
														<row0>0.127252 0.721787 -0.680316</row0>
														<row1>0.982378 -0.186383 -0.013992</row1>
														<row2>0.136898 0.666547 0.732785</row2>
														<row3>-0.737463 0.398821 -0.236244</row3>
													</transform>
												</node>
											</node>
											<node>
												<identifier>RightHand_BlendBone</identifier>
												<transform>
													<row0>0.314743 0.763097 0.564464</row0>
													<row1>0.914700 -0.402672 0.034337</row1>
													<row2>-0.253496 -0.505508 0.824744</row2>
													<row3>-0.697406 0.595192 0.166127</row3>
												</transform>
											</node>
										</node>
										<node>
											<identifier>RightForeArm_BlendBone</identifier>
											<transform>
												<row0>0.313495 0.826373 0.467791</row0>
												<row1>0.930505 -0.365602 0.022264</row1>
												<row2>-0.189424 -0.428302 0.883559</row2>
												<row3>-0.954255 0.584653 0.145660</row3>
											</transform>
										</node>
									</node>
									<node>
										<identifier>RightArm_BlendBone</identifier>
										<transform>
											<row0>0.441350 0.822904 0.357825</row0>
											<row1>0.894763 -0.373407 -0.244882</row1>
											<row2>0.067900 -0.428247 0.901107</row2>
											<row3>-1.107821 0.592355 0.412416</row3>
										</transform>
									</node>
								</node>
								<node>
									<identifier>RightShoulder_BlendBone</identifier>
									<transform>
										<row0>0.914283 0.404914 0.011501</row0>
										<row1>0.404881 -0.914355 0.005101</row1>
										<row2>-0.012582 0.000007 0.999921</row2>
										<row3>-0.502629 1.260087 0.037712</row3>
									</transform>
								</node>
							</node>
							<node>
								<identifier>Spine2_BlendBone</identifier>
								<transform>
									<row0>0.000000 -1.000000 -0.000000</row0>
									<row1>0.997313 0.000000 -0.073256</row1>
									<row2>-0.073256 0.000000 -0.997313</row2>
									<row3>-1.238999 -0.000437 0.056676</row3>
								</transform>
							</node>
						</node>
						<node>
							<identifier>Spine1_BlendBone</identifier>
							<transform>
								<row0>0.000000 -1.000000 -0.000000</row0>
								<row1>0.997313 0.000000 -0.073256</row1>
								<row2>-0.073256 0.000000 -0.997313</row2>
								<row3>-1.125501 -0.000437 0.056675</row3>
							</transform>
						</node>
					</node>
					<node>
						<identifier>Spine_BlendBone</identifier>
						<transform>
							<row0>0.000000 -1.000000 -0.000000</row0>
							<row1>0.997313 0.000000 -0.073256</row1>
							<row2>-0.073256 0.000000 -0.997313</row2>
							<row3>-1.026190 -0.000437 0.056674</row3>
						</transform>
					</node>
				</node>
				<node>
					<identifier>Hips_BlendBone</identifier>
					<transform>
						<row0>0.000000 -1.000000 -0.000000</row0>
						<row1>0.997313 0.000000 -0.073256</row1>
						<row2>-0.073256 0.000000 -0.997313</row2>
						<row3>-0.941067 -0.000437 0.056673</row3>
					</transform>
				</node>
			</node>
		</node>
	</node>
	<renderSet>
		<treatAsWorldSpaceObject>true</treatAsWorldSpaceObject>
		<node>Head_BlendBone</node>
		<node>Neck_BlendBone</node>
		<node>Spine2_BlendBone</node>
		<node>RightLeg_BlendBone</node>
		<node>RightFoot_BlendBone</node>
		<node>RightToeBase_BlendBone</node>
		<node>RightUpLeg_BlendBone</node>
		<node>R_Skirt_Base_BlendBone</node>
		<node>R_Skirt_BlendBone</node>
		<node>RightHandThumb5_BlendBone</node>
		<node>RightHandThumb6_BlendBone</node>
		<node>RightHandThumb3_BlendBone</node>
		<node>RightHandThumb4_BlendBone</node>
		<node>RightHandThumb2_BlendBone</node>
		<node>RightHandThumb7_BlendBone</node>
		<node>RightHand_BlendBone</node>
		<node>RightHandThumb1_BlendBone</node>
		<node>RightForeArm_BlendBone</node>
		<node>RightArm_BlendBone</node>
		<node>Spine_BlendBone</node>
		<node>RightShoulder_BlendBone</node>
		<node>LeftFoot_BlendBone</node>
		<node>LeftLeg_BlendBone</node>
		<node>LeftToeBase_BlendBone</node>
		<node>LeftUpLeg_BlendBone</node>
		<node>L_Skirt_Base_BlendBone</node>
		<node>L_Skirt_BlendBone</node>
		<node>LeftHandThumb5_BlendBone</node>
		<node>LeftHandThumb6_BlendBone</node>
		<node>LeftHandThumb3_BlendBone</node>
		<node>LeftHandThumb4_BlendBone</node>
		<node>LeftHandThumb2_BlendBone</node>
		<node>LeftHandThumb7_BlendBone</node>
		<node>LeftHand_BlendBone</node>
		<node>LeftHandThumb1_BlendBone</node>
		<node>LeftForeArm_BlendBone</node>
		<node>LeftArm_BlendBone</node>
		<node>LeftShoulder_BlendBone</node>
		<node>Spine1_BlendBone</node>
		<node>RightToe_End_BlendBone</node>
		<node>LeftToe_End_BlendBone</node>
		<node>Hips_BlendBone</node>
		<geometry>
			<vertices>body_Shape1.vertices</vertices>
			<primitive>body_Shape1.indices</primitive>
			<primitiveGroup>
				0
				<material>
					<identifier>s_nd8_skinned</identifier>
					<fx>shaders/std_effects/PBS_ext_skinned.fx</fx>
					<collisionFlags>0</collisionFlags>
					<materialKind>101</materialKind>
					<property>
						diffuseMap
						<Texture>content/Hangars/CharacterAnimations/Civil_Woman/h20_wotbday_2022_costumewoman_Skin_AM.dds</Texture>
					</property>
					<property>
						dynamicObject
						<Bool>true</Bool>
					</property>
					<property>
						g_enableAO
						<Bool>true</Bool>
					</property>
					<property>
						g_tintColor
						<Vector4>0.985000 0.886993 0.004925 1.000000</Vector4>
					</property>
					<property>
						g_useTintColor
						<Bool>true</Bool>
					</property>
					<property>
						metallicGlossMap
						<Texture>content/Hangars/CharacterAnimations/Civil_Woman/h20_wotbday_2022_costumewoman_Skin_GMM.dds</Texture>
					</property>
					<property>
						normalMap
						<Texture>content/Hangars/CharacterAnimations/Civil_Woman/h20_wotbday_2022_costumewoman_Skin_ANM.dds</Texture>
					</property>
				</material>
				<groupOrigin>-0.011565 0.836856 0.015610</groupOrigin>
			</primitiveGroup>
		</geometry>
	</renderSet>
	<renderSet>
		<treatAsWorldSpaceObject>true</treatAsWorldSpaceObject>
		<node>Spine2_BlendBone</node>
		<node>RightArm_BlendBone</node>
		<node>RightShoulder_BlendBone</node>
		<node>Spine_BlendBone</node>
		<node>Spine1_BlendBone</node>
		<node>LeftShoulder_BlendBone</node>
		<node>LeftArm_BlendBone</node>
		<node>Hips_BlendBone</node>
		<node>LeftUpLeg_BlendBone</node>
		<node>RightUpLeg_BlendBone</node>
		<node>Neck_BlendBone</node>
		<node>Head_BlendBone</node>
		<node>R_Skirt_Base_BlendBone</node>
		<node>L_Skirt_Base_BlendBone</node>
		<geometry>
			<vertices>cloths_01Shape.vertices</vertices>
			<primitive>cloths_01Shape.indices</primitive>
			<primitiveGroup>
				0
				<material>
					<identifier>s_nd9_skinned</identifier>
					<fx>shaders/std_effects/PBS_ext_skinned.fx</fx>
					<collisionFlags>0</collisionFlags>
					<materialKind>101</materialKind>
					<property>
						diffuseMap
						<Texture>content/Hangars/CharacterAnimations/Civil_Woman/h20_wotbday_2022_costumewoman_Cloth_AM.dds</Texture>
					</property>
					<property>
						dynamicObject
						<Bool>true</Bool>
					</property>
					<property>
						g_enableAO
						<Bool>true</Bool>
					</property>
					<property>
						g_tintColor
						<Vector4>0.098039 0.247059 0.431373 1.000000</Vector4>
					</property>
					<property>
						g_useTintColor
						<Bool>true</Bool>
					</property>
					<property>
						metallicGlossMap
						<Texture>content/Hangars/CharacterAnimations/Civil_Woman/h20_wotbday_2022_costumewoman_Cloth_GMM.dds</Texture>
					</property>
					<property>
						normalMap
						<Texture>content/Hangars/CharacterAnimations/Civil_Woman/h20_wotbday_2022_costumewoman_Cloth_ANM.dds</Texture>
					</property>
				</material>
				<groupOrigin>0.000220 1.044961 0.000389</groupOrigin>
			</primitiveGroup>
		</geometry>
	</renderSet>
	<constraints/>
	<boundingBox>
		<min>-1.371768 -0.000372 -1.189228</min>
		<max>1.371768 1.677399 1.195790</max>
	</boundingBox>
	<geometrySize>271430</geometrySize>
	<minUVDensity>0.530737</minUVDensity>
</root>
