<?xml version="1.0" encoding="utf-8"?>
<root>
	<node>
		<identifier>Scene Root</identifier>
		<transform>
			<row0>1.000000 0.000000 0.000000</row0>
			<row1>0.000000 1.000000 0.000000</row1>
			<row2>0.000000 0.000000 1.000000</row2>
			<row3>0.000000 0.000000 0.000000</row3>
		</transform>
		<node>
			<identifier>HP_Fire_1</identifier>
			<transform>
				<row0>1.000000 0.000000 0.000000</row0>
				<row1>0.000000 1.000000 0.000000</row1>
				<row2>0.000000 0.000000 1.000000</row2>
				<row3>0.000000 0.568269 -4.473560</row3>
			</transform>
		</node>
		<node>
			<identifier>HP_Fire_2</identifier>
			<transform>
				<row0>1.000000 0.000000 0.000000</row0>
				<row1>0.000000 1.000000 0.000000</row1>
				<row2>0.000000 0.000000 1.000000</row2>
				<row3>-0.793692 0.472064 2.077230</row3>
			</transform>
		</node>
		<node>
			<identifier>HP_TrackUp_LFront</identifier>
			<transform>
				<row0>1.000000 0.000000 0.000000</row0>
				<row1>0.000000 0.978148 0.207912</row1>
				<row2>0.000000 -0.207912 0.978148</row2>
				<row3>-1.516390 0.159651 4.553590</row3>
			</transform>
		</node>
		<node>
			<identifier>HP_TrackUp_LRear</identifier>
			<transform>
				<row0>-1.000000 0.000000 0.000000</row0>
				<row1>0.000000 0.990268 -0.139173</row1>
				<row2>-0.000000 -0.139173 -0.990268</row2>
				<row3>-1.516390 0.099401 -4.815490</row3>
			</transform>
		</node>
		<node>
			<identifier>HP_TrackUp_RFront</identifier>
			<transform>
				<row0>1.000000 0.000000 0.000000</row0>
				<row1>0.000000 0.978148 0.207912</row1>
				<row2>0.000000 -0.207912 0.978148</row2>
				<row3>1.516390 0.159651 4.553590</row3>
			</transform>
		</node>
		<node>
			<identifier>HP_TrackUp_RRear</identifier>
			<transform>
				<row0>-1.000000 0.000000 0.000000</row0>
				<row1>0.000000 0.990268 -0.139173</row1>
				<row2>-0.000000 -0.139173 -0.990268</row2>
				<row3>1.516390 0.099401 -4.815490</row3>
			</transform>
		</node>
		<node>
			<identifier>HP_Track_Exhaus_1</identifier>
			<transform>
				<row0>1.000000 0.000000 0.000000</row0>
				<row1>0.000000 -1.000000 -0.000000</row1>
				<row2>0.000000 0.000000 -1.000000</row2>
				<row3>0.068403 0.424584 -5.394970</row3>
			</transform>
		</node>
		<node>
			<identifier>HP_turretJoint</identifier>
			<transform>
				<row0>1.000000 0.000000 0.000000</row0>
				<row1>0.000000 1.000000 0.000000</row1>
				<row2>0.000000 0.000000 1.000000</row2>
				<row3>0.000000 1.021220 -0.034840</row3>
			</transform>
		</node>
	</node>
	<renderSet>
		<treatAsWorldSpaceObject>false</treatAsWorldSpaceObject>
		<node>Scene Root</node>
		<geometry>
			<vertices>vertices</vertices>
			<primitive>indices</primitive>
			<primitiveGroup>
				0
				<material>
					<identifier>tank_hull_01</identifier>
					<fx>shaders/std_effects/PBS_tank.fx</fx>
					<collisionFlags>0</collisionFlags>
					<materialKind>0</materialKind>
					<property>
						g_useNormalPackDXT1
						<Bool>false</Bool>
					</property>
					<property>
						excludeMaskAndAOMap
						<Texture>vehicles/japan/J25_Type_4/Type_4_hull_01_AO.dds</Texture>
					</property>
					<property>
						colorIdMap
						<Texture>vehicles/russian/common/common_ID.dds</Texture>
					</property>
					<property>
						metallicGlossMap
						<Texture>vehicles/japan/J25_Type_4/Type_4_hull_01_GMM.dds</Texture>
					</property>
					<property>
						normalMap
						<Texture>vehicles/japan/J25_Type_4/Type_4_hull_01_ANM.dds</Texture>
					</property>
					<property>
						diffuseMap
						<Texture>vehicles/japan/J25_Type_4/Type_4_hull_01_AM.dds</Texture>
					</property>
					<property>
						alphaReference
						<Int>0</Int>
					</property>
					<property>
						alphaTestEnable
						<Bool>false</Bool>
					</property>
					<property>
						doubleSided
						<Bool>false</Bool>
					</property>
				</material>
				<groupOrigin>0.000000 0.107315 -0.285804</groupOrigin>
			</primitiveGroup>
		</geometry>
	</renderSet>
	<boundingBox>
		<min>-2.137698 -0.956242 -5.339033</min>
		<max>2.137698 1.170871 4.767426</max>
	</boundingBox>
	<geometrySize>10708</geometrySize>
	<minUVDensity>0.000223</minUVDensity>
</root>
