<?xml version="1.0" encoding="utf-8"?>
<root>
	<node>
		<identifier>Scene Root</identifier>
		<transform>
			<row0>1.000000 0.000000 0.000000</row0>
			<row1>0.000000 1.000000 0.000000</row1>
			<row2>0.000000 0.000000 1.000000</row2>
			<row3>0.000000 0.000000 0.000000</row3>
		</transform>
		<node>
			<identifier>nodes_01</identifier>
			<transform>
				<row0>1.000000 0.000000 0.000000</row0>
				<row1>0.000000 1.000000 0.000000</row1>
				<row2>0.000000 0.000000 1.000000</row2>
				<row3>0.000000 0.000000 0.000000</row3>
			</transform>
			<node>
				<identifier>HP_Fire_1</identifier>
				<transform>
					<row0>1.000000 0.000000 0.000000</row0>
					<row1>0.000000 1.000000 0.000000</row1>
					<row2>0.000000 0.000000 1.000000</row2>
					<row3>0.286854 0.006861 1.967999</row3>
				</transform>
			</node>
			<node>
				<identifier>HP_Fire_2</identifier>
				<transform>
					<row0>1.000000 0.000000 0.000000</row0>
					<row1>0.000000 1.000000 0.000000</row1>
					<row2>0.000000 0.000000 1.000000</row2>
					<row3>-0.884401 0.510642 0.523389</row3>
				</transform>
			</node>
			<node>
				<identifier>HP_TrackUp_LFront</identifier>
				<transform>
					<row0>1.000000 0.000000 0.000000</row0>
					<row1>0.000000 0.918096 0.396357</row1>
					<row2>0.000000 -0.396357 0.918096</row2>
					<row3>-1.366255 0.114896 2.849353</row3>
				</transform>
			</node>
			<node>
				<identifier>HP_TrackUp_LRear</identifier>
				<transform>
					<row0>-0.991660 -0.128204 0.013225</row0>
					<row1>-0.121832 0.898968 -0.420729</row1>
					<row2>0.042050 -0.418831 -0.907090</row2>
					<row3>-1.366255 0.085547 -2.685896</row3>
				</transform>
			</node>
			<node>
				<identifier>HP_TrackUp_RFront</identifier>
				<transform>
					<row0>1.000000 0.000000 0.000000</row0>
					<row1>0.000000 0.918096 0.396357</row1>
					<row2>0.000000 -0.396357 0.918096</row2>
					<row3>1.366256 0.114896 2.849353</row3>
				</transform>
			</node>
			<node>
				<identifier>HP_TrackUp_RRear</identifier>
				<transform>
					<row0>-0.991660 -0.128204 0.013225</row0>
					<row1>-0.121832 0.898968 -0.420729</row1>
					<row2>0.042050 -0.418831 -0.907090</row2>
					<row3>1.366256 0.085547 -2.685896</row3>
				</transform>
			</node>
			<node>
				<identifier>HP_Track_Exhaus_1</identifier>
				<transform>
					<row0>1.000000 0.000000 0.000000</row0>
					<row1>0.000000 -0.999124 -0.041847</row1>
					<row2>0.000000 0.041847 -0.999124</row2>
					<row3>1.200868 0.225361 -2.865419</row3>
				</transform>
			</node>
			<node>
				<identifier>HP_turretJoint</identifier>
				<transform>
					<row0>1.000000 0.000000 0.000000</row0>
					<row1>0.000000 1.000000 0.000000</row1>
					<row2>0.000000 0.000000 1.000000</row2>
					<row3>-0.005556 0.436253 -0.786036</row3>
				</transform>
			</node>
		</node>
	</node>
	<renderSet>
		<treatAsWorldSpaceObject>false</treatAsWorldSpaceObject>
		<node>Scene Root</node>
		<geometry>
			<vertices>vertices</vertices>
			<primitive>indices</primitive>
			<primitiveGroup>
				0
				<material>
					<identifier>tank_proxy</identifier>
					<property>
						selfIllumination
						<Float>0.000000</Float>
					</property>
					<collisionFlags>0</collisionFlags>
					<materialKind>0</materialKind>
					<fx>shaders/std_effects/PBS_tank.fx</fx>
					<property>
						metallicGlossMap
						<Texture>vehicles/sweden/S28_UDES_15_16/_skins/S28_UDES_15_16_3Dst/UDES_15_16_3Dst_proxy_GMM.dds</Texture>
					</property>
					<property>
						normalMap
						<Texture>vehicles/sweden/S28_UDES_15_16/_skins/S28_UDES_15_16_3Dst/UDES_15_16_3Dst_proxy_ANM.dds</Texture>
					</property>
					<property>
						diffuseMap
						<Texture>vehicles/sweden/S28_UDES_15_16/_skins/S28_UDES_15_16_3Dst/UDES_15_16_3Dst_proxy_AM.dds</Texture>
					</property>
					<property>
						excludeMaskAndAOMap
						<Texture>vehicles/sweden/S28_UDES_15_16/_skins/S28_UDES_15_16_3Dst/UDES_15_16_3Dst_proxy_AO.dds</Texture>
					</property>
				</material>
				<groupOrigin>0.004661 0.048872 -0.633454</groupOrigin>
			</primitiveGroup>
		</geometry>
	</renderSet>
	<boundingBox>
		<min>-1.931867 -0.520653 -4.281250</min>
		<max>1.941189 0.618398 3.014341</max>
	</boundingBox>
	<geometrySize>3268</geometrySize>
	<minUVDensity>0.003927</minUVDensity>
</root>
