<?xml version="1.0" encoding="utf-8"?>
<root>
	<node>
		<identifier>Scene Root</identifier>
		<transform>
			<row0>1.000000 0.000000 0.000000</row0>
			<row1>0.000000 1.000000 0.000000</row1>
			<row2>0.000000 0.000000 1.000000</row2>
			<row3>0.000000 0.000000 0.000000</row3>
		</transform>
		<node>
			<identifier>nodes_01</identifier>
			<transform>
				<row0>1.000000 0.000000 0.000000</row0>
				<row1>0.000000 1.000000 0.000000</row1>
				<row2>0.000000 0.000000 1.000000</row2>
				<row3>0.000000 0.000000 0.000000</row3>
			</transform>
			<node>
				<identifier>HP_Fire_1</identifier>
				<transform>
					<row0>1.000000 0.000000 0.000000</row0>
					<row1>0.000000 1.000000 0.000000</row1>
					<row2>0.000000 0.000000 1.000000</row2>
					<row3>0.435204 0.217104 -1.095749</row3>
				</transform>
			</node>
			<node>
				<identifier>HP_Fire_2</identifier>
				<transform>
					<row0>1.000000 0.000000 0.000000</row0>
					<row1>0.000000 1.000000 0.000000</row1>
					<row2>0.000000 0.000000 1.000000</row2>
					<row3>-0.423398 -0.052730 0.879917</row3>
				</transform>
			</node>
			<node>
				<identifier>HP_TrackUp_LFront</identifier>
				<transform>
					<row0>1.000000 0.000000 0.000000</row0>
					<row1>0.000000 0.978148 0.207912</row1>
					<row2>0.000000 -0.207912 0.978148</row2>
					<row3>-0.944864 0.126082 1.643123</row3>
				</transform>
			</node>
			<node>
				<identifier>HP_TrackUp_LRear</identifier>
				<transform>
					<row0>-1.000000 0.000000 0.000000</row0>
					<row1>0.000000 0.990268 -0.139173</row1>
					<row2>-0.000000 -0.139173 -0.990268</row2>
					<row3>-0.944864 0.125127 -1.794803</row3>
				</transform>
			</node>
			<node>
				<identifier>HP_TrackUp_RFront</identifier>
				<transform>
					<row0>1.000000 0.000000 0.000000</row0>
					<row1>0.000000 0.978148 0.207912</row1>
					<row2>0.000000 -0.207912 0.978148</row2>
					<row3>0.944864 0.126082 1.643123</row3>
				</transform>
			</node>
			<node>
				<identifier>HP_TrackUp_RRear</identifier>
				<transform>
					<row0>-1.000000 0.000000 0.000000</row0>
					<row1>0.000000 0.990268 -0.139173</row1>
					<row2>-0.000000 -0.139173 -0.990268</row2>
					<row3>0.944864 0.125127 -1.794802</row3>
				</transform>
			</node>
			<node>
				<identifier>HP_Track_Exhaus_1</identifier>
				<transform>
					<row0>1.000000 0.000000 0.000000</row0>
					<row1>0.000000 -0.998135 0.061049</row1>
					<row2>0.000000 -0.061049 -0.998135</row2>
					<row3>-0.937259 0.394208 -1.713020</row3>
				</transform>
			</node>
			<node>
				<identifier>HP_Track_Exhaus_2</identifier>
				<transform>
					<row0>1.000000 0.000004 -0.000000</row0>
					<row1>0.000004 -0.998135 0.061048</row1>
					<row2>0.000000 -0.061048 -0.998135</row2>
					<row3>0.937259 0.394208 -1.713020</row3>
				</transform>
			</node>
			<node>
				<identifier>HP_turretJoint</identifier>
				<transform>
					<row0>1.000000 0.000000 0.000000</row0>
					<row1>0.000000 1.000000 0.000000</row1>
					<row2>0.000000 0.000000 1.000000</row2>
					<row3>0.000000 0.793289 -0.095970</row3>
				</transform>
			</node>
		</node>
	</node>
	<renderSet>
		<treatAsWorldSpaceObject>false</treatAsWorldSpaceObject>
		<node>Scene Root</node>
		<geometry>
			<vertices>vertices</vertices>
			<primitive>indices</primitive>
			<primitiveGroup>
				0
				<material>
					<identifier>tank_hull_01</identifier>
					<fx>shaders/std_effects/PBS_tank.fx</fx>
					<collisionFlags>0</collisionFlags>
					<materialKind>0</materialKind>
					<property>
						normalMap
						<Texture>vehicles/american/A19_T2_lt/T2_lt_hull_01_ANM.dds</Texture>
					</property>
					<property>
						metallicGlossMap
						<Texture>vehicles/american/A19_T2_lt/T2_lt_hull_01_GMM.dds</Texture>
					</property>
					<property>
						g_useNormalPackDXT1
						<Bool>false</Bool>
					</property>
					<property>
						excludeMaskAndAOMap
						<Texture>vehicles/american/A19_T2_lt/T2_lt_hull_01_AO.dds</Texture>
					</property>
					<property>
						colorIdMap
						<Texture>vehicles/russian/common/common_ID.dds</Texture>
					</property>
					<property>
						doubleSided
						<Bool>false</Bool>
					</property>
					<property>
						diffuseMap
						<Texture>vehicles/american/A19_T2_lt/T2_lt_hull_01_AM.dds</Texture>
					</property>
					<property>
						alphaTestEnable
						<Bool>false</Bool>
					</property>
					<property>
						alphaReference
						<Int>64</Int>
					</property>
				</material>
				<groupOrigin>0.043199 0.240168 -0.113715</groupOrigin>
			</primitiveGroup>
		</geometry>
	</renderSet>
	<boundingBox>
		<min>-1.200308 -0.408677 -2.230503</min>
		<max>1.286705 0.889014 2.003073</max>
	</boundingBox>
	<geometrySize>87786</geometrySize>
	<minUVDensity>0.004235</minUVDensity>
</root>
