<?xml version="1.0" encoding="utf-8"?>
<root>
	<node>
		<identifier>Scene Root</identifier>
		<transform>
			<row0>1.000000 0.000000 0.000000</row0>
			<row1>0.000000 1.000000 0.000000</row1>
			<row2>0.000000 0.000000 1.000000</row2>
			<row3>0.000000 0.000000 0.000000</row3>
		</transform>
		<node>
			<identifier>P100</identifier>
			<transform>
				<row0>0.245227 -0.955142 0.166033</row0>
				<row1>0.659169 0.038691 -0.750999</row1>
				<row2>0.710887 0.293608 0.639088</row2>
				<row3>0.937535 1.757740 -0.820660</row3>
			</transform>
			<node>
				<identifier>P100_BlendBone</identifier>
				<transform>
					<row0>0.245227 0.659169 0.710887</row0>
					<row1>-0.955142 0.038691 0.293608</row1>
					<row2>-0.166033 0.750999 -0.639088</row2>
					<row3>1.585240 -1.302317 -0.658095</row3>
				</transform>
			</node>
		</node>
		<node>
			<identifier>P103</identifier>
			<transform>
				<row0>0.348923 0.234475 0.907345</row0>
				<row1>0.692932 0.587299 -0.418239</row1>
				<row2>-0.630949 0.774662 0.042447</row2>
				<row3>0.484743 6.774426 0.506049</row3>
			</transform>
			<node>
				<identifier>P103_BlendBone</identifier>
				<transform>
					<row0>0.348923 0.692932 -0.630949</row0>
					<row1>0.234475 0.587299 0.774662</row1>
					<row2>-0.907345 0.418239 -0.042447</row2>
					<row3>-2.216730 -4.102861 -4.963521</row3>
				</transform>
			</node>
		</node>
		<node>
			<identifier>P104</identifier>
			<transform>
				<row0>0.273001 -0.361683 0.891435</row0>
				<row1>0.909232 0.399722 -0.116272</row1>
				<row2>-0.314272 0.842264 0.437978</row2>
				<row3>0.670433 6.357557 0.590048</row3>
			</transform>
			<node>
				<identifier>P104_BlendBone</identifier>
				<transform>
					<row0>0.273001 0.909232 -0.314272</row0>
					<row1>-0.361683 0.399722 0.842264</row1>
					<row2>-0.891435 0.116272 -0.437978</row2>
					<row3>1.590401 -3.082226 -5.402469</row3>
				</transform>
			</node>
		</node>
		<node>
			<identifier>P106</identifier>
			<transform>
				<row0>-0.127305 -0.815569 0.564482</row0>
				<row1>0.946498 0.070258 0.314968</row1>
				<row2>-0.296538 0.574378 0.762991</row2>
				<row3>1.117134 4.774492 0.440852</row3>
			</transform>
			<node>
				<identifier>P106_BlendBone</identifier>
				<transform>
					<row0>-0.127305 0.946498 -0.296538</row0>
					<row1>-0.815569 0.070258 0.574378</row1>
					<row2>-0.564482 -0.314968 -0.762991</row2>
					<row3>3.787293 -1.531667 -2.747457</row3>
				</transform>
			</node>
		</node>
		<node>
			<identifier>P107</identifier>
			<transform>
				<row0>0.346322 -0.923701 0.163823</row0>
				<row1>0.931809 0.358922 0.053906</row1>
				<row2>-0.108593 0.133983 0.985016</row2>
				<row3>1.133848 3.520875 -0.608665</row3>
			</transform>
			<node>
				<identifier>P107_BlendBone</identifier>
				<transform>
					<row0>0.346322 0.931809 -0.108593</row0>
					<row1>-0.923701 0.358922 0.133982</row1>
					<row2>-0.163823 -0.053906 -0.985016</row2>
					<row3>2.959272 -2.287441 0.250937</row3>
				</transform>
			</node>
		</node>
		<node>
			<identifier>P108</identifier>
			<transform>
				<row0>0.078125 -0.977954 0.193655</row0>
				<row1>0.492231 -0.131082 -0.860538</row1>
				<row2>0.866952 0.162552 0.471139</row2>
				<row3>0.283879 2.700800 -1.368919</row3>
			</transform>
			<node>
				<identifier>P108_BlendBone</identifier>
				<transform>
					<row0>0.078125 0.492231 0.866952</row0>
					<row1>-0.977954 -0.131082 0.162552</row1>
					<row2>-0.193655 0.860538 -0.471139</row2>
					<row3>2.884179 -0.963714 -0.040181</row3>
				</transform>
			</node>
		</node>
		<node>
			<identifier>P11</identifier>
			<transform>
				<row0>-0.551878 0.598758 -0.580447</row0>
				<row1>-0.786578 -0.142557 0.600809</row1>
				<row2>0.276992 0.788141 0.549645</row2>
				<row3>0.236375 5.153619 0.453440</row3>
			</transform>
			<node>
				<identifier>P11_BlendBone</identifier>
				<transform>
					<row0>-0.551878 -0.786578 0.276992</row0>
					<row1>0.598758 -0.142557 0.788141</row1>
					<row2>0.580447 -0.600809 -0.549645</row2>
					<row3>-2.692124 0.648184 -4.376482</row3>
				</transform>
			</node>
		</node>
		<node>
			<identifier>P111</identifier>
			<transform>
				<row0>-0.218046 -0.799399 0.559838</row0>
				<row1>0.882586 0.083312 0.462711</row1>
				<row2>-0.416532 0.594997 0.687372</row2>
				<row3>0.266706 5.144127 1.186197</row3>
			</transform>
			<node>
				<identifier>P111_BlendBone</identifier>
				<transform>
					<row0>-0.218046 0.882586 -0.416532</row0>
					<row1>-0.799398 0.083312 0.594997</row1>
					<row2>-0.559838 -0.462711 -0.687372</row2>
					<row3>3.506284 -1.212823 -3.765005</row3>
				</transform>
			</node>
		</node>
		<node>
			<identifier>P113</identifier>
			<transform>
				<row0>0.045016 -0.731313 0.680555</row0>
				<row1>0.923239 -0.229759 -0.307963</row1>
				<row2>0.381581 0.642177 0.664834</row2>
				<row3>0.888670 4.348696 -0.278675</row3>
			</transform>
			<node>
				<identifier>P113_BlendBone</identifier>
				<transform>
					<row0>0.045016 0.923239 0.381581</row0>
					<row1>-0.731313 -0.229759 0.642178</row1>
					<row2>-0.680555 0.307963 -0.664834</row2>
					<row3>3.329908 0.092875 -2.946462</row3>
				</transform>
			</node>
		</node>
		<node>
			<identifier>P114</identifier>
			<transform>
				<row0>0.446073 -0.844202 0.297223</row0>
				<row1>0.750553 0.171949 -0.638047</row1>
				<row2>0.487533 0.507697 0.710321</row2>
				<row3>0.448500 4.626920 -0.687574</row3>
			</transform>
			<node>
				<identifier>P114_BlendBone</identifier>
				<transform>
					<row0>0.446074 0.750553 0.487533</row0>
					<row1>-0.844202 0.171949 0.507697</row1>
					<row2>-0.297223 0.638047 -0.710321</row2>
					<row3>3.910354 -1.570923 -2.079335</row3>
				</transform>
			</node>
		</node>
		<node>
			<identifier>P117</identifier>
			<transform>
				<row0>0.022715 -0.995662 -0.090233</row0>
				<row1>-0.324181 -0.092715 0.941441</row1>
				<row2>-0.945722 0.007867 -0.324881</row2>
				<row3>-0.115940 4.314750 1.450836</row3>
			</transform>
			<node>
				<identifier>P117_BlendBone</identifier>
				<transform>
					<row0>0.022715 -0.324181 -0.945722</row0>
					<row1>-0.995662 -0.092715 0.007867</row1>
					<row2>0.090233 -0.941441 0.324881</row2>
					<row3>4.429578 -1.003418 0.327759</row3>
				</transform>
			</node>
		</node>
		<node>
			<identifier>P119</identifier>
			<transform>
				<row0>-0.120397 -0.972563 0.199063</row0>
				<row1>0.467815 0.121277 0.875466</row1>
				<row2>-0.875587 0.198529 0.440378</row2>
				<row3>0.373663 4.388045 1.333512</row3>
			</transform>
			<node>
				<identifier>P119_BlendBone</identifier>
				<transform>
					<row0>-0.120397 0.467815 -0.875587</row0>
					<row1>-0.972563 0.121277 0.198529</row1>
					<row2>-0.199063 -0.875466 -0.440378</row2>
					<row3>4.047184 -1.874418 -1.131227</row3>
				</transform>
			</node>
		</node>
		<node>
			<identifier>P121</identifier>
			<transform>
				<row0>-0.051774 -0.788905 0.612330</row0>
				<row1>0.957772 0.134424 0.254169</row1>
				<row2>-0.282828 0.599632 0.748632</row2>
				<row3>1.146198 4.250479 0.692359</row3>
			</transform>
			<node>
				<identifier>P121_BlendBone</identifier>
				<transform>
					<row0>-0.051774 0.957772 -0.282828</row0>
					<row1>-0.788905 0.134424 0.599632</row1>
					<row2>-0.612330 -0.254169 -0.748632</row2>
					<row3>2.988615 -1.845140 -2.742870</row3>
				</transform>
			</node>
		</node>
		<node>
			<identifier>P126</identifier>
			<transform>
				<row0>-0.121309 -0.974756 -0.187442</row0>
				<row1>-0.528659 -0.096380 0.843345</row1>
				<row2>-0.840121 0.201398 -0.503622</row2>
				<row3>0.195007 3.032073 1.619836</row3>
			</transform>
			<node>
				<identifier>P126_BlendBone</identifier>
				<transform>
					<row0>-0.121309 -0.528659 -0.840121</row0>
					<row1>-0.974756 -0.096380 0.201398</row1>
					<row2>0.187442 -0.843345 0.503622</row2>
					<row3>3.282813 -0.970756 0.368961</row3>
				</transform>
			</node>
		</node>
		<node>
			<identifier>P128</identifier>
			<transform>
				<row0>-0.485470 -0.865006 0.126819</row0>
				<row1>0.307727 -0.033296 0.950892</row1>
				<row2>-0.818305 0.500655 0.282350</row2>
				<row3>0.944946 3.964143 0.822414</row3>
			</transform>
			<node>
				<identifier>P128_BlendBone</identifier>
				<transform>
					<row0>-0.485470 0.307727 -0.818305</row0>
					<row1>-0.865006 -0.033296 0.500655</row1>
					<row2>-0.126819 -0.950892 -0.282350</row2>
					<row3>3.783454 -0.940822 -1.443622</row3>
				</transform>
			</node>
		</node>
		<node>
			<identifier>P129</identifier>
			<transform>
				<row0>0.504776 -0.756505 0.415814</row0>
				<row1>0.516231 -0.121532 -0.847783</row1>
				<row2>0.691887 0.642596 0.329185</row2>
				<row3>0.826153 4.775436 -0.664310</row3>
			</transform>
			<node>
				<identifier>P129_BlendBone</identifier>
				<transform>
					<row0>0.504776 0.516231 0.691887</row0>
					<row1>-0.756505 -0.121532 0.642596</row1>
					<row2>-0.415814 0.847783 -0.329185</row2>
					<row3>3.471850 -0.409308 -3.421602</row3>
				</transform>
			</node>
		</node>
		<node>
			<identifier>P13</identifier>
			<transform>
				<row0>-0.471666 0.684553 -0.555804</row0>
				<row1>-0.805440 -0.077928 0.587532</row1>
				<row2>0.358883 0.724786 0.588122</row2>
				<row3>0.389891 4.001668 0.451763</row3>
			</transform>
			<node>
				<identifier>P13_BlendBone</identifier>
				<transform>
					<row0>-0.471666 -0.805440 0.358883</row0>
					<row1>0.684553 -0.077928 0.724786</row1>
					<row2>0.555804 -0.587532 -0.588122</row2>
					<row3>-2.304362 0.360453 -3.305971</row3>
				</transform>
			</node>
		</node>
		<node>
			<identifier>P130</identifier>
			<transform>
				<row0>0.353590 -0.715884 -0.602066</row0>
				<row1>0.838562 0.527793 -0.135087</row1>
				<row2>0.414473 -0.457104 0.786936</row2>
				<row3>0.449998 5.452625 -0.706730</row3>
			</transform>
			<node>
				<identifier>P130_BlendBone</identifier>
				<transform>
					<row0>0.353590 0.838562 0.414473</row0>
					<row1>-0.715884 0.527793 -0.457104</row1>
					<row2>0.602066 0.135087 -0.786936</row2>
					<row3>3.318834 -3.350680 2.862057</row3>
				</transform>
			</node>
		</node>
		<node>
			<identifier>P132</identifier>
			<transform>
				<row0>0.129769 0.931933 -0.338617</row0>
				<row1>0.273261 0.294666 0.915697</row1>
				<row2>0.953147 -0.211360 -0.216422</row2>
				<row3>-0.174726 5.580812 -0.883628</row3>
			</transform>
			<node>
				<identifier>P132_BlendBone</identifier>
				<transform>
					<row0>0.129769 0.273261 0.953147</row0>
					<row1>0.931933 0.294666 -0.211360</row1>
					<row2>0.338617 -0.915697 0.216422</row2>
					<row3>-5.477479 -0.787597 1.154864</row3>
				</transform>
			</node>
		</node>
		<node>
			<identifier>P133</identifier>
			<transform>
				<row0>-0.030764 0.936413 -0.349548</row0>
				<row1>0.662523 0.280957 0.694354</row1>
				<row2>0.748410 -0.210223 -0.629038</row2>
				<row3>-0.141596 5.462652 -0.580907</row3>
			</transform>
			<node>
				<identifier>P133_BlendBone</identifier>
				<transform>
					<row0>-0.030764 0.662523 0.748410</row0>
					<row1>0.936413 0.280957 -0.210223</row1>
					<row2>0.349548 -0.694354 0.629038</row2>
					<row3>-5.322711 -1.037604 0.888933</row3>
				</transform>
			</node>
		</node>
		<node>
			<identifier>P135</identifier>
			<transform>
				<row0>-0.122497 -0.965494 -0.229816</row0>
				<row1>-0.778181 -0.050280 0.626025</row1>
				<row2>-0.615978 0.255524 -0.745170</row2>
				<row3>0.423459 1.409166 1.491036</row3>
			</transform>
			<node>
				<identifier>P135_BlendBone</identifier>
				<transform>
					<row0>-0.122497 -0.778181 -0.615978</row0>
					<row1>-0.965494 -0.050280 0.255524</row1>
					<row2>0.229816 -0.626025 0.745170</row2>
					<row3>1.755078 -0.533045 1.011840</row3>
				</transform>
			</node>
		</node>
		<node>
			<identifier>P136</identifier>
			<transform>
				<row0>-0.185587 -0.979743 0.075234</row0>
				<row1>0.029696 0.070937 0.997039</row1>
				<row2>-0.982179 0.187271 0.015929</row2>
				<row3>0.585861 2.074737 1.494201</row3>
			</transform>
			<node>
				<identifier>P136_BlendBone</identifier>
				<transform>
					<row0>-0.185587 0.029696 -0.982179</row0>
					<row1>-0.979744 0.070937 0.187272</row1>
					<row2>-0.075234 -0.997039 -0.015929</row2>
					<row3>2.029024 -1.654349 0.163081</row3>
				</transform>
			</node>
		</node>
		<node>
			<identifier>P137</identifier>
			<transform>
				<row0>-0.180766 -0.983011 0.031816</row0>
				<row1>0.061580 0.020973 0.997882</row1>
				<row2>-0.981596 0.182342 0.056743</row2>
				<row3>0.718241 2.362566 1.475732</row3>
			</transform>
			<node>
				<identifier>P137_BlendBone</identifier>
				<transform>
					<row0>-0.180766 0.061580 -0.981596</row0>
					<row1>-0.983011 0.020973 0.182343</row1>
					<row2>-0.031816 -0.997882 -0.056743</row2>
					<row3>2.405311 -1.566386 0.190489</row3>
				</transform>
			</node>
		</node>
		<node>
			<identifier>P139</identifier>
			<transform>
				<row0>-0.025798 -0.760671 0.648625</row0>
				<row1>0.992444 0.058369 0.107926</row1>
				<row2>-0.119955 0.646508 0.753418</row2>
				<row3>1.174756 4.158103 0.500024</row3>
			</transform>
			<node>
				<identifier>P139_BlendBone</identifier>
				<transform>
					<row0>-0.025798 0.992444 -0.119955</row0>
					<row1>-0.760671 0.058369 0.646508</row1>
					<row2>-0.648625 -0.107926 -0.753418</row2>
					<row3>2.868928 -1.462550 -2.924054</row3>
				</transform>
			</node>
		</node>
		<node>
			<identifier>P14</identifier>
			<transform>
				<row0>-0.406830 0.722936 -0.558438</row0>
				<row1>-0.906489 -0.395101 0.148905</row1>
				<row2>-0.112990 0.566797 0.816073</row2>
				<row3>0.184457 3.068633 0.087901</row3>
			</transform>
			<node>
				<identifier>P14_BlendBone</identifier>
				<transform>
					<row0>-0.406830 -0.906489 -0.112990</row0>
					<row1>0.722936 -0.395101 0.566797</row1>
					<row2>0.558438 -0.148905 -0.816073</row2>
					<row3>-2.094296 1.366539 -1.790184</row3>
				</transform>
			</node>
		</node>
		<node>
			<identifier>P140</identifier>
			<transform>
				<row0>-0.278594 -0.532726 0.799117</row0>
				<row1>0.879264 0.193258 0.435369</row1>
				<row2>-0.386368 0.823926 0.414566</row2>
				<row3>1.127576 5.368065 0.372865</row3>
			</transform>
			<node>
				<identifier>P140_BlendBone</identifier>
				<transform>
					<row0>-0.278594 0.879264 -0.386369</row0>
					<row1>-0.532726 0.193258 0.823926</row1>
					<row2>-0.799117 -0.435369 -0.414566</row2>
					<row3>2.875881 -2.191193 -4.141806</row3>
				</transform>
			</node>
		</node>
		<node>
			<identifier>P141</identifier>
			<transform>
				<row0>0.818892 0.092818 0.566392</row0>
				<row1>0.417872 0.580063 -0.699221</row1>
				<row2>-0.393444 0.809266 0.436223</row2>
				<row3>1.136493 5.330578 -0.013117</row3>
			</transform>
			<node>
				<identifier>P141_BlendBone</identifier>
				<transform>
					<row0>0.818892 0.417872 -0.393444</row0>
					<row1>0.092818 0.580063 0.809266</row1>
					<row2>-0.566392 0.699221 -0.436223</row2>
					<row3>-1.418012 -3.576153 -3.860987</row3>
				</transform>
			</node>
		</node>
		<node>
			<identifier>P144</identifier>
			<transform>
				<row0>0.017382 -0.962766 0.269776</row0>
				<row1>0.899734 -0.102622 -0.424203</row1>
				<row2>0.436093 0.250100 0.864449</row2>
				<row3>1.017397 3.862342 -0.385124</row3>
			</transform>
			<node>
				<identifier>P144_BlendBone</identifier>
				<transform>
					<row0>0.017382 0.899734 0.436093</row0>
					<row1>-0.962766 -0.102622 0.250100</row1>
					<row2>-0.269776 0.424203 -0.864449</row2>
					<row3>3.804745 -0.682395 -1.076733</row3>
				</transform>
			</node>
		</node>
		<node>
			<identifier>P146</identifier>
			<transform>
				<row0>-0.544264 -0.835474 -0.075895</row0>
				<row1>0.196192 -0.214721 0.956767</row1>
				<row2>-0.815651 0.505844 0.280778</row2>
				<row3>0.808418 4.542939 0.969486</row3>
			</transform>
			<node>
				<identifier>P146_BlendBone</identifier>
				<transform>
					<row0>-0.544264 0.196192 -0.815651</row0>
					<row1>-0.835474 -0.214721 0.505844</row1>
					<row2>0.075895 -0.956767 -0.280778</row2>
					<row3>4.309079 -0.110712 -1.910841</row3>
				</transform>
			</node>
		</node>
		<node>
			<identifier>P148</identifier>
			<transform>
				<row0>0.916719 0.014126 -0.399283</row0>
				<row1>-0.398555 0.102201 -0.911432</row1>
				<row2>0.027932 0.994664 0.099319</row2>
				<row3>0.283781 6.526991 0.309327</row3>
			</transform>
			<node>
				<identifier>P148_BlendBone</identifier>
				<transform>
					<row0>0.916719 -0.398555 0.027932</row0>
					<row1>0.014126 0.102200 0.994663</row1>
					<row2>0.399283 0.911432 -0.099319</row2>
					<row3>-0.228842 -0.272028 -6.530808</row3>
				</transform>
			</node>
		</node>
		<node>
			<identifier>P15</identifier>
			<transform>
				<row0>0.441278 0.845973 0.299338</row0>
				<row1>-0.404091 -0.110510 0.908019</row1>
				<row2>0.801239 -0.521648 0.293085</row2>
				<row3>-0.004623 3.248629 -0.753795</row3>
			</transform>
			<node>
				<identifier>P15_BlendBone</identifier>
				<transform>
					<row0>0.441278 -0.404091 0.801239</row0>
					<row1>0.845973 -0.110510 -0.521648</row1>
					<row2>-0.299338 -0.908019 -0.293085</row2>
					<row3>-2.520574 1.041597 1.919272</row3>
				</transform>
			</node>
		</node>
		<node>
			<identifier>P151</identifier>
			<transform>
				<row0>0.443881 0.298939 0.844751</row0>
				<row1>0.640371 0.553605 -0.532397</row1>
				<row2>-0.626812 0.777276 0.054303</row2>
				<row3>0.409083 4.209903 -0.244438</row3>
			</transform>
			<node>
				<identifier>P151_BlendBone</identifier>
				<transform>
					<row0>0.443881 0.640372 -0.626813</row0>
					<row1>0.298939 0.553605 0.777276</row1>
					<row2>-0.844751 0.532397 -0.054303</row2>
					<row3>-1.233599 -2.722725 -3.002563</row3>
				</transform>
			</node>
		</node>
		<node>
			<identifier>P153</identifier>
			<transform>
				<row0>0.218421 -0.970136 -0.105493</row0>
				<row1>0.236857 0.157575 -0.958681</row1>
				<row2>0.946674 0.184409 0.264201</row2>
				<row3>-0.125527 5.093099 -1.223494</row3>
			</transform>
			<node>
				<identifier>P153_BlendBone</identifier>
				<transform>
					<row0>0.218421 0.236857 0.946674</row0>
					<row1>-0.970136 0.157575 0.184409</row1>
					<row2>0.105493 0.958681 -0.264201</row2>
					<row3>4.839346 -1.945752 -0.497131</row3>
				</transform>
			</node>
		</node>
		<node>
			<identifier>P161</identifier>
			<transform>
				<row0>-0.047564 -0.956886 0.286542</row0>
				<row1>0.793235 0.138156 0.593036</row1>
				<row2>-0.607056 0.255502 0.752464</row2>
				<row3>0.932344 2.336680 1.291406</row3>
			</transform>
			<node>
				<identifier>P161_BlendBone</identifier>
				<transform>
					<row0>-0.047564 0.793235 -0.607056</row0>
					<row1>-0.956887 0.138156 0.255502</row1>
					<row2>-0.286542 -0.593036 -0.752464</row2>
					<row3>1.910242 -1.828245 -1.002779</row3>
				</transform>
			</node>
		</node>
		<node>
			<identifier>P164</identifier>
			<transform>
				<row0>0.193582 -0.979033 -0.063406</row0>
				<row1>0.365583 0.131958 -0.921377</row1>
				<row2>0.910426 0.155182 0.383462</row2>
				<row3>0.093331 3.325805 -1.519573</row3>
			</transform>
			<node>
				<identifier>P164_BlendBone</identifier>
				<transform>
					<row0>0.193582 0.365583 0.910426</row0>
					<row1>-0.979033 0.131958 0.155182</row1>
					<row2>0.063406 0.921378 -0.383462</row2>
					<row3>3.141656 -1.873086 -0.018378</row3>
				</transform>
			</node>
		</node>
		<node>
			<identifier>P165</identifier>
			<transform>
				<row0>-0.293183 -0.898190 0.327565</row0>
				<row1>0.903162 -0.147816 0.403050</row1>
				<row2>-0.313596 0.414012 0.854548</row2>
				<row3>1.402933 0.423701 0.454914</row3>
			</transform>
			<node>
				<identifier>P165_BlendBone</identifier>
				<transform>
					<row0>-0.293183 0.903162 -0.313596</row0>
					<row1>-0.898190 -0.147816 0.414012</row1>
					<row2>-0.327565 -0.403050 -0.854548</row2>
					<row3>0.642866 -1.387799 -0.124210</row3>
				</transform>
			</node>
		</node>
		<node>
			<identifier>P17</identifier>
			<transform>
				<row0>0.409618 0.912003 -0.021514</row0>
				<row1>-0.095593 0.066364 0.993206</row1>
				<row2>0.907235 -0.404779 0.114365</row2>
				<row3>-0.558225 4.748084 -0.837746</row3>
			</transform>
			<node>
				<identifier>P17_BlendBone</identifier>
				<transform>
					<row0>0.409618 -0.095593 0.907235</row0>
					<row1>0.912003 0.066364 -0.404779</row1>
					<row2>0.021514 -0.993206 -0.114365</row2>
					<row3>-4.119632 0.463588 2.524173</row3>
				</transform>
			</node>
		</node>
		<node>
			<identifier>P170</identifier>
			<transform>
				<row0>0.208513 -0.965080 -0.158566</row0>
				<row1>-0.881141 -0.115020 -0.458651</row1>
				<row2>0.424397 0.235353 -0.874355</row2>
				<row3>-0.221476 4.198678 -1.254983</row3>
			</transform>
			<node>
				<identifier>P170_BlendBone</identifier>
				<transform>
					<row0>0.208513 -0.881141 0.424397</row0>
					<row1>-0.965080 -0.115020 0.235353</row1>
					<row2>0.158566 0.458651 0.874355</row2>
					<row3>3.899243 -0.287820 -1.991480</row3>
				</transform>
			</node>
		</node>
		<node>
			<identifier>P171</identifier>
			<transform>
				<row0>0.174158 -0.935882 0.306259</row0>
				<row1>0.984585 0.170607 -0.038549</row1>
				<row2>-0.016173 0.308251 0.951168</row2>
				<row3>1.261546 2.982310 -0.015240</row3>
			</transform>
			<node>
				<identifier>P171_BlendBone</identifier>
				<transform>
					<row0>0.174158 0.984585 -0.016173</row0>
					<row1>-0.935882 0.170607 0.308251</row1>
					<row2>-0.306259 0.038549 -0.951168</row2>
					<row3>2.576048 -1.751488 -0.884402</row3>
				</transform>
			</node>
		</node>
		<node>
			<identifier>P173</identifier>
			<transform>
				<row0>-0.143320 -0.932913 0.330354</row0>
				<row1>0.883797 0.029572 0.466936</row1>
				<row2>-0.445380 0.358887 0.820266</row2>
				<row3>1.240719 0.540592 1.220814</row3>
			</transform>
			<node>
				<identifier>P173_BlendBone</identifier>
				<transform>
					<row0>-0.143320 0.883796 -0.445380</row0>
					<row1>-0.932912 0.029572 0.358887</row1>
					<row2>-0.330354 -0.466936 -0.820267</row2>
					<row3>0.278845 -1.682572 -0.642813</row3>
				</transform>
			</node>
		</node>
		<node>
			<identifier>P175</identifier>
			<transform>
				<row0>0.140947 -0.964743 0.222270</row0>
				<row1>0.465776 -0.133494 -0.874776</row1>
				<row2>0.873606 0.226825 0.430538</row2>
				<row3>0.550597 1.900521 -1.093001</row3>
			</transform>
			<node>
				<identifier>P175_BlendBone</identifier>
				<transform>
					<row0>0.140947 0.465776 0.873606</row0>
					<row1>-0.964743 -0.133494 0.226825</row1>
					<row2>-0.222270 0.874776 -0.430538</row2>
					<row3>1.998852 -0.958877 -0.441511</row3>
				</transform>
			</node>
		</node>
		<node>
			<identifier>P176</identifier>
			<transform>
				<row0>-0.010256 -0.927283 0.374222</row0>
				<row1>0.996483 0.021648 0.080952</row1>
				<row2>-0.083167 0.373736 0.923799</row2>
				<row3>1.356277 1.352621 -0.301670</row3>
			</transform>
			<node>
				<identifier>P176_BlendBone</identifier>
				<transform>
					<row0>-0.010256 0.996483 -0.083167</row0>
					<row1>-0.927282 0.021648 0.373736</row1>
					<row2>-0.374222 -0.080952 -0.923799</row2>
					<row3>1.381063 -1.356368 -0.114044</row3>
				</transform>
			</node>
		</node>
		<node>
			<identifier>P177</identifier>
			<transform>
				<row0>0.182484 -0.983112 0.013782</row0>
				<row1>0.237830 0.030536 -0.970827</row1>
				<row2>0.954011 0.180439 0.239386</row2>
				<row3>0.212437 4.771288 -1.147443</row3>
			</transform>
			<node>
				<identifier>P177_BlendBone</identifier>
				<transform>
					<row0>0.182484 0.237830 0.954011</row0>
					<row1>-0.983112 0.030536 0.180439</row1>
					<row2>-0.013782 0.970827 -0.239386</row2>
					<row3>4.667758 -1.310187 -0.788910</row3>
				</transform>
			</node>
		</node>
		<node>
			<identifier>P178</identifier>
			<transform>
				<row0>0.032185 -0.692773 0.720437</row0>
				<row1>0.990851 0.116639 0.067895</row1>
				<row2>-0.131067 0.711660 0.690189</row2>
				<row3>0.540037 6.568403 0.850596</row3>
			</transform>
			<node>
				<identifier>P178_BlendBone</identifier>
				<transform>
					<row0>0.032185 0.990851 -0.131067</row0>
					<row1>-0.692773 0.116639 0.711660</row1>
					<row2>-0.720437 -0.067895 -0.690189</row2>
					<row3>3.920233 -1.358983 -5.190762</row3>
				</transform>
			</node>
		</node>
		<node>
			<identifier>P179</identifier>
			<transform>
				<row0>0.153010 -0.961474 0.228375</row0>
				<row1>-0.029438 -0.235428 -0.971446</row1>
				<row2>0.987786 0.141918 -0.064327</row2>
				<row3>0.895511 2.837706 -0.895758</row3>
			</transform>
			<node>
				<identifier>P179_BlendBone</identifier>
				<transform>
					<row0>0.153010 -0.029438 0.987786</row0>
					<row1>-0.961474 -0.235428 0.141918</row1>
					<row2>-0.228375 0.971446 0.064327</row2>
					<row3>2.795928 -0.175742 -1.344916</row3>
				</transform>
			</node>
		</node>
		<node>
			<identifier>P180</identifier>
			<transform>
				<row0>0.076856 -0.966549 0.244696</row0>
				<row1>0.650907 0.234546 0.722017</row1>
				<row2>-0.755257 0.103783 0.647160</row2>
				<row3>0.168247 5.554501 1.309531</row3>
			</transform>
			<node>
				<identifier>P180_BlendBone</identifier>
				<transform>
					<row0>0.076856 0.650907 -0.755257</row0>
					<row1>-0.966549 0.234546 0.103783</row1>
					<row2>-0.244696 -0.722017 -0.647160</row2>
					<row3>5.035330 -2.357802 -1.296870</row3>
				</transform>
			</node>
		</node>
		<node>
			<identifier>P182</identifier>
			<transform>
				<row0>0.829819 0.551292 -0.086474</row0>
				<row1>-0.148863 0.069345 -0.986423</row1>
				<row2>-0.537810 0.831426 0.139611</row2>
				<row3>0.643100 5.887955 0.344666</row3>
			</transform>
			<node>
				<identifier>P182_BlendBone</identifier>
				<transform>
					<row0>0.829819 -0.148863 -0.537811</row0>
					<row1>0.551292 0.069345 0.831426</row1>
					<row2>0.086474 0.986423 -0.139611</row2>
					<row3>-3.749832 0.027422 -4.597651</row3>
				</transform>
			</node>
		</node>
		<node>
			<identifier>P183</identifier>
			<transform>
				<row0>-0.293159 -0.693510 0.658104</row0>
				<row1>0.796442 0.203653 0.569391</row1>
				<row2>-0.528903 0.691064 0.492638</row2>
				<row3>0.577169 6.184878 1.039416</row3>
			</transform>
			<node>
				<identifier>P183_BlendBone</identifier>
				<transform>
					<row0>-0.293159 0.796442 -0.528903</row0>
					<row1>-0.693510 0.203653 0.691064</row1>
					<row2>-0.658104 -0.569391 -0.492638</row2>
					<row3>3.774436 -2.311082 -4.480934</row3>
				</transform>
			</node>
		</node>
		<node>
			<identifier>P185</identifier>
			<transform>
				<row0>0.006692 -0.949416 0.313948</row0>
				<row1>0.999850 0.001347 -0.017240</row1>
				<row2>0.015946 0.314017 0.949284</row2>
				<row3>1.340230 2.427759 -0.367411</row3>
			</transform>
			<node>
				<identifier>P185_BlendBone</identifier>
				<transform>
					<row0>0.006692 0.999851 0.015946</row0>
					<row1>-0.949416 0.001347 0.314017</row1>
					<row2>-0.313948 0.017240 -0.949283</row2>
					<row3>2.411334 -1.349634 -0.434950</row3>
				</transform>
			</node>
		</node>
		<node>
			<identifier>P190</identifier>
			<transform>
				<row0>0.094749 -0.990923 0.095359</row0>
				<row1>0.001839 0.095964 0.995383</row1>
				<row2>-0.995499 -0.094136 0.010915</row2>
				<row3>0.285015 4.139574 1.514698</row3>
			</transform>
			<node>
				<identifier>P190_BlendBone</identifier>
				<transform>
					<row0>0.094749 0.001839 -0.995499</row0>
					<row1>-0.990924 0.095964 -0.094136</row1>
					<row2>-0.095359 -0.995383 -0.010915</row2>
					<row3>3.930556 -1.905478 0.656882</row3>
				</transform>
			</node>
		</node>
		<node>
			<identifier>P191</identifier>
			<transform>
				<row0>-0.000407 0.978043 -0.208401</row0>
				<row1>-0.972904 -0.048572 -0.226051</row1>
				<row2>-0.231210 0.202662 0.951562</row2>
				<row3>-0.186393 5.897379 -0.046205</row3>
			</transform>
			<node>
				<identifier>P191_BlendBone</identifier>
				<transform>
					<row0>-0.000407 -0.972904 -0.231210</row0>
					<row1>0.978043 -0.048572 0.202662</row1>
					<row2>0.208401 0.226051 -0.951562</row2>
					<row3>-5.777598 0.094661 -1.194305</row3>
				</transform>
			</node>
		</node>
		<node>
			<identifier>P192</identifier>
			<transform>
				<row0>-0.000821 -0.938319 0.345770</row0>
				<row1>0.999737 -0.008698 -0.021232</row1>
				<row2>0.022930 0.345661 0.938079</row2>
				<row3>1.244522 0.339144 0.890482</row3>
			</transform>
			<node>
				<identifier>P192_BlendBone</identifier>
				<transform>
					<row0>-0.000821 0.999737 0.022930</row0>
					<row1>-0.938319 -0.008698 0.345661</row1>
					<row2>-0.345770 0.021232 -0.938079</row2>
					<row3>0.011345 -1.222337 -0.981109</row3>
				</transform>
			</node>
		</node>
		<node>
			<identifier>P193</identifier>
			<transform>
				<row0>0.496484 -0.866412 -0.053224</row0>
				<row1>0.773587 0.469441 -0.425663</row1>
				<row2>0.393785 0.170162 0.903315</row2>
				<row3>0.003932 5.599775 -1.035801</row3>
			</transform>
			<node>
				<identifier>P193_BlendBone</identifier>
				<transform>
					<row0>0.496484 0.773587 0.393785</row0>
					<row1>-0.866412 0.469441 0.170162</row1>
					<row2>0.053224 0.425663 -0.903315</row2>
					<row3>4.794633 -3.072705 -0.018763</row3>
				</transform>
			</node>
		</node>
		<node>
			<identifier>P194</identifier>
			<transform>
				<row0>0.511113 0.293075 0.808004</row0>
				<row1>0.705224 0.394406 -0.589155</row1>
				<row2>-0.491348 0.870948 -0.005097</row2>
				<row3>0.537875 6.472400 0.420853</row3>
			</transform>
			<node>
				<identifier>P194_BlendBone</identifier>
				<transform>
					<row0>0.511113 0.705224 -0.491348</row0>
					<row1>0.293075 0.394406 0.870948</row1>
					<row2>-0.808004 0.589155 0.005097</row2>
					<row3>-2.511866 -2.684128 -5.370696</row3>
				</transform>
			</node>
		</node>
		<node>
			<identifier>P195</identifier>
			<transform>
				<row0>0.069634 -0.944706 0.320441</row0>
				<row1>0.990682 0.103177 0.088897</row1>
				<row2>-0.117044 0.311265 0.943088</row2>
				<row3>1.287916 2.248094 0.485256</row3>
			</transform>
			<node>
				<identifier>P195_BlendBone</identifier>
				<transform>
					<row0>0.069634 0.990682 -0.117044</row0>
					<row1>-0.944706 0.103177 0.311265</row1>
					<row2>-0.320441 -0.088897 -0.943088</row2>
					<row3>1.878608 -1.551005 -1.006648</row3>
				</transform>
			</node>
		</node>
		<node>
			<identifier>P197</identifier>
			<transform>
				<row0>0.246781 -0.968097 -0.043436</row0>
				<row1>0.255948 0.108345 -0.960600</row1>
				<row2>0.934660 0.225941 0.274520</row2>
				<row3>0.059931 3.747236 -1.453729</row3>
			</transform>
			<node>
				<identifier>P197_BlendBone</identifier>
				<transform>
					<row0>0.246781 0.255948 0.934660</row0>
					<row1>-0.968097 0.108345 0.225941</row1>
					<row2>0.043436 0.960600 -0.274520</row2>
					<row3>3.549754 -1.817784 -0.503591</row3>
				</transform>
			</node>
		</node>
		<node>
			<identifier>P199</identifier>
			<transform>
				<row0>0.496832 -0.866454 -0.049141</row0>
				<row1>-0.098451 -0.112530 0.988759</row1>
				<row2>-0.862244 -0.486410 -0.141212</row2>
				<row3>-1.129501 7.277963 -0.896691</row3>
			</transform>
			<node>
				<identifier>P199_BlendBone</identifier>
				<transform>
					<row0>0.496832 -0.098451 -0.862244</row0>
					<row1>-0.866454 -0.112530 -0.486410</row1>
					<row2>0.049141 -0.988759 0.141212</row2>
					<row3>6.823130 1.594402 2.439542</row3>
				</transform>
			</node>
		</node>
		<node>
			<identifier>P200</identifier>
			<transform>
				<row0>0.188218 -0.977127 0.098974</row0>
				<row1>0.266396 0.147790 0.952466</row1>
				<row2>-0.945308 -0.152905 0.288120</row2>
				<row3>-0.000898 4.789826 1.476712</row3>
			</transform>
			<node>
				<identifier>P200_BlendBone</identifier>
				<transform>
					<row0>0.188218 0.266396 -0.945308</row0>
					<row1>-0.977127 0.147790 -0.152905</row1>
					<row2>-0.098974 -0.952466 -0.288120</row2>
					<row3>4.534284 -2.114166 0.306072</row3>
				</transform>
			</node>
		</node>
		<node>
			<identifier>P212</identifier>
			<transform>
				<row0>0.153202 0.979793 0.128586</row0>
				<row1>-0.463818 -0.043603 0.884857</row1>
				<row2>0.872583 -0.195203 0.447766</row2>
				<row3>-0.473492 5.850464 -0.875304</row3>
			</transform>
			<node>
				<identifier>P212_BlendBone</identifier>
				<transform>
					<row0>0.153202 -0.463818 0.872583</row0>
					<row1>0.979793 -0.043603 -0.195203</row1>
					<row2>-0.128586 -0.884857 -0.447766</row2>
					<row3>-5.547153 0.810003 1.947118</row3>
				</transform>
			</node>
		</node>
		<node>
			<identifier>P219</identifier>
			<transform>
				<row0>-0.724356 -0.687136 -0.056147</row0>
				<row1>0.261223 -0.348915 0.900011</row1>
				<row2>-0.638021 0.637262 0.432235</row2>
				<row3>0.356050 6.023495 1.272007</row3>
			</transform>
			<node>
				<identifier>P219_BlendBone</identifier>
				<transform>
					<row0>-0.724356 0.261223 -0.638021</row0>
					<row1>-0.687136 -0.348915 0.637262</row1>
					<row2>0.056147 -0.900011 -0.432235</row2>
					<row3>4.468286 0.863858 -4.161181</row3>
				</transform>
			</node>
		</node>
		<node>
			<identifier>P223</identifier>
			<transform>
				<row0>0.313780 -0.939893 0.134696</row0>
				<row1>0.349618 -0.017523 -0.936728</row1>
				<row2>0.882785 0.341019 0.323105</row2>
				<row3>0.747355 3.971219 -1.056042</row3>
			</transform>
			<node>
				<identifier>P223_BlendBone</identifier>
				<transform>
					<row0>0.313780 0.349618 0.882785</row0>
					<row1>-0.939893 -0.017523 0.341019</row1>
					<row2>-0.134696 0.936728 -0.323105</row2>
					<row3>3.640261 -1.180925 -1.672801</row3>
				</transform>
			</node>
		</node>
		<node>
			<identifier>P226</identifier>
			<transform>
				<row0>-0.190749 -0.946970 0.258580</row0>
				<row1>0.751568 0.028568 0.659036</row1>
				<row2>-0.631474 0.320051 0.706263</row2>
				<row3>1.056957 3.522193 0.764975</row3>
			</transform>
			<node>
				<identifier>P226_BlendBone</identifier>
				<transform>
					<row0>-0.190749 0.751568 -0.631474</row0>
					<row1>-0.946970 0.028568 0.320051</row1>
					<row2>-0.258580 -0.659036 -0.706263</row2>
					<row3>3.339216 -1.399143 -1.000112</row3>
				</transform>
			</node>
		</node>
		<node>
			<identifier>P227</identifier>
			<transform>
				<row0>0.028708 -0.964529 0.262413</row0>
				<row1>0.912845 0.132265 0.386290</row1>
				<row2>-0.407296 0.228453 0.884262</row2>
				<row3>1.042094 3.103104 0.992423</row3>
			</transform>
			<node>
				<identifier>P227_BlendBone</identifier>
				<transform>
					<row0>0.028708 0.912845 -0.407296</row0>
					<row1>-0.964528 0.132265 0.228453</row1>
					<row2>-0.262413 -0.386290 -0.884262</row2>
					<row3>2.702691 -1.745065 -1.162034</row3>
				</transform>
			</node>
		</node>
		<node>
			<identifier>P228</identifier>
			<transform>
				<row0>-0.049899 -0.952226 0.301289</row0>
				<row1>0.852048 0.116801 0.510266</row1>
				<row2>-0.521079 0.282174 0.805515</row2>
				<row3>1.163760 2.260089 0.934760</row3>
			</transform>
			<node>
				<identifier>P228_BlendBone</identifier>
				<transform>
					<row0>-0.049899 0.852048 -0.521079</row0>
					<row1>-0.952226 0.116801 0.282174</row1>
					<row2>-0.301289 -0.510266 -0.805515</row2>
					<row3>1.928555 -1.732536 -0.784291</row3>
				</transform>
			</node>
		</node>
		<node>
			<identifier>P23</identifier>
			<transform>
				<row0>0.418956 -0.905727 -0.064296</row0>
				<row1>-0.393293 -0.117187 -0.911914</row1>
				<row2>0.818411 0.407340 -0.405313</row2>
				<row3>-0.748881 5.823923 -1.054106</row3>
			</transform>
			<node>
				<identifier>P23_BlendBone</identifier>
				<transform>
					<row0>0.418956 -0.393293 0.818411</row0>
					<row1>-0.905727 -0.117187 0.407340</row1>
					<row2>0.064296 0.911914 0.405313</row2>
					<row3>5.520858 -0.573294 -2.186665</row3>
				</transform>
			</node>
		</node>
		<node>
			<identifier>P234</identifier>
			<transform>
				<row0>0.680049 0.299120 -0.669373</row0>
				<row1>-0.620476 -0.251557 -0.742785</row1>
				<row2>-0.390567 0.920460 0.014526</row2>
				<row3>0.643077 5.380522 0.216234</row3>
			</transform>
			<node>
				<identifier>P234_BlendBone</identifier>
				<transform>
					<row0>0.680049 -0.620476 -0.390567</row0>
					<row1>0.299120 -0.251557 0.920460</row1>
					<row2>0.669373 0.742785 -0.014526</row2>
					<row3>-1.902005 1.913135 -4.704532</row3>
				</transform>
			</node>
		</node>
		<node>
			<identifier>P236</identifier>
			<transform>
				<row0>-0.070779 -0.936699 0.342908</row0>
				<row1>0.986508 -0.014857 0.163039</row1>
				<row2>-0.147624 0.349821 0.925112</row2>
				<row3>1.334390 1.859880 -0.214909</row3>
			</transform>
			<node>
				<identifier>P236_BlendBone</identifier>
				<transform>
					<row0>-0.070779 0.986508 -0.147624</row0>
					<row1>-0.936699 -0.014857 0.349821</row1>
					<row2>-0.342908 -0.163039 -0.925112</row2>
					<row3>1.910288 -1.253715 -0.254822</row3>
				</transform>
			</node>
		</node>
		<node>
			<identifier>P238</identifier>
			<transform>
				<row0>0.106421 -0.947235 0.302359</row0>
				<row1>0.989705 0.071645 -0.123896</row1>
				<row2>0.095697 0.312432 0.945108</row2>
				<row3>1.332619 1.619087 0.225802</row3>
			</transform>
			<node>
				<identifier>P238_BlendBone</identifier>
				<transform>
					<row0>0.106421 0.989705 0.095697</row0>
					<row1>-0.947235 0.071645 0.312432</row1>
					<row2>-0.302359 0.123896 -0.945108</row2>
					<row3>1.323563 -1.406923 -0.846789</row3>
				</transform>
			</node>
		</node>
		<node>
			<identifier>P239</identifier>
			<transform>
				<row0>0.397978 -0.820130 0.411096</row0>
				<row1>0.884252 0.223570 -0.410018</row1>
				<row2>0.244360 0.526690 0.814178</row2>
				<row3>1.300250 1.096926 0.154024</row3>
			</transform>
			<node>
				<identifier>P239_BlendBone</identifier>
				<transform>
					<row0>0.397978 0.884252 0.244360</row0>
					<row1>-0.820130 0.223570 0.526690</row1>
					<row2>-0.411096 0.410018 -0.814178</row2>
					<row3>0.318833 -1.331836 -1.020872</row3>
				</transform>
			</node>
		</node>
		<node>
			<identifier>P24</identifier>
			<transform>
				<row0>0.323212 -0.944953 -0.050970</row0>
				<row1>-0.327786 -0.061264 -0.942764</row1>
				<row2>0.887745 0.321420 -0.329543</row2>
				<row3>-0.608878 5.155837 -1.049847</row3>
			</transform>
			<node>
				<identifier>P24_BlendBone</identifier>
				<transform>
					<row0>0.323212 -0.327786 0.887745</row0>
					<row1>-0.944953 -0.061264 0.321420</row1>
					<row2>0.050970 0.942764 0.329543</row2>
					<row3>5.015309 -0.873472 -1.462628</row3>
				</transform>
			</node>
		</node>
		<node>
			<identifier>P241</identifier>
			<transform>
				<row0>0.283049 -0.923539 0.258765</row0>
				<row1>0.893257 0.155596 -0.421760</row1>
				<row2>0.349249 0.350522 0.868999</row2>
				<row3>1.498737 0.599643 0.008299</row3>
			</transform>
			<node>
				<identifier>P241_BlendBone</identifier>
				<transform>
					<row0>0.283049 0.893257 0.349249</row0>
					<row1>-0.923539 0.155596 0.350522</row1>
					<row2>-0.258765 0.421760 -0.868999</row2>
					<row3>0.127430 -1.428560 -0.740832</row3>
				</transform>
			</node>
		</node>
		<node>
			<identifier>P244</identifier>
			<transform>
				<row0>0.271827 -0.937205 0.218533</row0>
				<row1>0.939445 0.307671 0.150936</row1>
				<row2>-0.208694 0.164271 0.964086</row2>
				<row3>1.200234 3.121615 -0.345019</row3>
			</transform>
			<node>
				<identifier>P244_BlendBone</identifier>
				<transform>
					<row0>0.271827 0.939445 -0.208694</row0>
					<row1>-0.937205 0.307671 0.164271</row1>
					<row2>-0.218533 -0.150936 -0.964086</row2>
					<row3>2.674737 -2.035908 0.070318</row3>
				</transform>
			</node>
		</node>
		<node>
			<identifier>P246</identifier>
			<transform>
				<row0>0.006057 -0.318619 0.947863</row0>
				<row1>0.894939 0.424630 0.137018</row1>
				<row2>-0.446147 0.847450 0.287717</row2>
				<row3>0.943125 5.855090 0.361786</row3>
			</transform>
			<node>
				<identifier>P246_BlendBone</identifier>
