<?xml version="1.0" encoding="utf-8"?>
<root>
	<node>
		<identifier>Scene Root</identifier>
		<transform>
			<row0>1.000000 0.000000 0.000000</row0>
			<row1>0.000000 1.000000 0.000000</row1>
			<row2>0.000000 0.000000 1.000000</row2>
			<row3>0.000000 0.000000 0.000000</row3>
		</transform>
		<node>
			<identifier>Root</identifier>
			<transform>
				<row0>0.999695 0.017450 0.017452</row0>
				<row1>-0.017145 0.999701 -0.017450</row1>
				<row2>-0.017752 0.017145 0.999695</row2>
				<row3>0.000000 0.000000 0.000000</row3>
			</transform>
			<node>
				<identifier>Drill_joint</identifier>
				<transform>
					<row0>0.999695 -0.017145 -0.017752</row0>
					<row1>-0.003020 0.628899 -0.777481</row1>
					<row2>0.024494 0.777298 0.628655</row2>
					<row3>-0.056060 0.807056 -3.857211</row3>
				</transform>
				<node>
					<identifier>Drill_joint_BlendBone</identifier>
					<transform>
						<row0>1.000000 -0.000000 0.000000</row0>
						<row1>0.000000 0.615328 0.788271</row1>
						<row2>0.000000 0.788271 -0.615328</row2>
						<row3>0.001408 -3.506635 1.798907</row3>
					</transform>
				</node>
			</node>
			<node>
				<identifier>Main_L</identifier>
				<transform>
					<row0>-0.000271 -0.063121 0.998006</row0>
					<row1>0.017456 0.997853 0.063116</row1>
					<row2>-0.999848 0.017438 0.000832</row2>
					<row3>-1.675389 0.636226 -2.341273</row3>
				</transform>
				<node>
					<identifier>joint3</identifier>
					<transform>
						<row0>0.499169 0.022984 0.866200</row0>
						<row1>-0.045996 0.998942 -0.000000</row1>
						<row2>-0.865283 -0.039842 0.499698</row2>
						<row3>1.154778 0.000000 0.000000</row3>
					</transform>
					<node>
						<identifier>joint2</identifier>
						<transform>
							<row0>-0.503752 0.018854 0.863643</row0>
							<row1>0.009499 0.999822 -0.016286</row1>
							<row2>-0.863796 0.000000 -0.503842</row2>
							<row3>0.269109 0.000000 0.000000</row3>
						</transform>
						<node>
							<identifier>HP_L_light_alarm</identifier>
							<transform>
								<row0>0.021708 -0.000409 0.999764</row0>
								<row1>0.018854 0.999822 -0.000000</row1>
								<row2>-0.999587 0.018849 0.021712</row2>
								<row3>0.395133 0.263868 -0.009038</row3>
							</transform>
						</node>
						<node>
							<identifier>joint1</identifier>
							<transform>
								<row0>1.000000 -0.000000 -0.000000</row0>
								<row1>-0.000000 1.000000 0.000000</row1>
								<row2>0.000000 -0.000000 1.000000</row2>
								<row3>1.620263 -0.000000 0.000000</row3>
							</transform>
							<node>
								<identifier>joint14</identifier>
								<transform>
									<row0>0.865069 -0.501293 -0.018989</row0>
									<row1>0.501183 0.865277 -0.010528</row1>
									<row2>0.021708 -0.000409 0.999764</row2>
									<row3>0.070768 -0.201254 -0.001619</row3>
								</transform>
								<node>
									<identifier>joint13</identifier>
									<transform>
										<row0>0.884286 0.466945 -0.000000</row0>
										<row1>-0.466945 0.884286 0.000000</row1>
										<row2>-0.000000 -0.000000 1.000000</row2>
										<row3>0.285646 0.000000 0.000000</row3>
									</transform>
									<node>
										<identifier>joint11</identifier>
										<transform>
											<row0>1.000000 -0.000000 -0.000000</row0>
											<row1>0.000000 1.000000 0.000000</row1>
											<row2>0.000000 0.000000 1.000000</row2>
											<row3>0.366302 0.000000 0.000000</row3>
										</transform>
										<node>
											<identifier>joint11_BlendBone</identifier>
											<transform>
												<row0>-0.000000 0.000000 1.000000</row0>
												<row1>-0.020408 0.999792 -0.000000</row1>
												<row2>0.999792 0.020408 0.000000</row2>
												<row3>-3.402450 -0.267716 1.863919</row3>
											</transform>
										</node>
									</node>
									<node>
										<identifier>joint13_BlendBone</identifier>
										<transform>
											<row0>-0.000000 0.000000 1.000000</row0>
											<row1>-0.020408 0.999792 -0.000000</row1>
											<row2>0.999792 0.020408 0.000000</row2>
											<row3>-3.036147 -0.267716 1.863919</row3>
										</transform>
									</node>
								</node>
								<node>
									<identifier>joint14_BlendBone</identifier>
									<transform>
										<row0>-0.000000 -0.000000 1.000000</row0>
										<row1>-0.484895 0.874573 -0.000000</row1>
										<row2>0.874573 0.484895 0.000000</row2>
										<row3>-2.274168 -1.654453 1.863919</row3>
									</transform>
								</node>
							</node>
							<node>
								<identifier>joint15</identifier>
								<transform>
									<row0>0.544007 -0.838993 -0.012156</row0>
									<row1>0.838800 0.544142 -0.017990</row1>
									<row2>0.021708 -0.000409 0.999764</row2>
									<row3>0.230427 -0.067807 -0.005031</row3>
								</transform>
								<node>
									<identifier>joint12</identifier>
									<transform>
										<row0>0.448461 0.893802 -0.000000</row0>
										<row1>-0.893802 0.448461 -0.000000</row1>
										<row2>0.000000 0.000000 1.000000</row2>
										<row3>0.478948 0.000000 0.000000</row3>
									</transform>
									<node>
										<identifier>joint10</identifier>
										<transform>
											<row0>1.000000 0.000000 0.000000</row0>
											<row1>0.000000 1.000000 0.000000</row1>
											<row2>-0.000000 0.000000 1.000000</row2>
											<row3>0.276428 0.000000 0.000000</row3>
										</transform>
										<node>
											<identifier>joint10_BlendBone</identifier>
											<transform>
												<row0>-0.000000 0.000000 1.000000</row0>
												<row1>0.128815 0.991669 -0.000000</row1>
												<row2>0.991669 -0.128815 0.000000</row2>
												<row3>-3.476880 0.331235 1.863919</row3>
											</transform>
										</node>
									</node>
									<node>
										<identifier>joint12_BlendBone</identifier>
										<transform>
											<row0>-0.000000 0.000000 1.000000</row0>
											<row1>0.128815 0.991669 -0.000000</row1>
											<row2>0.991669 -0.128815 0.000000</row2>
											<row3>-3.200452 0.331235 1.863919</row3>
										</transform>
									</node>
								</node>
								<node>
									<identifier>joint15_BlendBone</identifier>
									<transform>
										<row0>-0.000000 -0.000000 1.000000</row0>
										<row1>-0.828587 0.559860 -0.000000</row1>
										<row2>0.559860 0.828587 0.000000</row2>
										<row3>-1.252389 -2.712026 1.863919</row3>
									</transform>
								</node>
							</node>
							<node>
								<identifier>joint16</identifier>
								<transform>
									<row0>0.578849 0.815343 -0.012235</row0>
									<row1>-0.815146 0.578978 0.017936</row1>
									<row2>0.021708 -0.000409 0.999764</row2>
									<row3>0.233674 0.049380 -0.005054</row3>
								</transform>
								<node>
									<identifier>joint7</identifier>
									<transform>
										<row0>0.447276 -0.894396 0.000000</row0>
										<row1>0.894396 0.447276 -0.000000</row1>
										<row2>0.000000 -0.000000 1.000000</row2>
										<row3>0.474008 0.000000 0.000000</row3>
									</transform>
									<node>
										<identifier>joint8</identifier>
										<transform>
											<row0>1.000000 0.000000 0.000000</row0>
											<row1>-0.000000 1.000000 0.000000</row1>
											<row2>-0.000000 -0.000000 1.000000</row2>
											<row3>0.277389 0.000000 0.000000</row3>
										</transform>
										<node>
											<identifier>joint8_BlendBone</identifier>
											<transform>
												<row0>-0.000000 0.000000 1.000000</row0>
												<row1>-0.134498 0.990914 -0.000000</row1>
												<row2>0.990914 0.134498 0.000000</row2>
												<row3>-3.331540 -1.413068 1.863919</row3>
											</transform>
										</node>
									</node>
									<node>
										<identifier>joint7_BlendBone</identifier>
										<transform>
											<row0>-0.000000 0.000000 1.000000</row0>
											<row1>-0.134498 0.990914 -0.000000</row1>
											<row2>0.990914 0.134498 0.000000</row2>
											<row3>-3.054152 -1.413068 1.863919</row3>
										</transform>
									</node>
								</node>
								<node>
									<identifier>joint16_BlendBone</identifier>
									<transform>
										<row0>-0.000000 0.000000 1.000000</row0>
										<row1>0.826112 0.563506 -0.000000</row1>
										<row2>0.563506 -0.826112 0.000000</row2>
										<row3>-2.155884 2.099590 1.863919</row3>
									</transform>
								</node>
							</node>
							<node>
								<identifier>joint5</identifier>
								<transform>
									<row0>0.889628 0.456286 -0.019130</row0>
									<row1>-0.456170 0.889833 0.010269</row1>
									<row2>0.021708 -0.000409 0.999764</row2>
									<row3>0.077740 0.182607 -0.001613</row3>
								</transform>
								<node>
									<identifier>joint6</identifier>
									<transform>
										<row0>0.892580 -0.450889 -0.000000</row0>
										<row1>0.450889 0.892580 -0.000000</row1>
										<row2>0.000000 -0.000000 1.000000</row2>
										<row3>0.283840 0.000000 0.000000</row3>
									</transform>
									<node>
										<identifier>joint9</identifier>
										<transform>
											<row0>1.000000 -0.000000 0.000000</row0>
											<row1>0.000000 1.000000 -0.000000</row1>
											<row2>0.000000 -0.000000 1.000000</row2>
											<row3>0.366340 0.000000 0.000000</row3>
										</transform>
										<node>
											<identifier>joint9_BlendBone</identifier>
											<transform>
												<row0>-0.000000 0.000000 1.000000</row0>
												<row1>0.024903 0.999690 -0.000000</row1>
												<row2>0.999690 -0.024903 0.000000</row2>
												<row3>-3.427852 -0.786384 1.863919</row3>
											</transform>
										</node>
									</node>
									<node>
										<identifier>joint6_BlendBone</identifier>
										<transform>
											<row0>-0.000000 0.000000 1.000000</row0>
											<row1>0.024903 0.999690 -0.000000</row1>
											<row2>0.999690 -0.024903 0.000000</row2>
											<row3>-3.061512 -0.786384 1.863919</row3>
										</transform>
									</node>
								</node>
								<node>
									<identifier>joint5_BlendBone</identifier>
									<transform>
										<row0>-0.000000 0.000000 1.000000</row0>
										<row1>0.472977 0.881075 -0.000000</row1>
										<row2>0.881075 -0.472977 0.000000</row2>
										<row3>-2.803376 0.678491 1.863919</row3>
									</transform>
								</node>
							</node>
							<node>
								<identifier>joint1_BlendBone</identifier>
								<transform>
									<row0>0.021708 -0.000409 0.999764</row0>
									<row1>0.018854 0.999822 0.000000</row1>
									<row2>0.999587 -0.018849 -0.021712</row2>
									<row3>-2.685267 -0.493552 1.922462</row3>
								</transform>
							</node>
						</node>
						<node>
							<identifier>joint2_BlendBone</identifier>
							<transform>
								<row0>0.021708 -0.000409 0.999764</row0>
								<row1>0.018854 0.999822 0.000000</row1>
								<row2>0.999587 -0.018849 -0.021712</row2>
								<row3>-1.065004 -0.493552 1.922462</row3>
							</transform>
						</node>
					</node>
					<node>
						<identifier>joint3_BlendBone</identifier>
						<transform>
							<row0>-0.874532 -0.000000 -0.484968</row0>
							<row1>-0.000000 1.000000 0.000000</row1>
							<row2>-0.484968 -0.000000 0.874532</row2>
							<row3>-0.859696 -0.513544 -1.880361</row3>
						</transform>
					</node>
				</node>
				<node>
					<identifier>Main_L_BlendBone</identifier>
					<transform>
						<row0>-0.016905 -0.000778 -0.999857</row0>
						<row1>-0.045996 0.998942 -0.000000</row1>
						<row2>-0.998799 -0.045990 0.016923</row2>
						<row3>2.376310 -0.457843 -1.684281</row3>
					</transform>
				</node>
			</node>
			<node>
				<identifier>Main_R</identifier>
				<transform>
					<row0>0.999695 -0.017145 -0.017752</row0>
					<row1>0.017450 0.999701 0.017145</row1>
					<row2>0.017452 -0.017450 0.999695</row2>
					<row3>1.603378 0.518424 -2.406509</row3>
				</transform>
				<node>
					<identifier>joint20</identifier>
					<transform>
						<row0>1.000000 0.000000 -0.000000</row0>
						<row1>0.000000 1.000000 0.000000</row1>
						<row2>0.000000 0.000000 1.000000</row2>
						<row3>0.026741 0.000000 1.159340</row3>
					</transform>
					<node>
						<identifier>joint21</identifier>
						<transform>
							<row0>1.000000 0.000000 0.000000</row0>
							<row1>-0.000000 1.000000 0.000000</row1>
							<row2>0.000000 0.000000 1.000000</row2>
							<row3>0.235295 0.000000 0.130102</row3>
						</transform>
						<node>
							<identifier>HP__R_light_alarm</identifier>
							<transform>
								<row0>1.000000 0.000000 -0.000000</row0>
								<row1>0.000000 1.000000 -0.000000</row1>
								<row2>0.000000 0.000000 1.000000</row2>
								<row3>0.000902 0.279827 -0.389795</row3>
							</transform>
						</node>
						<node>
							<identifier>joint19</identifier>
							<transform>
								<row0>1.000000 0.000000 -0.000000</row0>
								<row1>0.000000 1.000000 -0.000000</row1>
								<row2>0.000000 0.000000 1.000000</row2>
								<row3>-0.035447 0.034296 -1.619195</row3>
							</transform>
							<node>
								<identifier>joint22</identifier>
								<transform>
									<row0>1.000000 0.000000 -0.000000</row0>
									<row1>0.000000 1.000000 0.000000</row1>
									<row2>0.000000 0.000000 1.000000</row2>
									<row3>-0.000000 -0.000000 -0.012076</row3>
								</transform>
								<node>
									<identifier>Disk</identifier>
									<transform>
										<row0>1.000000 0.000000 0.000000</row0>
										<row1>0.000000 1.000000 -0.000000</row1>
										<row2>0.000000 0.000000 1.000000</row2>
										<row3>-0.000000 0.000000 -0.576238</row3>
									</transform>
									<node>
										<identifier>Disk_BlendBone</identifier>
										<transform>
											<row0>1.000000 -0.000000 0.000000</row0>
											<row1>0.000000 1.000000 0.000000</row1>
											<row2>0.000000 0.000000 -1.000000</row2>
											<row3>-1.863309 -0.539283 3.304908</row3>
										</transform>
									</node>
								</node>
								<node>
									<identifier>Protection</identifier>
									<transform>
										<row0>1.000000 0.000000 0.000000</row0>
										<row1>0.000000 1.000000 -0.000000</row1>
										<row2>0.000000 0.000000 1.000000</row2>
										<row3>-0.000000 0.000000 -0.576238</row3>
									</transform>
									<node>
										<identifier>Protection_BlendBone</identifier>
										<transform>
											<row0>1.000000 -0.000000 0.000000</row0>
											<row1>0.000000 1.000000 0.000000</row1>
											<row2>0.000000 0.000000 -1.000000</row2>
											<row3>-1.863309 -0.539283 3.304908</row3>
										</transform>
									</node>
								</node>
								<node>
									<identifier>joint22_BlendBone</identifier>
									<transform>
										<row0>1.000000 -0.000000 0.000000</row0>
										<row1>0.000000 1.000000 0.000000</row1>
										<row2>0.000000 0.000000 -1.000000</row2>
										<row3>-1.863309 -0.539283 2.728670</row3>
									</transform>
								</node>
							</node>
							<node>
								<identifier>joint19_BlendBone</identifier>
								<transform>
									<row0>1.000000 -0.000000 0.000000</row0>
									<row1>0.000000 1.000000 0.000000</row1>
									<row2>0.000000 0.000000 -1.000000</row2>
									<row3>-1.863309 -0.539283 2.716593</row3>
								</transform>
							</node>
						</node>
						<node>
							<identifier>joint21_BlendBone</identifier>
							<transform>
								<row0>1.000000 -0.000000 0.000000</row0>
								<row1>0.000000 1.000000 0.000000</row1>
								<row2>0.000000 0.000000 -1.000000</row2>
								<row3>-1.898756 -0.504987 1.097398</row3>
							</transform>
						</node>
					</node>
					<node>
						<identifier>joint20_BlendBone</identifier>
						<transform>
							<row0>1.000000 -0.000000 0.000000</row0>
							<row1>0.000000 1.000000 0.000000</row1>
							<row2>0.000000 0.000000 -1.000000</row2>
							<row3>-1.663461 -0.504987 1.227500</row3>
						</transform>
					</node>
				</node>
				<node>
					<identifier>Main_R_BlendBone</identifier>
					<transform>
						<row0>1.000000 -0.000000 0.000000</row0>
						<row1>0.000000 1.000000 0.000000</row1>
						<row2>0.000000 0.000000 -1.000000</row2>
						<row3>-1.636720 -0.504987 2.386840</row3>
					</transform>
				</node>
			</node>
			<node>
				<identifier>Root_BlendBone</identifier>
				<transform>
					<row0>0.999695 -0.017145 -0.017752</row0>
					<row1>0.017450 0.999701 0.017145</row1>
					<row2>-0.017452 0.017450 -0.999695</row2>
					<row3>0.000000 0.000000 0.000000</row3>
				</transform>
			</node>
		</node>
	</node>
	<renderSet>
		<treatAsWorldSpaceObject>true</treatAsWorldSpaceObject>
		<node>Drill_joint_BlendBone</node>
		<geometry>
			<vertices>hull_equipment_Drill_anim_Shape.vertices</vertices>
			<primitive>hull_equipment_Drill_anim_Shape.indices</primitive>
			<primitiveGroup>
				0
				<material>
					<identifier>tank_equipment_skinned</identifier>
					<fx>shaders/std_effects/PBS_tank_skinned.fx</fx>
					<materialKind>0</materialKind>
					<collisionFlags>255</collisionFlags>
					<property>
						diffuseMap
						<Texture>vehicles/italy/It23_CC_3/_skins/It23_CC_3_3DSt/CC_3_3DSt_equipment_AM.dds</Texture>
					</property>
					<property>
						excludeMaskAndAOMap
						<Texture>vehicles/italy/It23_CC_3/_skins/It23_CC_3_3DSt/CC_3_3DSt_equipment_AO.dds</Texture>
					</property>
					<property>
						metallicGlossMap
						<Texture>vehicles/italy/It23_CC_3/_skins/It23_CC_3_3DSt/CC_3_3DSt_equipment_GMM.dds</Texture>
					</property>
					<property>
						normalMap
						<Texture>vehicles/italy/It23_CC_3/_skins/It23_CC_3_3DSt/CC_3_3DSt_equipment_ANM.dds</Texture>
					</property>
				</material>
				<groupOrigin>-0.001273 0.739703 3.871098</groupOrigin>
			</primitiveGroup>
		</geometry>
	</renderSet>
	<renderSet>
		<treatAsWorldSpaceObject>true</treatAsWorldSpaceObject>
		<node>joint22_BlendBone</node>
		<node>joint19_BlendBone</node>
		<node>joint2_BlendBone</node>
		<node>Main_L_BlendBone</node>
		<node>joint1_BlendBone</node>
		<node>joint3_BlendBone</node>
		<node>Main_R_BlendBone</node>
		<node>joint20_BlendBone</node>
		<node>joint21_BlendBone</node>
		<node>joint11_BlendBone</node>
		<node>joint16_BlendBone</node>
		<node>joint7_BlendBone</node>
		<node>joint8_BlendBone</node>
		<node>joint13_BlendBone</node>
		<node>joint14_BlendBone</node>
		<node>joint15_BlendBone</node>
		<node>joint5_BlendBone</node>
		<node>joint6_BlendBone</node>
		<node>joint9_BlendBone</node>
		<node>joint12_BlendBone</node>
		<node>joint10_BlendBone</node>
		<node>Protection_BlendBone</node>
		<node>Disk_BlendBone</node>
		<geometry>
			<vertices>hull_equipment_Manipulator_anim_Shape.vertices</vertices>
			<primitive>hull_equipment_Manipulator_anim_Shape.indices</primitive>
			<primitiveGroup>
				0
				<material>
					<identifier>tank_equipment_skinned</identifier>
					<fx>shaders/std_effects/PBS_tank_skinned.fx</fx>
					<materialKind>0</materialKind>
					<collisionFlags>255</collisionFlags>
					<property>
						diffuseMap
						<Texture>vehicles/italy/It23_CC_3/_skins/It23_CC_3_3DSt/CC_3_3DSt_equipment_AM.dds</Texture>
					</property>
					<property>
						excludeMaskAndAOMap
						<Texture>vehicles/italy/It23_CC_3/_skins/It23_CC_3_3DSt/CC_3_3DSt_equipment_AO.dds</Texture>
					</property>
					<property>
						metallicGlossMap
						<Texture>vehicles/italy/It23_CC_3/_skins/It23_CC_3_3DSt/CC_3_3DSt_equipment_GMM.dds</Texture>
					</property>
					<property>
						normalMap
						<Texture>vehicles/italy/It23_CC_3/_skins/It23_CC_3_3DSt/CC_3_3DSt_equipment_ANM.dds</Texture>
					</property>
				</material>
				<groupOrigin>0.000000 0.516776 2.340118</groupOrigin>
			</primitiveGroup>
		</geometry>
	</renderSet>
	<constraints/>
	<boundingBox>
		<min>-2.027625 0.008198 -4.291149</min>
		<max>2.027625 1.159754 -0.954060</max>
	</boundingBox>
	<geometrySize>165250</geometrySize>
	<minUVDensity>0.010557</minUVDensity>
</root>
