<?xml version="1.0" encoding="utf-8"?>
<root>
	<node>
		<identifier>Scene Root</identifier>
		<transform>
			<row0>1.000000 0.000000 0.000000</row0>
			<row1>0.000000 1.000000 0.000000</row1>
			<row2>0.000000 0.000000 1.000000</row2>
			<row3>0.000000 0.000000 0.000000</row3>
		</transform>
		<node>
			<identifier>HP_Fire_1</identifier>
			<transform>
				<row0>1.000000 0.000000 0.000000</row0>
				<row1>0.000000 1.000000 0.000000</row1>
				<row2>0.000000 0.000000 1.000000</row2>
				<row3>0.000000 0.533030 -1.185914</row3>
			</transform>
		</node>
		<node>
			<identifier>HP_Fire_2</identifier>
			<transform>
				<row0>1.000000 0.000000 0.000000</row0>
				<row1>0.000000 1.000000 0.000000</row1>
				<row2>0.000000 0.000000 1.000000</row2>
				<row3>-0.468700 0.299418 1.598395</row3>
			</transform>
		</node>
		<node>
			<identifier>HP_TrackUp_LFront</identifier>
			<transform>
				<row0>1.000000 0.000000 0.000000</row0>
				<row1>0.000000 0.617963 0.786207</row1>
				<row2>0.000000 -0.786207 0.617963</row2>
				<row3>-1.206046 -0.096110 3.282190</row3>
			</transform>
		</node>
		<node>
			<identifier>HP_TrackUp_LRear</identifier>
			<transform>
				<row0>-1.000000 0.000000 0.000000</row0>
				<row1>0.000000 0.578107 -0.815961</row1>
				<row2>-0.000000 -0.815961 -0.578107</row2>
				<row3>-1.206046 -0.117038 -3.295744</row3>
			</transform>
		</node>
		<node>
			<identifier>HP_TrackUp_RFront</identifier>
			<transform>
				<row0>1.000000 0.000000 0.000000</row0>
				<row1>0.000000 0.617963 0.786207</row1>
				<row2>0.000000 -0.786207 0.617963</row2>
				<row3>1.206046 -0.096110 3.281057</row3>
			</transform>
		</node>
		<node>
			<identifier>HP_TrackUp_RRear</identifier>
			<transform>
				<row0>-1.000000 0.000000 0.000000</row0>
				<row1>0.000000 0.578107 -0.815961</row1>
				<row2>-0.000000 -0.815961 -0.578107</row2>
				<row3>1.206046 -0.117038 -3.296876</row3>
			</transform>
		</node>
		<node>
			<identifier>HP_Track_Exhaus_1</identifier>
			<transform>
				<row0>-0.044758 0.995841 0.079360</row0>
				<row1>0.974238 0.025934 0.224027</row1>
				<row2>0.221038 0.087343 -0.971346</row2>
				<row3>1.007295 0.654176 -1.930775</row3>
			</transform>
		</node>
		<node>
			<identifier>HP_Track_Exhaus_2</identifier>
			<transform>
				<row0>-0.965926 0.000000 0.258819</row0>
				<row1>0.016552 0.997953 0.061775</row1>
				<row2>-0.258289 0.063954 -0.963948</row2>
				<row3>-1.009726 0.654798 -1.928937</row3>
			</transform>
		</node>
		<node>
			<identifier>HP_turretJoint</identifier>
			<transform>
				<row0>1.000000 0.000000 0.000000</row0>
				<row1>0.000000 1.000000 0.000000</row1>
				<row2>0.000000 0.000000 1.000000</row2>
				<row3>0.256579 0.825229 2.298659</row3>
			</transform>
		</node>
	</node>
	<renderSet>
		<treatAsWorldSpaceObject>false</treatAsWorldSpaceObject>
		<node>Scene Root</node>
		<geometry>
			<vertices>vertices</vertices>
			<primitive>indices</primitive>
			<primitiveGroup>
				0
				<material>
					<identifier>tank_hull_01</identifier>
					<collisionFlags>0</collisionFlags>
					<materialKind>0</materialKind>
					<fx>shaders/std_effects/PBS_tank.fx</fx>
					<property>
						diffuseMap
						<Texture>vehicles/russian/R111_ISU130/ISU-130_hull_01_AM.dds</Texture>
					</property>
					<property>
						excludeMaskAndAOMap
						<Texture>vehicles/russian/R111_ISU130/ISU-130_hull_01_AO.dds</Texture>
					</property>
					<property>
						colorIdMap
						<Texture>vehicles/russian/common/common_ID.dds</Texture>
					</property>
					<property>
						metallicGlossMap
						<Texture>vehicles/russian/R111_ISU130/ISU-130_hull_01_GMM.dds</Texture>
					</property>
					<property>
						metallicDetailMap
						<Texture>vehicles/russian/Tank_detail/Details_map.dds</Texture>
					</property>
					<property>
						g_detailUVTiling
						<Vector4>8.416440 8.416440 0.000000 0.000000</Vector4>
					</property>
					<property>
						normalMap
						<Texture>vehicles/russian/R111_ISU130/ISU-130_hull_01_ANM.dds</Texture>
					</property>
				</material>
				<groupOrigin>0.000000 0.533270 -0.065261</groupOrigin>
			</primitiveGroup>
		</geometry>
	</renderSet>
	<boundingBox>
		<min>-1.585038 -0.578001 -3.504244</min>
		<max>1.585038 1.644541 3.373723</max>
	</boundingBox>
	<geometrySize>133940</geometrySize>
	<minUVDensity>0.002351</minUVDensity>
</root>
