<?xml version="1.0" encoding="utf-8"?>
<root>
	<node>
		<identifier>Scene Root</identifier>
		<transform>
			<row0>1.000000 0.000000 0.000000</row0>
			<row1>0.000000 1.000000 0.000000</row1>
			<row2>0.000000 0.000000 1.000000</row2>
			<row3>0.000000 0.000000 0.000000</row3>
		</transform>
		<node>
			<identifier>nodes_01</identifier>
			<transform>
				<row0>1.000000 0.000000 0.000000</row0>
				<row1>0.000000 1.000000 0.000000</row1>
				<row2>0.000000 0.000000 1.000000</row2>
				<row3>0.000000 0.000000 0.000000</row3>
			</transform>
			<node>
				<identifier>HP_Fire_1</identifier>
				<transform>
					<row0>1.000000 0.000000 0.000000</row0>
					<row1>0.000000 1.000000 0.000000</row1>
					<row2>0.000000 0.000000 1.000000</row2>
					<row3>0.000000 -0.012778 -2.160692</row3>
				</transform>
			</node>
			<node>
				<identifier>HP_Fire_2</identifier>
				<transform>
					<row0>1.000000 0.000000 0.000000</row0>
					<row1>0.000000 1.000000 0.000000</row1>
					<row2>0.000000 0.000000 1.000000</row2>
					<row3>0.000000 -0.265711 2.261597</row3>
				</transform>
			</node>
			<node>
				<identifier>HP_TrackUp_LFront</identifier>
				<transform>
					<row0>1.000000 0.000000 0.000000</row0>
					<row1>0.000000 0.978148 0.207912</row1>
					<row2>0.000000 -0.207912 0.978148</row2>
					<row3>-1.344816 0.148126 2.853074</row3>
				</transform>
			</node>
			<node>
				<identifier>HP_TrackUp_LRear</identifier>
				<transform>
					<row0>-0.970600 0.194099 0.142342</row0>
					<row1>0.046580 0.731659 -0.680077</row1>
					<row2>-0.236148 -0.653452 -0.719190</row2>
					<row3>-1.344816 -0.020229 -3.067739</row3>
				</transform>
			</node>
			<node>
				<identifier>HP_TrackUp_RFront</identifier>
				<transform>
					<row0>1.000000 0.000000 0.000000</row0>
					<row1>0.000000 0.978148 0.207912</row1>
					<row2>0.000000 -0.207912 0.978148</row2>
					<row3>1.344816 0.148133 2.853074</row3>
				</transform>
			</node>
			<node>
				<identifier>HP_TrackUp_RRear</identifier>
				<transform>
					<row0>-0.970600 0.194099 0.142342</row0>
					<row1>0.046580 0.731659 -0.680077</row1>
					<row2>-0.236148 -0.653452 -0.719190</row2>
					<row3>1.344816 -0.022910 -3.068864</row3>
				</transform>
			</node>
			<node>
				<identifier>HP_Track_Exhaus_1</identifier>
				<transform>
					<row0>-0.598321 -0.007403 0.801222</row0>
					<row1>-0.007253 0.999966 0.003824</row1>
					<row2>-0.801223 -0.003523 -0.598355</row2>
					<row3>-1.535873 0.412919 -2.645104</row3>
				</transform>
			</node>
			<node>
				<identifier>HP_Track_Exhaus_2</identifier>
				<transform>
					<row0>-0.597965 -0.001272 -0.801521</row0>
					<row1>-0.007253 0.999966 0.003824</row1>
					<row2>0.801490 0.008100 -0.597954</row2>
					<row3>1.531295 0.412919 -2.645104</row3>
				</transform>
			</node>
			<node>
				<identifier>HP_turretJoint</identifier>
				<transform>
					<row0>1.000000 0.000000 0.000000</row0>
					<row1>0.000000 1.000000 0.000000</row1>
					<row2>0.000000 0.000000 1.000000</row2>
					<row3>0.014032 0.576892 0.312539</row3>
				</transform>
			</node>
		</node>
	</node>
	<renderSet>
		<treatAsWorldSpaceObject>false</treatAsWorldSpaceObject>
		<node>Scene Root</node>
		<geometry>
			<vertices>vertices</vertices>
			<primitive>indices</primitive>
			<primitiveGroup>
				0
				<material>
					<identifier>tank_hull_01</identifier>
					<property>
						selfIllumination
						<Float>0.000000</Float>
					</property>
					<collisionFlags>0</collisionFlags>
					<materialKind>0</materialKind>
					<fx>shaders/std_effects/PBS_tank.fx</fx>
					<property>
						metallicGlossMap
						<Texture>vehicles/french/F38_Bat_Chatillon155_58/_skins/F38_Bat_Chatillon155_58_MD22_III_3DSt/Bat_Chatillon155_58_MD22_III_3DSt_hull_01_GMM.dds</Texture>
					</property>
					<property>
						normalMap
						<Texture>vehicles/french/F38_Bat_Chatillon155_58/_skins/F38_Bat_Chatillon155_58_MD22_III_3DSt/Bat_Chatillon155_58_MD22_III_3DSt_hull_01_ANM.dds</Texture>
					</property>
					<property>
						diffuseMap
						<Texture>vehicles/french/F38_Bat_Chatillon155_58/_skins/F38_Bat_Chatillon155_58_MD22_III_3DSt/Bat_Chatillon155_58_MD22_III_3DSt_hull_01_AM.dds</Texture>
					</property>
					<property>
						excludeMaskAndAOMap
						<Texture>vehicles/french/F38_Bat_Chatillon155_58/_skins/F38_Bat_Chatillon155_58_MD22_III_3DSt/Bat_Chatillon155_58_MD22_III_3DSt_hull_01_AO.dds</Texture>
					</property>
				</material>
				<groupOrigin>0.024343 0.045455 -0.234792</groupOrigin>
			</primitiveGroup>
			<primitiveGroup>
				1
				<material>
					<identifier>tank_havok_01</identifier>
					<property>
						selfIllumination
						<Float>0.000000</Float>
					</property>
					<property>
						diffuseMap
						<Texture>vehicles/french/F38_Bat_Chatillon155_58/_skins/F38_Bat_Chatillon155_58_MD22_III_3DSt/Bat_Chatillon155_58_MD22_III_3DSt_equipment_AM.dds</Texture>
					</property>
					<collisionFlags>0</collisionFlags>
					<materialKind>0</materialKind>
					<fx>shaders/std_effects/PBS_tank.fx</fx>
					<property>
						excludeMaskAndAOMap
						<Texture>vehicles/french/F38_Bat_Chatillon155_58/_skins/F38_Bat_Chatillon155_58_MD22_III_3DSt/Bat_Chatillon155_58_MD22_III_3DSt_equipment_AO.dds</Texture>
					</property>
					<property>
						g_detailUVTiling
						<Vector4>7.014000 3.507000 0.000000 0.000000</Vector4>
					</property>
					<property>
						metallicDetailMap
						<Texture>vehicles/russian/Tank_detail/Details_map.dds</Texture>
					</property>
					<property>
						metallicGlossMap
						<Texture>vehicles/french/F38_Bat_Chatillon155_58/_skins/F38_Bat_Chatillon155_58_MD22_III_3DSt/Bat_Chatillon155_58_MD22_III_3DSt_equipment_GMM.dds</Texture>
					</property>
					<property>
						normalMap
						<Texture>vehicles/french/F38_Bat_Chatillon155_58/_skins/F38_Bat_Chatillon155_58_MD22_III_3DSt/Bat_Chatillon155_58_MD22_III_3DSt_equipment_ANM.dds</Texture>
					</property>
				</material>
				<groupOrigin>-0.039319 0.263362 0.084907</groupOrigin>
			</primitiveGroup>
			<primitiveGroup>
				2
				<material>
					<identifier>tank_havok_02</identifier>
					<property>
						selfIllumination
						<Float>0.000000</Float>
					</property>
					<property>
						diffuseMap
						<Texture>vehicles/french/F38_Bat_Chatillon155_58/_skins/F38_Bat_Chatillon155_58_MD22_III_3DSt/Bat_Chatillon155_58_MD22_III_3DSt_Net_01_AM.dds</Texture>
					</property>
					<collisionFlags>0</collisionFlags>
					<materialKind>0</materialKind>
					<fx>shaders/std_effects/PBS_tank.fx</fx>
					<property>
						alphaReference
						<Int>64</Int>
					</property>
					<property>
						alphaTestEnable
						<Bool>true</Bool>
					</property>
					<property>
						doubleSided
						<Bool>true</Bool>
					</property>
					<property>
						excludeMaskAndAOMap
						<Texture>vehicles/french/F38_Bat_Chatillon155_58/_skins/F38_Bat_Chatillon155_58_MD22_III_3DSt/Bat_Chatillon155_58_MD22_III_3DSt_Net_01_AO.dds</Texture>
					</property>
					<property>
						g_detailUVTiling
						<Vector4>1.753000 1.753000 0.000000 0.000000</Vector4>
					</property>
					<property>
						metallicDetailMap
						<Texture>vehicles/russian/Tank_detail/Details_map.dds</Texture>
					</property>
					<property>
						metallicGlossMap
						<Texture>vehicles/french/F38_Bat_Chatillon155_58/_skins/F38_Bat_Chatillon155_58_MD22_III_3DSt/Bat_Chatillon155_58_MD22_III_3DSt_Net_01_GMM.dds</Texture>
					</property>
					<property>
						normalMap
						<Texture>vehicles/french/F38_Bat_Chatillon155_58/_skins/F38_Bat_Chatillon155_58_MD22_III_3DSt/Bat_Chatillon155_58_MD22_III_3DSt_Net_01_ANM.dds</Texture>
					</property>
				</material>
				<groupOrigin>0.017045 0.192478 -0.074473</groupOrigin>
			</primitiveGroup>
		</geometry>
	</renderSet>
	<boundingBox>
		<min>-1.929303 -0.585263 -3.648200</min>
		<max>1.873441 0.676172 3.178616</max>
	</boundingBox>
	<geometrySize>160444</geometrySize>
	<minUVDensity>0.001750</minUVDensity>
</root>
