<?xml version="1.0" encoding="utf-8"?>
<root>
	<node>
		<identifier>Scene Root</identifier>
		<transform>
			<row0>1.000000 0.000000 0.000000</row0>
			<row1>0.000000 1.000000 0.000000</row1>
			<row2>0.000000 0.000000 1.000000</row2>
			<row3>0.000000 0.000000 0.000000</row3>
		</transform>
		<node>
			<identifier>HP_Fire_1</identifier>
			<transform>
				<row0>-0.936360 0.000000 -0.351041</row0>
				<row1>0.000000 1.000000 0.000000</row1>
				<row2>0.351041 0.000000 -0.936360</row2>
				<row3>-0.000000 -0.115233 -1.499530</row3>
			</transform>
		</node>
		<node>
			<identifier>HP_Fire_2</identifier>
			<transform>
				<row0>1.000000 0.000000 0.000000</row0>
				<row1>0.000000 1.000000 0.000000</row1>
				<row2>0.000000 0.000000 1.000000</row2>
				<row3>0.000000 0.560834 -0.021591</row3>
			</transform>
		</node>
		<node>
			<identifier>HP_TrackUp_LFront</identifier>
			<transform>
				<row0>1.000000 0.000000 0.000000</row0>
				<row1>0.000000 0.748911 0.662670</row1>
				<row2>0.000000 -0.662670 0.748911</row2>
				<row3>-0.941331 0.019386 1.882960</row3>
			</transform>
		</node>
		<node>
			<identifier>HP_TrackUp_LRear</identifier>
			<transform>
				<row0>-1.000000 0.000000 -0.000000</row0>
				<row1>0.000000 0.904448 -0.426584</row1>
				<row2>-0.000000 -0.426584 -0.904448</row2>
				<row3>-0.941331 0.089201 -2.063480</row3>
			</transform>
		</node>
		<node>
			<identifier>HP_TrackUp_RFront</identifier>
			<transform>
				<row0>1.000000 0.000000 0.000000</row0>
				<row1>0.000000 0.748911 0.662670</row1>
				<row2>0.000000 -0.662670 0.748911</row2>
				<row3>0.941331 0.019386 1.882960</row3>
			</transform>
		</node>
		<node>
			<identifier>HP_TrackUp_RRear</identifier>
			<transform>
				<row0>-1.000000 0.000000 -0.000000</row0>
				<row1>0.000000 0.904448 -0.426584</row1>
				<row2>-0.000000 -0.426584 -0.904448</row2>
				<row3>0.941331 0.089201 -2.063480</row3>
			</transform>
		</node>
		<node>
			<identifier>HP_Track_Exhaus_1</identifier>
			<transform>
				<row0>-0.999991 0.000000 -0.004237</row0>
				<row1>0.000000 1.000000 0.000000</row1>
				<row2>0.004237 0.000000 -0.999991</row2>
				<row3>0.849897 0.493576 -1.853400</row3>
			</transform>
		</node>
		<node>
			<identifier>HP_Track_Exhaus_2</identifier>
			<transform>
				<row0>-0.999991 0.000000 -0.004237</row0>
				<row1>0.000000 1.000000 0.000000</row1>
				<row2>0.004237 0.000000 -0.999991</row2>
				<row3>-0.847314 0.493576 -1.853400</row3>
			</transform>
		</node>
		<node>
			<identifier>HP_turretJoint</identifier>
			<transform>
				<row0>1.000000 0.000000 0.000000</row0>
				<row1>0.000000 1.000000 0.000000</row1>
				<row2>0.000000 0.000000 1.000000</row2>
				<row3>0.004330 0.794658 -0.080390</row3>
			</transform>
		</node>
		<node>
			<identifier>lod0</identifier>
			<transform>
				<row0>1.000000 0.000000 0.000000</row0>
				<row1>0.000000 1.000000 0.000000</row1>
				<row2>0.000000 0.000000 1.000000</row2>
				<row3>0.000000 0.000000 0.000000</row3>
			</transform>
			<node>
				<identifier>hull</identifier>
				<transform>
					<row0>1.000000 0.000000 0.000000</row0>
					<row1>0.000000 1.000000 0.000000</row1>
					<row2>0.000000 0.000000 1.000000</row2>
					<row3>0.000000 -0.891842 0.000000</row3>
				</transform>
			</node>
		</node>
	</node>
	<renderSet>
		<treatAsWorldSpaceObject>false</treatAsWorldSpaceObject>
		<node>Scene Root</node>
		<geometry>
			<vertices>vertices</vertices>
			<primitive>indices</primitive>
			<primitiveGroup>
				0
				<material>
					<identifier>tank_hull_01</identifier>
					<fx>shaders/std_effects/PBS_tank.fx</fx>
					<collisionFlags>0</collisionFlags>
					<materialKind>0</materialKind>
					<property>
						g_useNormalPackDXT1
						<Bool>false</Bool>
					</property>
					<property>
						metallicGlossMap
						<Texture>vehicles/american/A02_M2_lt/M2_lt_hull_01_GMM.dds</Texture>
					</property>
					<property>
						normalMap
						<Texture>vehicles/american/A02_M2_lt/M2_lt_hull_01_ANM.dds</Texture>
					</property>
					<property>
						diffuseMap
						<Texture>vehicles/american/A02_M2_lt/M2_lt_hull_01_AM.dds</Texture>
					</property>
					<property>
						excludeMaskAndAOMap
						<Texture>vehicles/american/A02_M2_lt/M2_lt_hull_01_AO.dds</Texture>
					</property>
					<property>
						colorIdMap
						<Texture>vehicles/russian/common/common_ID.dds</Texture>
					</property>
				</material>
				<groupOrigin>0.003517 0.219942 -0.146242</groupOrigin>
			</primitiveGroup>
		</geometry>
	</renderSet>
	<boundingBox>
		<min>-1.256389 -0.580227 -2.361858</min>
		<max>1.263423 1.020111 2.069374</max>
	</boundingBox>
	<geometrySize>100740</geometrySize>
	<minUVDensity>0.006035</minUVDensity>
</root>
