<?xml version="1.0" encoding="utf-8"?>
<root>
	<node>
		<identifier>Scene Root</identifier>
		<transform>
			<row0>1.000000 0.000000 0.000000</row0>
			<row1>0.000000 1.000000 0.000000</row1>
			<row2>0.000000 0.000000 1.000000</row2>
			<row3>0.000000 0.000000 0.000000</row3>
		</transform>
		<node>
			<identifier>NY22_Attraction_12_root_bn</identifier>
			<transform>
				<row0>1.000000 0.000000 0.000000</row0>
				<row1>0.000000 1.000000 0.000000</row1>
				<row2>0.000000 0.000000 1.000000</row2>
				<row3>0.000000 0.000000 0.000000</row3>
			</transform>
			<node>
				<identifier>NY22_Attraction_12_move_bn</identifier>
				<transform>
					<row0>1.000000 0.000000 0.000000</row0>
					<row1>0.000000 1.000000 0.000000</row1>
					<row2>0.000000 0.000000 1.000000</row2>
					<row3>0.000000 2.107154 0.000000</row3>
				</transform>
				<node>
					<identifier>NY22_Attraction_12_spin_bn</identifier>
					<transform>
						<row0>1.000000 0.000000 0.000000</row0>
						<row1>0.000000 1.000000 0.000000</row1>
						<row2>0.000000 0.000000 1.000000</row2>
						<row3>0.000000 0.000000 0.000000</row3>
					</transform>
					<node>
						<identifier>NY22_Attraction_12_seat_01</identifier>
						<transform>
							<row0>0.809017 0.000000 -0.587785</row0>
							<row1>0.000000 1.000000 0.000000</row1>
							<row2>0.587785 0.000000 0.809017</row2>
							<row3>-5.208630 -0.824418 3.784291</row3>
						</transform>
						<node>
							<identifier>NY22_Attraction_12_seat_01_BlendBone</identifier>
							<transform>
								<row0>0.809017 0.000000 0.587785</row0>
								<row1>0.000000 1.000000 0.000000</row1>
								<row2>0.587785 0.000000 -0.809017</row2>
								<row3>6.438220 -1.282736 0.000000</row3>
							</transform>
						</node>
					</node>
					<node>
						<identifier>NY22_Attraction_12_seat_02</identifier>
						<transform>
							<row0>0.309017 0.000000 -0.951057</row0>
							<row1>0.000000 1.000000 0.000000</row1>
							<row2>0.951057 0.000000 0.309017</row2>
							<row3>-1.989519 -0.824418 6.123111</row3>
						</transform>
						<node>
							<identifier>NY22_Attraction_12_seat_02_BlendBone</identifier>
							<transform>
								<row0>0.309017 0.000000 0.951057</row0>
								<row1>0.000000 1.000000 0.000000</row1>
								<row2>0.951057 0.000000 -0.309017</row2>
								<row3>6.438221 -1.282736 0.000000</row3>
							</transform>
						</node>
					</node>
					<node>
						<identifier>NY22_Attraction_12_seat_03</identifier>
						<transform>
							<row0>-0.309017 0.000000 -0.951057</row0>
							<row1>0.000000 1.000000 0.000000</row1>
							<row2>0.951057 0.000000 -0.309017</row2>
							<row3>1.989519 -0.824418 6.123111</row3>
						</transform>
						<node>
							<identifier>NY22_Attraction_12_seat_03_BlendBone</identifier>
							<transform>
								<row0>-0.309017 0.000000 0.951057</row0>
								<row1>0.000000 1.000000 0.000000</row1>
								<row2>0.951057 0.000000 0.309017</row2>
								<row3>6.438221 -1.282736 0.000000</row3>
							</transform>
						</node>
					</node>
					<node>
						<identifier>NY22_Attraction_12_seat_04</identifier>
						<transform>
							<row0>-0.809017 0.000000 -0.587785</row0>
							<row1>0.000000 1.000000 0.000000</row1>
							<row2>0.587785 0.000000 -0.809017</row2>
							<row3>5.208630 -0.824418 3.784291</row3>
						</transform>
						<node>
							<identifier>NY22_Attraction_12_seat_04_BlendBone</identifier>
							<transform>
								<row0>-0.809017 0.000000 0.587785</row0>
								<row1>0.000000 1.000000 0.000000</row1>
								<row2>0.587785 0.000000 0.809017</row2>
								<row3>6.438220 -1.282736 -0.000000</row3>
							</transform>
						</node>
					</node>
					<node>
						<identifier>NY22_Attraction_12_seat_05</identifier>
						<transform>
							<row0>-1.000000 0.000000 0.000000</row0>
							<row1>0.000000 1.000000 0.000000</row1>
							<row2>-0.000000 -0.000000 -1.000000</row2>
							<row3>6.438220 -0.824418 -0.000000</row3>
						</transform>
						<node>
							<identifier>NY22_Attraction_12_seat_05_BlendBone</identifier>
							<transform>
								<row0>-1.000000 0.000000 -0.000000</row0>
								<row1>0.000000 1.000000 0.000000</row1>
								<row2>-0.000000 0.000000 1.000000</row2>
								<row3>6.438220 -1.282736 0.000000</row3>
							</transform>
						</node>
					</node>
					<node>
						<identifier>NY22_Attraction_12_seat_06</identifier>
						<transform>
							<row0>-0.809017 0.000000 0.587785</row0>
							<row1>0.000000 1.000000 0.000000</row1>
							<row2>-0.587785 -0.000000 -0.809017</row2>
							<row3>5.208630 -0.824418 -3.784291</row3>
						</transform>
						<node>
							<identifier>NY22_Attraction_12_seat_06_BlendBone</identifier>
							<transform>
								<row0>-0.809017 0.000000 -0.587785</row0>
								<row1>0.000000 1.000000 0.000000</row1>
								<row2>-0.587785 0.000000 0.809017</row2>
								<row3>6.438220 -1.282736 0.000000</row3>
							</transform>
						</node>
					</node>
					<node>
						<identifier>NY22_Attraction_12_seat_07</identifier>
						<transform>
							<row0>-0.309017 0.000000 0.951057</row0>
							<row1>0.000000 1.000000 0.000000</row1>
							<row2>-0.951057 -0.000000 -0.309017</row2>
							<row3>1.989519 -0.824418 -6.123111</row3>
						</transform>
						<node>
							<identifier>NY22_Attraction_12_seat_07_BlendBone</identifier>
							<transform>
								<row0>-0.309017 0.000000 -0.951057</row0>
								<row1>0.000000 1.000000 0.000000</row1>
								<row2>-0.951057 0.000000 0.309017</row2>
								<row3>6.438221 -1.282736 0.000000</row3>
							</transform>
						</node>
					</node>
					<node>
						<identifier>NY22_Attraction_12_seat_08</identifier>
						<transform>
							<row0>0.809017 0.000000 0.587785</row0>
							<row1>0.000000 1.000000 0.000000</row1>
							<row2>-0.587785 0.000000 0.809017</row2>
							<row3>-5.208630 -0.824418 -3.784291</row3>
						</transform>
						<node>
							<identifier>NY22_Attraction_12_seat_08_BlendBone</identifier>
							<transform>
								<row0>0.809017 0.000000 -0.587785</row0>
								<row1>0.000000 1.000000 0.000000</row1>
								<row2>-0.587785 0.000000 -0.809017</row2>
								<row3>6.438220 -1.282736 -0.000000</row3>
							</transform>
						</node>
					</node>
					<node>
						<identifier>NY22_Attraction_12_seat_09</identifier>
						<transform>
							<row0>1.000000 0.000000 0.000000</row0>
							<row1>0.000000 1.000000 0.000000</row1>
							<row2>0.000000 0.000000 1.000000</row2>
							<row3>-6.438220 -0.824418 0.000000</row3>
						</transform>
						<node>
							<identifier>NY22_Attraction_12_seat_09_BlendBone</identifier>
							<transform>
								<row0>1.000000 0.000000 0.000000</row0>
								<row1>0.000000 1.000000 0.000000</row1>
								<row2>0.000000 0.000000 -1.000000</row2>
								<row3>6.438220 -1.282736 0.000000</row3>
							</transform>
						</node>
					</node>
					<node>
						<identifier>NY22_Attraction_12_seat_10</identifier>
						<transform>
							<row0>0.309017 0.000000 0.951057</row0>
							<row1>0.000000 1.000000 0.000000</row1>
							<row2>-0.951057 0.000000 0.309017</row2>
							<row3>-1.989519 -0.824418 -6.123111</row3>
						</transform>
						<node>
							<identifier>NY22_Attraction_12_seat_10_BlendBone</identifier>
							<transform>
								<row0>0.309017 0.000000 -0.951057</row0>
								<row1>0.000000 1.000000 0.000000</row1>
								<row2>-0.951057 0.000000 -0.309017</row2>
								<row3>6.438221 -1.282736 0.000000</row3>
							</transform>
						</node>
					</node>
					<node>
						<identifier>NY22_Attraction_12_spin_bn_BlendBone</identifier>
						<transform>
							<row0>1.000000 0.000000 0.000000</row0>
							<row1>0.000000 1.000000 0.000000</row1>
							<row2>0.000000 0.000000 -1.000000</row2>
							<row3>0.000000 -2.107154 0.000000</row3>
						</transform>
					</node>
				</node>
				<node>
					<identifier>NY22_Attraction_12_move_bn_BlendBone</identifier>
					<transform>
						<row0>1.000000 0.000000 0.000000</row0>
						<row1>0.000000 1.000000 0.000000</row1>
						<row2>0.000000 0.000000 -1.000000</row2>
						<row3>0.000000 -2.107154 0.000000</row3>
					</transform>
				</node>
			</node>
			<node>
				<identifier>NY22_Attraction_12_root_bn_BlendBone</identifier>
				<transform>
					<row0>1.000000 0.000000 0.000000</row0>
					<row1>0.000000 1.000000 0.000000</row1>
					<row2>0.000000 0.000000 -1.000000</row2>
					<row3>0.000000 0.000000 0.000000</row3>
				</transform>
			</node>
		</node>
	</node>
	<renderSet>
		<treatAsWorldSpaceObject>true</treatAsWorldSpaceObject>
		<node>NY22_Attraction_12_spin_bn_BlendBone</node>
		<geometry>
			<vertices>sShape5.vertices</vertices>
			<primitive>sShape5.indices</primitive>
			<primitiveGroup>
				0
				<material>
					<identifier>s_nd37_skinned</identifier>
					<fx>shaders/custom/emissive_playground_skinned.fx</fx>
					<materialKind>110</materialKind>
					<collisionFlags>255</collisionFlags>
					<property>
						doubleSided
						<Bool>true</Bool>
					</property>
					<property>
						emissionMap
						<Texture>content/Hangars/h_newyear/customization/Tableful/Attraction/NY22_Attraction_07_Garland_AM.dds</Texture>
					</property>
					<property>
						g_contrast
						<Float>3.000000</Float>
					</property>
					<property>
						g_deferredMult
						<Float>40.000000</Float>
					</property>
					<property>
						g_offsetBlack
						<Float>0.160000</Float>
					</property>
					<property>
						g_zeroPhaseLum
						<Float>0.590000</Float>
					</property>
					<property>
						phaseMap
						<Texture>content/Hangars/h_newyear/customization/Tableful/Attraction/NY22_Attraction_01_Garland_01_CM.dds</Texture>
					</property>
					<property>
						speed
						<Float>0.500000</Float>
					</property>
					<property>
						usePhaseMap
						<Bool>true</Bool>
					</property>
					<property>
						waveLen
						<Float>5.000000</Float>
					</property>
					<property>
						g_forwardMult
						<Float>5.000000</Float>
					</property>
					<property>
						g_offsetBlackFwd
						<Float>0.400000</Float>
					</property>
					<property>
						pattern
						<Texture>content/Hangars/h_newyear/customization/Tableful/Attraction/NY22_Attraction_01_Garland_01_CM.dds</Texture>
					</property>
				</material>
				<groupOrigin>0.000000 2.028449 0.000000</groupOrigin>
			</primitiveGroup>
		</geometry>
	</renderSet>
	<renderSet>
		<treatAsWorldSpaceObject>true</treatAsWorldSpaceObject>
		<node>NY22_Attraction_12_spin_bn_BlendBone</node>
		<geometry>
			<vertices>sShape4.vertices</vertices>
			<primitive>sShape4.indices</primitive>
			<primitiveGroup>
				0
				<material>
					<identifier>s_nd36_skinned</identifier>
					<fx>shaders/custom/emissive_playground_skinned.fx</fx>
					<materialKind>110</materialKind>
					<collisionFlags>255</collisionFlags>
					<property>
						emissionMap
						<Texture>content/Hangars/h_newyear/customization/Tableful/Attraction/NY24_Attraction_09_Garland_AM.dds</Texture>
					</property>
					<property>
						g_contrast
						<Float>3.000000</Float>
					</property>
					<property>
						g_deferredMult
						<Float>50.000000</Float>
					</property>
					<property>
						g_offsetBlack
						<Float>0.150000</Float>
					</property>
					<property>
						g_zeroPhaseLum
						<Float>0.530000</Float>
					</property>
					<property>
						pattern
						<Texture>content/Hangars/h_newyear/customization/Tableful/Attraction/NY22_Attraction_09_CM.dds</Texture>
					</property>
					<property>
						patternNumber
						<Int>0</Int>
					</property>
					<property>
						phaseMap
						<Texture>content/Hangars/h_newyear/customization/Tableful/Attraction/NY22_Attraction_09_CM.dds</Texture>
					</property>
					<property>
						speed
						<Float>0.500000</Float>
					</property>
					<property>
						usePhaseMap
						<Bool>true</Bool>
					</property>
					<property>
						waveLen
						<Float>3.000000</Float>
					</property>
					<property>
						g_forwardMult
						<Float>5.000000</Float>
					</property>
					<property>
						g_offsetBlackFwd
						<Float>0.450000</Float>
					</property>
					<property>
						g_tint
						<Vector4>0.607843 0.607843 0.607843 1.000000</Vector4>
					</property>
				</material>
				<groupOrigin>0.000000 1.695134 -0.000015</groupOrigin>
			</primitiveGroup>
		</geometry>
	</renderSet>
	<renderSet>
		<treatAsWorldSpaceObject>true</treatAsWorldSpaceObject>
		<node>NY22_Attraction_12_spin_bn_BlendBone</node>
		<node>NY22_Attraction_12_root_bn_BlendBone</node>
		<geometry>
			<vertices>sShape3.vertices</vertices>
			<primitive>sShape3.indices</primitive>
			<primitiveGroup>
				0
				<material>
					<identifier>s_nd35_skinned</identifier>
					<fx>shaders/std_effects/glow_skinned.fx</fx>
					<materialKind>110</materialKind>
					<collisionFlags>255</collisionFlags>
					<property>
						alphaReference
						<Int>140</Int>
					</property>
					<property>
						alphaTestEnable
						<Bool>true</Bool>
					</property>
					<property>
						diffuseMap
						<Texture>content/Hangars/h_newyear/customization/Tableful/Attraction/NY24_Attraction_02_AM.dds</Texture>
					</property>
					<property>
						selfIllumination
						<Float>5.000000</Float>
					</property>
					<property>
						destBlend
						<Int>3</Int>
					</property>
				</material>
				<groupOrigin>0.000000 4.175768 -0.000015</groupOrigin>
			</primitiveGroup>
		</geometry>
	</renderSet>
	<renderSet>
		<treatAsWorldSpaceObject>true</treatAsWorldSpaceObject>
		<node>NY22_Attraction_12_root_bn_BlendBone</node>
		<geometry>
			<vertices>sShape2.vertices</vertices>
			<primitive>sShape2.indices</primitive>
			<primitiveGroup>
				0
				<material>
					<identifier>s_nd34_skinned</identifier>
					<fx>shaders/std_effects/PBS_ext_skinned.fx</fx>
					<materialKind>110</materialKind>
					<collisionFlags>255</collisionFlags>
					<property>
						diffuseMap
						<Texture>content/Hangars/h_newyear/customization/Tableful/Attraction/NY19_Table_base_AM.dds</Texture>
					</property>
					<property>
						metallicGlossMap
						<Texture>content/Hangars/h_newyear/customization/Tableful/Attraction/NY19_Table_base_GMM.dds</Texture>
					</property>
					<property>
						normalMap
						<Texture>content/Hangars/h_newyear/customization/Tableful/Attraction/NY19_Table_base_ANM.dds</Texture>
					</property>
				</material>
				<groupOrigin>3.442154 4.185850 -1.665546</groupOrigin>
			</primitiveGroup>
		</geometry>
	</renderSet>
	<renderSet>
		<treatAsWorldSpaceObject>true</treatAsWorldSpaceObject>
		<node>NY22_Attraction_12_root_bn_BlendBone</node>
		<geometry>
			<vertices>sShape1.vertices</vertices>
			<primitive>sShape1.indices</primitive>
			<primitiveGroup>
				0
				<material>
					<identifier>s_nd33_skinned</identifier>
					<fx>shaders/std_effects/PBS_ext_skinned.fx</fx>
					<materialKind>110</materialKind>
					<collisionFlags>255</collisionFlags>
					<property>
						alphaReference
						<Int>144</Int>
					</property>
					<property>
						alphaTestEnable
						<Bool>true</Bool>
					</property>
					<property>
						diffuseMap
						<Texture>content/Hangars/h_newyear/customization/Tableful/Attraction/NY22_Attraction_07_1_AM.dds</Texture>
					</property>
					<property>
						g_enableAO
						<Bool>true</Bool>
					</property>
					<property>
						metallicGlossMap
						<Texture>content/Hangars/h_newyear/customization/Tableful/Attraction/NY22_Attraction_07_1_GMM.dds</Texture>
					</property>
					<property>
						normalMap
						<Texture>content/Hangars/h_newyear/customization/Tableful/Attraction/NY22_Attraction_07_1_ANM.dds</Texture>
					</property>
					<property>
						g_enableTerrainBlending
						<Bool>true</Bool>
					</property>
				</material>
				<groupOrigin>0.241199 2.344678 0.000000</groupOrigin>
			</primitiveGroup>
		</geometry>
	</renderSet>
	<renderSet>
		<treatAsWorldSpaceObject>true</treatAsWorldSpaceObject>
		<node>NY22_Attraction_12_move_bn_BlendBone</node>
		<node>NY22_Attraction_12_root_bn_BlendBone</node>
		<geometry>
			<vertices>s0Shape.vertices</vertices>
			<primitive>s0Shape.indices</primitive>
			<primitiveGroup>
				0
				<material>
					<identifier>s_nd32_skinned</identifier>
					<fx>shaders/std_effects/PBS_ext_skinned.fx</fx>
					<materialKind>110</materialKind>
					<collisionFlags>255</collisionFlags>
					<property>
						alphaReference
						<Int>68</Int>
					</property>
					<property>
						alphaTestEnable
						<Bool>true</Bool>
					</property>
					<property>
						diffuseMap
						<Texture>content/Hangars/h_newyear/customization/Tableful/Attraction/NY24_Attraction_02_AM.dds</Texture>
					</property>
					<property>
						g_enableAO
						<Bool>true</Bool>
					</property>
					<property>
						metallicGlossMap
						<Texture>content/Hangars/h_newyear/customization/Tableful/Attraction/NY24_Attraction_02_GMM.dds</Texture>
					</property>
					<property>
						normalMap
						<Texture>content/Hangars/h_newyear/customization/Tableful/Attraction/NY24_Attraction_02_ANM.dds</Texture>
					</property>
					<property>
						g_enableTerrainBlending
						<Bool>true</Bool>
					</property>
				</material>
				<groupOrigin>0.000000 4.560289 -0.000015</groupOrigin>
			</primitiveGroup>
		</geometry>
	</renderSet>
	<constraints/>
	<boundingBox>
		<min>-9.162360 -0.001314 -9.162360</min>
		<max>9.644757 9.121893 9.162360</max>
	</boundingBox>
	<geometrySize>601042</geometrySize>
	<minUVDensity>0.007377</minUVDensity>
</root>
