<?xml version="1.0" encoding="utf-8"?>
<root>
	<node>
		<identifier>Scene Root</identifier>
		<transform>
			<row0>1.000000 0.000000 0.000000</row0>
			<row1>0.000000 1.000000 0.000000</row1>
			<row2>0.000000 0.000000 1.000000</row2>
			<row3>0.000000 0.000000 0.000000</row3>
		</transform>
		<node>
			<identifier>HP_Fire_1</identifier>
			<transform>
				<row0>1.000000 0.000000 0.000000</row0>
				<row1>0.000000 1.000000 0.000000</row1>
				<row2>0.000000 0.000000 1.000000</row2>
				<row3>0.000033 -0.078227 -2.031192</row3>
			</transform>
		</node>
		<node>
			<identifier>HP_Fire_2</identifier>
			<transform>
				<row0>1.000000 0.000000 0.000000</row0>
				<row1>0.000000 1.000000 0.000000</row1>
				<row2>0.000000 0.000000 1.000000</row2>
				<row3>0.000000 -0.233287 2.061649</row3>
			</transform>
		</node>
		<node>
			<identifier>HP_TrackUp_LFront</identifier>
			<transform>
				<row0>1.000000 0.000000 0.000000</row0>
				<row1>0.000000 0.786708 0.617326</row1>
				<row2>0.000000 -0.617326 0.786708</row2>
				<row3>-1.461782 0.048082 3.253858</row3>
			</transform>
		</node>
		<node>
			<identifier>HP_TrackUp_LRear</identifier>
			<transform>
				<row0>-1.000000 0.000000 0.000000</row0>
				<row1>0.000000 0.728983 -0.684532</row1>
				<row2>-0.000000 -0.684532 -0.728983</row2>
				<row3>-1.461782 0.077361 -3.101786</row3>
			</transform>
		</node>
		<node>
			<identifier>HP_TrackUp_RFront</identifier>
			<transform>
				<row0>1.000000 0.000000 0.000000</row0>
				<row1>0.000000 0.786708 0.617326</row1>
				<row2>0.000000 -0.617326 0.786708</row2>
				<row3>1.461781 0.048082 3.253858</row3>
			</transform>
		</node>
		<node>
			<identifier>HP_TrackUp_RRear</identifier>
			<transform>
				<row0>-1.000000 0.000000 0.000000</row0>
				<row1>0.000000 0.728983 -0.684532</row1>
				<row2>-0.000000 -0.684532 -0.728983</row2>
				<row3>1.461781 0.077361 -3.101785</row3>
			</transform>
		</node>
		<node>
			<identifier>HP_Track_Exhaus_1</identifier>
			<transform>
				<row0>1.000000 0.000000 0.000000</row0>
				<row1>0.000000 -0.999974 -0.007147</row1>
				<row2>0.000000 0.007147 -0.999974</row2>
				<row3>0.445054 0.223453 -3.117142</row3>
			</transform>
		</node>
		<node>
			<identifier>HP_Track_Exhaus_2</identifier>
			<transform>
				<row0>1.000000 0.000000 0.000000</row0>
				<row1>0.000000 -0.999974 -0.007147</row1>
				<row2>0.000000 0.007147 -0.999974</row2>
				<row3>-0.449134 0.222168 -3.117142</row3>
			</transform>
		</node>
		<node>
			<identifier>HP_turretJoint</identifier>
			<transform>
				<row0>1.000000 0.000000 0.000000</row0>
				<row1>0.000000 1.000000 0.000000</row1>
				<row2>0.000000 0.000000 1.000000</row2>
				<row3>0.007496 0.466641 0.583172</row3>
			</transform>
		</node>
	</node>
	<renderSet>
		<treatAsWorldSpaceObject>false</treatAsWorldSpaceObject>
		<node>Scene Root</node>
		<geometry>
			<vertices>vertices</vertices>
			<primitive>indices</primitive>
			<primitiveGroup>
				0
				<material>
					<identifier>tank_hull_01</identifier>
					<collisionFlags>0</collisionFlags>
					<materialKind>0</materialKind>
					<property>
						g_detailPowerAlbedo
						<Float>
							0.11
							<!--BW_String-->
						</Float>
					</property>
					<property>
						diffuseMap
						<Texture>vehicles/american/A92_M60/M60_hull_01_AM.dds</Texture>
					</property>
					<property>
						alphaReference
						<Int>0</Int>
					</property>
					<property>
						alphaTestEnable
						<Bool>false</Bool>
					</property>
					<property>
						excludeMaskAndAOMap
						<Texture>vehicles/american/A92_M60/M60_hull_01_AO.dds</Texture>
					</property>
					<property>
						colorIdMap
						<Texture>vehicles/russian/common/common_ID.dds</Texture>
					</property>
					<property>
						doubleSided
						<Bool>false</Bool>
					</property>
					<property>
						g_useNormalPackDXT1
						<Bool>false</Bool>
					</property>
					<fx>shaders/std_effects/PBS_tank.fx</fx>
					<property>
						g_detailPowerGloss
						<Float>
							0.35
							<!--BW_String-->
						</Float>
					</property>
					<property>
						g_maskBias
						<Float>
							0.22
							<!--BW_String-->
						</Float>
					</property>
					<property>
						metallicGlossMap
						<Texture>vehicles/american/A92_M60/M60_hull_01_GMM.dds</Texture>
					</property>
					<property>
						metallicDetailMap
						<Texture>vehicles/russian/Tank_detail/Details_map.dds</Texture>
					</property>
					<property>
						g_detailUVTiling
						<Vector4>
							8.41644 8.41644 0.000000 0.000000
							<!--BW_String-->
						</Vector4>
					</property>
					<property>
						g_detailPower
						<Float>5</Float>
					</property>
					<property>
						normalMap
						<Texture>vehicles/american/A92_M60/M60_hull_01_ANM.dds</Texture>
					</property>
					<property>
						g_useDetailMetallic
						<Bool>true</Bool>
					</property>
				</material>
				<groupOrigin>-0.001218 -0.076826 0.091733</groupOrigin>
			</primitiveGroup>
		</geometry>
	</renderSet>
	<boundingBox>
		<min>-1.812710 -0.818541 -3.386849</min>
		<max>1.810273 0.664890 3.570316</max>
	</boundingBox>
	<geometrySize>363824</geometrySize>
	<minUVDensity>0.002795</minUVDensity>
</root>
