<?xml version="1.0" encoding="utf-8"?>
<root>
	<node>
		<identifier>Scene Root</identifier>
		<transform>
			<row0>1.000000 0.000000 0.000000</row0>
			<row1>0.000000 1.000000 0.000000</row1>
			<row2>0.000000 0.000000 1.000000</row2>
			<row3>0.000000 0.000000 0.000000</row3>
		</transform>
		<node>
			<identifier>nodes_01</identifier>
			<transform>
				<row0>1.000000 0.000000 0.000000</row0>
				<row1>0.000000 1.000000 0.000000</row1>
				<row2>0.000000 0.000000 1.000000</row2>
				<row3>0.000000 0.000000 0.000000</row3>
			</transform>
			<node>
				<identifier>HP_Fire_1</identifier>
				<transform>
					<row0>1.000000 0.000000 0.000000</row0>
					<row1>0.000000 1.000000 0.000000</row1>
					<row2>0.000000 0.000000 1.000000</row2>
					<row3>0.008478 0.115678 -2.581808</row3>
				</transform>
			</node>
			<node>
				<identifier>HP_Fire_2</identifier>
				<transform>
					<row0>1.000000 0.000000 0.000000</row0>
					<row1>0.000000 1.000000 0.000000</row1>
					<row2>0.000000 0.000000 1.000000</row2>
					<row3>-0.547196 0.115678 1.803096</row3>
				</transform>
			</node>
			<node>
				<identifier>HP_TrackUp_LFront</identifier>
				<transform>
					<row0>1.000000 0.000000 0.000000</row0>
					<row1>0.000000 0.352493 0.935815</row1>
					<row2>0.000000 -0.935815 0.352493</row2>
					<row3>-1.398694 -0.107591 3.290780</row3>
				</transform>
			</node>
			<node>
				<identifier>HP_TrackUp_LRear</identifier>
				<transform>
					<row0>-1.000000 0.000000 0.000000</row0>
					<row1>0.000000 0.755997 -0.654576</row1>
					<row2>-0.000000 -0.654576 -0.755997</row2>
					<row3>-1.398695 -0.202562 -3.147033</row3>
				</transform>
			</node>
			<node>
				<identifier>HP_TrackUp_RFront</identifier>
				<transform>
					<row0>1.000000 0.000000 0.000000</row0>
					<row1>0.000000 0.352493 0.935815</row1>
					<row2>0.000000 -0.935815 0.352493</row2>
					<row3>1.397642 -0.107591 3.290780</row3>
				</transform>
			</node>
			<node>
				<identifier>HP_TrackUp_RRear</identifier>
				<transform>
					<row0>-1.000000 0.000000 0.000000</row0>
					<row1>0.000000 0.755997 -0.654576</row1>
					<row2>-0.000000 -0.654576 -0.755997</row2>
					<row3>1.397642 -0.202562 -3.147032</row3>
				</transform>
			</node>
			<node>
				<identifier>HP_Track_Exhaus_1</identifier>
				<transform>
					<row0>0.078942 0.002195 -0.996877</row0>
					<row1>-0.000000 -0.999998 -0.002202</row1>
					<row2>-0.996879 0.000174 -0.078942</row2>
					<row3>-0.834879 0.438219 -3.860507</row3>
				</transform>
			</node>
			<node>
				<identifier>HP_Track_Exhaus_2</identifier>
				<transform>
					<row0>-0.026034 0.000484 -0.999661</row0>
					<row1>-0.010346 0.999946 0.000754</row1>
					<row2>0.999608 0.010362 -0.026027</row2>
					<row3>0.817327 0.476283 -3.851615</row3>
				</transform>
			</node>
			<node>
				<identifier>HP_turretJoint</identifier>
				<transform>
					<row0>1.000000 0.000000 0.000000</row0>
					<row1>0.000000 1.000000 0.000000</row1>
					<row2>0.000000 0.000000 1.000000</row2>
					<row3>0.000000 0.682545 -0.173100</row3>
				</transform>
			</node>
		</node>
	</node>
	<renderSet>
		<treatAsWorldSpaceObject>false</treatAsWorldSpaceObject>
		<node>Scene Root</node>
		<geometry>
			<vertices>vertices</vertices>
			<primitive>indices</primitive>
			<primitiveGroup>
				0
				<material>
					<identifier>tank_hull_01</identifier>
					<property>
						selfIllumination
						<Float>0.000000</Float>
					</property>
					<collisionFlags>0</collisionFlags>
					<materialKind>0</materialKind>
					<fx>shaders/std_effects/PBS_tank.fx</fx>
					<property>
						metallicGlossMap
						<Texture>vehicles/german/G16_PzVIB_Tiger_II/_skins/G16_PzVIB_Tiger_II_3DSt_NEx/PzVIB_Tiger_II_3DSt_NEx_hull_01_GMM.dds</Texture>
					</property>
					<property>
						normalMap
						<Texture>vehicles/german/G16_PzVIB_Tiger_II/_skins/G16_PzVIB_Tiger_II_3DSt_NEx/PzVIB_Tiger_II_3DSt_NEx_hull_01_ANM.dds</Texture>
					</property>
					<property>
						diffuseMap
						<Texture>vehicles/german/G16_PzVIB_Tiger_II/_skins/G16_PzVIB_Tiger_II_3DSt_NEx/PzVIB_Tiger_II_3DSt_NEx_hull_01_AM.dds</Texture>
					</property>
					<property>
						excludeMaskAndAOMap
						<Texture>vehicles/german/G16_PzVIB_Tiger_II/_skins/G16_PzVIB_Tiger_II_3DSt_NEx/PzVIB_Tiger_II_3DSt_NEx_hull_01_AO.dds</Texture>
					</property>
					<property>
						alphaReference
						<Int>64</Int>
					</property>
					<property>
						alphaTestEnable
						<Bool>true</Bool>
					</property>
				</material>
				<groupOrigin>-0.010389 0.115678 -0.278400</groupOrigin>
			</primitiveGroup>
			<primitiveGroup>
				1
				<material>
					<identifier>tank_equipment_01</identifier>
					<property>
						selfIllumination
						<Float>0.000000</Float>
					</property>
					<collisionFlags>0</collisionFlags>
					<materialKind>0</materialKind>
					<fx>shaders/std_effects/PBS_tank.fx</fx>
					<property>
						metallicGlossMap
						<Texture>vehicles/german/G16_PzVIB_Tiger_II/_skins/G16_PzVIB_Tiger_II_3DSt_NEx/PzVIB_Tiger_II_3DSt_NEx_equipment_GMM.dds</Texture>
					</property>
					<property>
						normalMap
						<Texture>vehicles/german/G16_PzVIB_Tiger_II/_skins/G16_PzVIB_Tiger_II_3DSt_NEx/PzVIB_Tiger_II_3DSt_NEx_equipment_ANM.dds</Texture>
					</property>
					<property>
						diffuseMap
						<Texture>vehicles/german/G16_PzVIB_Tiger_II/_skins/G16_PzVIB_Tiger_II_3DSt_NEx/PzVIB_Tiger_II_3DSt_NEx_equipment_AM.dds</Texture>
					</property>
					<property>
						excludeMaskAndAOMap
						<Texture>vehicles/german/G16_PzVIB_Tiger_II/_skins/G16_PzVIB_Tiger_II_3DSt_NEx/PzVIB_Tiger_II_3DSt_NEx_equipment_AO.dds</Texture>
					</property>
					<property>
						metallicDetailMap
						<Texture>vehicles/russian/Tank_detail/Details_map.dds</Texture>
					</property>
					<property>
						g_detailUVTiling
						<Vector4>7.013699 7.013699 0.000000 0.000000</Vector4>
					</property>
				</material>
				<groupOrigin>0.049691 0.369070 -0.270935</groupOrigin>
			</primitiveGroup>
		</geometry>
	</renderSet>
	<boundingBox>
		<min>-1.958243 -0.703155 -3.969905</min>
		<max>1.961452 0.934510 3.413105</max>
	</boundingBox>
	<geometrySize>108390</geometrySize>
	<minUVDensity>0.002275</minUVDensity>
</root>
