<?xml version="1.0" encoding="utf-8"?>
<root>
	<node>
		<identifier>Scene Root</identifier>
		<transform>
			<row0>1.000000 0.000000 0.000000</row0>
			<row1>0.000000 1.000000 0.000000</row1>
			<row2>0.000000 0.000000 1.000000</row2>
			<row3>0.000000 0.000000 0.000000</row3>
		</transform>
		<node>
			<identifier>lod0</identifier>
			<transform>
				<row0>1.000000 0.000000 0.000000</row0>
				<row1>0.000000 1.000000 0.000000</row1>
				<row2>0.000000 0.000000 1.000000</row2>
				<row3>0.000000 0.000000 0.000000</row3>
			</transform>
			<node>
				<identifier>hull</identifier>
				<transform>
					<row0>1.000000 0.000000 0.000000</row0>
					<row1>0.000000 1.000000 0.000000</row1>
					<row2>0.000000 0.000000 1.000000</row2>
					<row3>0.000000 -1.001232 0.000000</row3>
				</transform>
			</node>
		</node>
		<node>
			<identifier>nodes_01</identifier>
			<transform>
				<row0>1.000000 0.000000 0.000000</row0>
				<row1>0.000000 1.000000 0.000000</row1>
				<row2>0.000000 0.000000 1.000000</row2>
				<row3>0.000000 0.000000 0.000000</row3>
			</transform>
			<node>
				<identifier>HP_Fire_1</identifier>
				<transform>
					<row0>1.000000 0.000000 0.000000</row0>
					<row1>0.000000 1.000000 0.000000</row1>
					<row2>0.000000 0.000000 1.000000</row2>
					<row3>0.000000 0.048661 -1.658963</row3>
				</transform>
			</node>
			<node>
				<identifier>HP_Fire_2</identifier>
				<transform>
					<row0>1.000000 0.000000 0.000000</row0>
					<row1>0.000000 1.000000 0.000000</row1>
					<row2>0.000000 0.000000 1.000000</row2>
					<row3>0.000000 0.048661 2.181862</row3>
				</transform>
			</node>
			<node>
				<identifier>HP_TrackUp_LFront</identifier>
				<transform>
					<row0>1.000000 0.000000 0.000000</row0>
					<row1>0.000000 0.978148 0.207912</row1>
					<row2>0.000000 -0.207912 0.978148</row2>
					<row3>-1.217417 0.136932 3.030381</row3>
				</transform>
			</node>
			<node>
				<identifier>HP_TrackUp_LRear</identifier>
				<transform>
					<row0>-1.000000 0.000000 0.000000</row0>
					<row1>0.000000 0.990268 -0.139173</row1>
					<row2>-0.000000 -0.139173 -0.990268</row2>
					<row3>-1.217417 0.120754 -2.744447</row3>
				</transform>
			</node>
			<node>
				<identifier>HP_TrackUp_RFront</identifier>
				<transform>
					<row0>1.000000 0.000000 0.000000</row0>
					<row1>0.000000 0.978148 0.207912</row1>
					<row2>0.000000 -0.207912 0.978148</row2>
					<row3>1.217422 0.137903 3.032004</row3>
				</transform>
			</node>
			<node>
				<identifier>HP_TrackUp_RRear</identifier>
				<transform>
					<row0>-1.000000 0.000000 0.000000</row0>
					<row1>0.000000 0.990268 -0.139173</row1>
					<row2>-0.000000 -0.139173 -0.990268</row2>
					<row3>1.217422 0.121439 -2.746808</row3>
				</transform>
			</node>
			<node>
				<identifier>HP_Track_Exhaus_1</identifier>
				<transform>
					<row0>1.000000 0.000000 0.000000</row0>
					<row1>0.000000 -0.446819 0.894624</row1>
					<row2>0.000000 -0.894624 -0.446819</row2>
					<row3>0.346250 -0.265688 -3.035349</row3>
				</transform>
			</node>
			<node>
				<identifier>HP_Track_Exhaus_2</identifier>
				<transform>
					<row0>1.000000 0.000000 0.000000</row0>
					<row1>0.000000 -0.446819 0.894624</row1>
					<row2>0.000000 -0.894624 -0.446819</row2>
					<row3>-0.342957 -0.265688 -3.035349</row3>
				</transform>
			</node>
			<node>
				<identifier>HP_turretJoint</identifier>
				<transform>
					<row0>1.000000 0.000000 0.000000</row0>
					<row1>0.000000 1.000000 0.000000</row1>
					<row2>0.000000 0.000000 1.000000</row2>
					<row3>-0.000860 0.706498 0.793430</row3>
				</transform>
			</node>
			<node>
				<identifier>HP_light_hull_1</identifier>
				<transform>
					<row0>1.000000 0.000000 0.000000</row0>
					<row1>0.000000 1.000000 0.000000</row1>
					<row2>0.000000 0.000000 1.000000</row2>
					<row3>-0.937269 0.626590 2.203720</row3>
				</transform>
			</node>
		</node>
	</node>
	<renderSet>
		<treatAsWorldSpaceObject>false</treatAsWorldSpaceObject>
		<node>Scene Root</node>
		<geometry>
			<vertices>vertices</vertices>
			<primitive>indices</primitive>
			<primitiveGroup>
				0
				<material>
					<identifier>tank_hull_01</identifier>
					<property>
						g_detailPowerGloss
						<Float>
							0.35
							<!--BW_String-->
						</Float>
					</property>
					<property>
						g_detailPowerAlbedo
						<Float>
							0.11
							<!--BW_String-->
						</Float>
					</property>
					<property>
						g_maskBias
						<Float>
							0.18
							<!--BW_String-->
						</Float>
					</property>
					<property>
						g_detailPower
						<Float>5</Float>
					</property>
					<collisionFlags>0</collisionFlags>
					<materialKind>0</materialKind>
					<fx>shaders/std_effects/PBS_tank.fx</fx>
					<property>
						metallicGlossMap
						<Texture>vehicles/poland/Pl20_CS_44/CS_44_hull_01_GMM.dds</Texture>
					</property>
					<property>
						normalMap
						<Texture>vehicles/poland/Pl20_CS_44/CS_44_hull_01_ANM.dds</Texture>
					</property>
					<property>
						diffuseMap
						<Texture>vehicles/poland/Pl20_CS_44/CS_44_hull_01_AM.dds</Texture>
					</property>
					<property>
						excludeMaskAndAOMap
						<Texture>vehicles/poland/Pl20_CS_44/CS_44_hull_01_AO.dds</Texture>
					</property>
					<property>
						colorIdMap
						<Texture>vehicles/russian/common/common_ID.dds</Texture>
					</property>
					<property>
						g_useDetailMetallic
						<Bool>true</Bool>
					</property>
					<property>
						metallicDetailMap
						<Texture>vehicles/russian/Tank_detail/Details_map.dds</Texture>
					</property>
					<property>
						g_detailUVTiling
						<Vector4>7.013699 7.013699 0.000000 0.000000</Vector4>
					</property>
				</material>
				<groupOrigin>0.001622 0.048661 0.069169</groupOrigin>
			</primitiveGroup>
		</geometry>
	</renderSet>
	<boundingBox>
		<min>-1.505521 -0.628948 -3.159421</min>
		<max>1.508765 0.726270 3.297759</max>
	</boundingBox>
	<geometrySize>755062</geometrySize>
	<minUVDensity>0.002626</minUVDensity>
</root>
