<?xml version="1.0" encoding="utf-8"?>
<root>
	<node>
		<identifier>Scene Root</identifier>
		<transform>
			<row0>1.000000 0.000000 0.000000</row0>
			<row1>0.000000 1.000000 0.000000</row1>
			<row2>0.000000 0.000000 1.000000</row2>
			<row3>0.000000 0.000000 0.000000</row3>
		</transform>
		<node>
			<identifier>nodes_01</identifier>
			<transform>
				<row0>1.000000 0.000000 0.000000</row0>
				<row1>0.000000 1.000000 0.000000</row1>
				<row2>0.000000 0.000000 1.000000</row2>
				<row3>0.000000 0.000000 0.000000</row3>
			</transform>
			<node>
				<identifier>HP_Fire_1</identifier>
				<transform>
					<row0>1.000000 0.000000 0.000000</row0>
					<row1>0.000000 1.000000 0.000000</row1>
					<row2>0.000000 0.000000 1.000000</row2>
					<row3>0.000000 -0.068524 -2.150651</row3>
				</transform>
			</node>
			<node>
				<identifier>HP_Fire_2</identifier>
				<transform>
					<row0>1.000000 0.000000 0.000000</row0>
					<row1>0.000000 1.000000 0.000000</row1>
					<row2>0.000000 0.000000 1.000000</row2>
					<row3>-0.503099 0.038430 1.500000</row3>
				</transform>
			</node>
			<node>
				<identifier>HP_TrackUp_LFront</identifier>
				<transform>
					<row0>1.000000 0.000000 0.000000</row0>
					<row1>0.000000 0.926524 0.376236</row1>
					<row2>0.000000 -0.376236 0.926524</row2>
					<row3>-1.060781 0.148206 2.650538</row3>
				</transform>
			</node>
			<node>
				<identifier>HP_TrackUp_LRear</identifier>
				<transform>
					<row0>-1.000000 0.000000 0.000000</row0>
					<row1>0.000000 0.437375 -0.899279</row1>
					<row2>-0.000000 -0.899279 -0.437375</row2>
					<row3>-1.060781 -0.074699 -3.116531</row3>
				</transform>
			</node>
			<node>
				<identifier>HP_TrackUp_RFront</identifier>
				<transform>
					<row0>1.000000 0.000000 0.000000</row0>
					<row1>0.000000 0.926524 0.376236</row1>
					<row2>0.000000 -0.376236 0.926524</row2>
					<row3>1.060781 0.148206 2.650539</row3>
				</transform>
			</node>
			<node>
				<identifier>HP_TrackUp_RRear</identifier>
				<transform>
					<row0>-1.000000 0.000000 0.000000</row0>
					<row1>0.000000 0.437375 -0.899279</row1>
					<row2>-0.000000 -0.899279 -0.437375</row2>
					<row3>1.060781 -0.074699 -3.116530</row3>
				</transform>
			</node>
			<node>
				<identifier>HP_Track_Exhaus_1</identifier>
				<transform>
					<row0>1.000000 0.000000 0.000000</row0>
					<row1>0.000000 -0.635385 0.772195</row1>
					<row2>0.000000 -0.772195 -0.635385</row2>
					<row3>0.401127 0.245152 -2.842824</row3>
				</transform>
			</node>
			<node>
				<identifier>HP_Track_Exhaus_2</identifier>
				<transform>
					<row0>1.000000 0.000000 0.000000</row0>
					<row1>0.000000 -0.635385 0.772195</row1>
					<row2>0.000000 -0.772195 -0.635385</row2>
					<row3>-0.407489 0.245152 -2.842824</row3>
				</transform>
			</node>
			<node>
				<identifier>HP_turretJoint</identifier>
				<transform>
					<row0>1.000000 0.000000 0.000000</row0>
					<row1>0.000000 1.000000 0.000000</row1>
					<row2>0.000000 0.000000 1.000000</row2>
					<row3>-0.000471 0.917659 0.058360</row3>
				</transform>
			</node>
		</node>
	</node>
	<renderSet>
		<treatAsWorldSpaceObject>false</treatAsWorldSpaceObject>
		<node>Scene Root</node>
		<geometry>
			<vertices>vertices</vertices>
			<primitive>indices</primitive>
			<primitiveGroup>
				0
				<material>
					<property>
						alphaReference
						<Int>0</Int>
					</property>
					<property>
						doubleSided
						<Bool>false</Bool>
					</property>
					<property>
						selfIllumination
						<Float>0.000000</Float>
					</property>
					<identifier>tank_hull_01</identifier>
					<collisionFlags>0</collisionFlags>
					<materialKind>0</materialKind>
					<fx>shaders/std_effects/PBS_tank.fx</fx>
					<property>
						metallicGlossMap
						<Texture>vehicles/british/GB95_Ekins_Firefly_M4A4/Ekins_Firefly_M4A4_hull_01_GMM.dds</Texture>
					</property>
					<property>
						normalMap
						<Texture>vehicles/british/GB95_Ekins_Firefly_M4A4/Ekins_Firefly_M4A4_hull_01_ANM.dds</Texture>
					</property>
					<property>
						diffuseMap
						<Texture>vehicles/british/GB95_Ekins_Firefly_M4A4/Ekins_Firefly_M4A4_hull_01_AM.dds</Texture>
					</property>
					<property>
						excludeMaskAndAOMap
						<Texture>vehicles/british/GB95_Ekins_Firefly_M4A4/Ekins_Firefly_M4A4_hull_01_AO.dds</Texture>
					</property>
					<property>
						alphaTestEnable
						<Bool>false</Bool>
					</property>
					<property>
						g_useNormalPackDXT1
						<Bool>false</Bool>
					</property>
					<property>
						g_detailUVTiling
						<Vector4>
							8.41644 8.41644 0.000000 0.000000
							<!--BW_String-->
						</Vector4>
					</property>
					<property>
						metallicDetailMap
						<Texture>vehicles/russian/Tank_detail/Details_map.dds</Texture>
					</property>
					<property>
						g_useDetailMetallic
						<Bool>true</Bool>
					</property>
					<property>
						colorIdMap
						<Texture>vehicles/russian/common/common_ID.dds</Texture>
					</property>
				</material>
				<groupOrigin>-0.019633 0.197389 -0.272240</groupOrigin>
			</primitiveGroup>
		</geometry>
	</renderSet>
	<boundingBox>
		<min>-1.381947 -0.632625 -3.403088</min>
		<max>1.342680 1.027404 2.858608</max>
	</boundingBox>
	<geometrySize>385024</geometrySize>
	<minUVDensity>0.001166</minUVDensity>
</root>
