<?xml version="1.0" encoding="utf-8"?>
<root>
	<node>
		<identifier>Scene Root</identifier>
		<transform>
			<row0>1.000000 0.000000 0.000000</row0>
			<row1>0.000000 1.000000 0.000000</row1>
			<row2>0.000000 0.000000 1.000000</row2>
			<row3>0.000000 0.000000 0.000000</row3>
		</transform>
		<node>
			<identifier>nodes_01</identifier>
			<transform>
				<row0>1.000000 0.000000 0.000000</row0>
				<row1>0.000000 1.000000 0.000000</row1>
				<row2>0.000000 0.000000 1.000000</row2>
				<row3>0.000000 0.000000 0.000000</row3>
			</transform>
			<node>
				<identifier>HP_Fire_1</identifier>
				<transform>
					<row0>1.000000 0.000000 0.000000</row0>
					<row1>0.000000 1.000000 0.000000</row1>
					<row2>0.000000 0.000000 1.000000</row2>
					<row3>0.000000 -0.355944 2.003864</row3>
				</transform>
			</node>
			<node>
				<identifier>HP_Fire_2</identifier>
				<transform>
					<row0>1.000000 0.000000 0.000000</row0>
					<row1>0.000000 1.000000 0.000000</row1>
					<row2>0.000000 0.000000 1.000000</row2>
					<row3>0.000000 -0.506218 -0.095108</row3>
				</transform>
			</node>
			<node>
				<identifier>HP_Track_Exhaus_1</identifier>
				<transform>
					<row0>0.185904 -0.982210 0.026509</row0>
					<row1>-0.204242 -0.065019 -0.976759</row1>
					<row2>0.961106 0.176169 -0.212696</row2>
					<row3>1.076824 0.165986 1.404049</row3>
				</transform>
			</node>
			<node>
				<identifier>HP_Track_Exhaus_2</identifier>
				<transform>
					<row0>-0.136898 -0.988808 -0.059306</row0>
					<row1>-0.346716 -0.008253 0.937934</row1>
					<row2>-0.927926 0.148964 -0.341706</row2>
					<row3>-1.072614 0.160927 1.413572</row3>
				</transform>
			</node>
			<node>
				<identifier>HP_Track_Exhaus_3</identifier>
				<transform>
					<row0>0.296157 -0.952063 0.076599</row0>
					<row1>-0.209286 -0.142932 -0.967352</row1>
					<row2>0.931928 0.270457 -0.241584</row2>
					<row3>1.072091 0.120252 1.841375</row3>
				</transform>
			</node>
			<node>
				<identifier>HP_Track_Exhaus_4</identifier>
				<transform>
					<row0>0.246743 0.963181 -0.106774</row0>
					<row1>0.302733 -0.181278 -0.935677</row1>
					<row2>-0.920581 0.198548 -0.336316</row2>
					<row3>-1.079571 0.122081 1.844109</row3>
				</transform>
			</node>
			<node>
				<identifier>HP_turretJoint</identifier>
				<transform>
					<row0>1.000000 0.000000 0.000000</row0>
					<row1>0.000000 1.000000 0.000000</row1>
					<row2>0.000000 0.000000 1.000000</row2>
					<row3>0.000000 0.226000 -0.007000</row3>
				</transform>
			</node>
		</node>
	</node>
	<renderSet>
		<treatAsWorldSpaceObject>false</treatAsWorldSpaceObject>
		<node>Scene Root</node>
		<geometry>
			<vertices>vertices</vertices>
			<primitive>indices</primitive>
			<primitiveGroup>
				0
				<material>
					<identifier>tank_proxy</identifier>
					<property>
						selfIllumination
						<Float>0.000000</Float>
					</property>
					<collisionFlags>0</collisionFlags>
					<materialKind>0</materialKind>
					<fx>shaders/std_effects/PBS_tank.fx</fx>
					<property>
						metallicGlossMap
						<Texture>vehicles/french/F108_Panhard_EBR_105/_skins/F108_Panhard_EBR_105_MDXXIII4_3DSt/Panhard_EBR_105_MDXXIII4_3DSt_proxy_GMM.dds</Texture>
					</property>
					<property>
						normalMap
						<Texture>vehicles/french/F108_Panhard_EBR_105/_skins/F108_Panhard_EBR_105_MDXXIII4_3DSt/Panhard_EBR_105_MDXXIII4_3DSt_proxy_ANM.dds</Texture>
					</property>
					<property>
						diffuseMap
						<Texture>vehicles/french/F108_Panhard_EBR_105/_skins/F108_Panhard_EBR_105_MDXXIII4_3DSt/Panhard_EBR_105_MDXXIII4_3DSt_proxy_AM.dds</Texture>
					</property>
					<property>
						excludeMaskAndAOMap
						<Texture>vehicles/french/F108_Panhard_EBR_105/_skins/F108_Panhard_EBR_105_MDXXIII4_3DSt/Panhard_EBR_105_MDXXIII4_3DSt_proxy_AO.dds</Texture>
					</property>
					<property>
						colorIdMap
						<Texture>vehicles/russian/common/common_ID.dds</Texture>
					</property>
					<property>
						crashTileMap
						<Texture>vehicles/russian/Tank_detail/crash_tile.dds</Texture>
					</property>
				</material>
				<groupOrigin>0.000000 -0.371665 -0.107646</groupOrigin>
			</primitiveGroup>
		</geometry>
	</renderSet>
	<boundingBox>
		<min>-1.223047 -1.056983 -3.254178</min>
		<max>1.223047 0.313654 3.038886</max>
	</boundingBox>
	<geometrySize>4596</geometrySize>
	<minUVDensity>0.005848</minUVDensity>
</root>
