<?xml version="1.0" encoding="utf-8"?>
<root>
	<node>
		<identifier>Scene Root</identifier>
		<transform>
			<row0>1.000000 0.000000 0.000000</row0>
			<row1>0.000000 1.000000 0.000000</row1>
			<row2>0.000000 0.000000 1.000000</row2>
			<row3>0.000000 0.000000 0.000000</row3>
		</transform>
		<node>
			<identifier>nodes_01</identifier>
			<transform>
				<row0>1.000000 0.000000 0.000000</row0>
				<row1>0.000000 1.000000 0.000000</row1>
				<row2>0.000000 0.000000 1.000000</row2>
				<row3>0.000000 0.000000 0.000000</row3>
			</transform>
			<node>
				<identifier>HP_Fire_1</identifier>
				<transform>
					<row0>1.000000 0.000000 0.000000</row0>
					<row1>0.000000 1.000000 0.000000</row1>
					<row2>0.000000 0.000000 1.000000</row2>
					<row3>0.000000 -0.000250 -2.211407</row3>
				</transform>
			</node>
			<node>
				<identifier>HP_Fire_2</identifier>
				<transform>
					<row0>1.000000 0.000000 0.000000</row0>
					<row1>0.000000 1.000000 0.000000</row1>
					<row2>0.000000 0.000000 1.000000</row2>
					<row3>-0.643975 -0.000250 1.523601</row3>
				</transform>
			</node>
			<node>
				<identifier>HP_TrackUp_LFront</identifier>
				<transform>
					<row0>1.000000 0.000000 0.000000</row0>
					<row1>0.000000 0.587785 0.809017</row1>
					<row2>0.000000 -0.809017 0.587785</row2>
					<row3>-1.311909 0.025332 2.936517</row3>
				</transform>
			</node>
			<node>
				<identifier>HP_TrackUp_LRear</identifier>
				<transform>
					<row0>-1.000000 0.000000 0.000000</row0>
					<row1>0.000000 0.819152 -0.573576</row1>
					<row2>-0.000000 -0.573576 -0.819152</row2>
					<row3>-1.311909 -0.005023 -2.778066</row3>
				</transform>
			</node>
			<node>
				<identifier>HP_TrackUp_RFront</identifier>
				<transform>
					<row0>1.000000 0.000000 0.000000</row0>
					<row1>0.000000 0.587785 0.809017</row1>
					<row2>0.000000 -0.809017 0.587785</row2>
					<row3>1.311411 0.025332 2.936517</row3>
				</transform>
			</node>
			<node>
				<identifier>HP_TrackUp_RRear</identifier>
				<transform>
					<row0>-1.000000 0.000000 0.000000</row0>
					<row1>0.000000 0.819152 -0.573576</row1>
					<row2>-0.000000 -0.573576 -0.819152</row2>
					<row3>1.311411 -0.005023 -2.778066</row3>
				</transform>
			</node>
			<node>
				<identifier>HP_Track_Exhaus_1</identifier>
				<transform>
					<row0>0.000000 0.000000 1.000000</row0>
					<row1>0.000000 1.000000 0.000000</row1>
					<row2>-1.000000 0.000000 0.000000</row2>
					<row3>-1.546680 0.273548 -1.457960</row3>
				</transform>
			</node>
			<node>
				<identifier>HP_turretJoint</identifier>
				<transform>
					<row0>1.000000 0.000000 0.000000</row0>
					<row1>0.000000 1.000000 0.000000</row1>
					<row2>0.000000 0.000000 1.000000</row2>
					<row3>0.000000 0.503066 0.022278</row3>
				</transform>
			</node>
		</node>
	</node>
	<renderSet>
		<treatAsWorldSpaceObject>false</treatAsWorldSpaceObject>
		<node>Scene Root</node>
		<geometry>
			<vertices>vertices</vertices>
			<primitive>indices</primitive>
			<primitiveGroup>
				0
				<material>
					<identifier>tank_hull_01</identifier>
					<fx>shaders/std_effects/PBS_tank.fx</fx>
					<collisionFlags>0</collisionFlags>
					<materialKind>0</materialKind>
					<property>
						normalMap
						<Texture>vehicles/chinese/Ch14_T34_3/T34_3_proxy_ANM.dds</Texture>
					</property>
					<property>
						metallicGlossMap
						<Texture>vehicles/chinese/Ch14_T34_3/T34_3_proxy_GMM.dds</Texture>
					</property>
					<property>
						g_useNormalPackDXT1
						<Bool>false</Bool>
					</property>
					<property>
						excludeMaskAndAOMap
						<Texture>vehicles/chinese/Ch14_T34_3/T34_3_proxy_AO.dds</Texture>
					</property>
					<property>
						doubleSided
						<Bool>false</Bool>
					</property>
					<property>
						diffuseMap
						<Texture>vehicles/chinese/Ch14_T34_3/T34_3_proxy_AM.dds</Texture>
					</property>
					<property>
						colorIdMap
						<Texture>vehicles/russian/common/common_ID.dds</Texture>
					</property>
					<property>
						alphaTestEnable
						<Bool>false</Bool>
					</property>
					<property>
						alphaReference
						<Int>64</Int>
					</property>
				</material>
				<groupOrigin>0.027649 -0.011091 -0.197403</groupOrigin>
			</primitiveGroup>
		</geometry>
	</renderSet>
	<boundingBox>
		<min>-1.671061 -0.602177 -3.508861</min>
		<max>1.726358 0.579996 3.114056</max>
	</boundingBox>
	<geometrySize>3140</geometrySize>
	<minUVDensity>0.003378</minUVDensity>
</root>
