<?xml version="1.0" encoding="utf-8"?>
<root>
	<node>
		<identifier>Scene Root</identifier>
		<transform>
			<row0>1.000000 0.000000 0.000000</row0>
			<row1>0.000000 1.000000 0.000000</row1>
			<row2>0.000000 0.000000 1.000000</row2>
			<row3>0.000000 0.000000 0.000000</row3>
		</transform>
		<node>
			<identifier>lod0</identifier>
			<transform>
				<row0>1.000000 0.000000 0.000000</row0>
				<row1>0.000000 1.000000 0.000000</row1>
				<row2>0.000000 0.000000 1.000000</row2>
				<row3>0.000000 0.000000 0.000000</row3>
			</transform>
			<node>
				<identifier>hull</identifier>
				<transform>
					<row0>1.000000 0.000000 0.000000</row0>
					<row1>0.000000 1.000000 0.000000</row1>
					<row2>0.000000 0.000000 1.000000</row2>
					<row3>0.000000 -0.973899 0.000000</row3>
				</transform>
			</node>
		</node>
		<node>
			<identifier>nodes_01</identifier>
			<transform>
				<row0>1.000000 0.000000 0.000000</row0>
				<row1>0.000000 1.000000 0.000000</row1>
				<row2>0.000000 0.000000 1.000000</row2>
				<row3>0.000000 0.000000 0.000000</row3>
			</transform>
			<node>
				<identifier>HP_Fire_1</identifier>
				<transform>
					<row0>1.000000 0.000000 0.000000</row0>
					<row1>0.000000 1.000000 0.000000</row1>
					<row2>0.000000 0.000000 1.000000</row2>
					<row3>0.000000 -0.003168 -1.687597</row3>
				</transform>
			</node>
			<node>
				<identifier>HP_Fire_2</identifier>
				<transform>
					<row0>1.000000 0.000000 0.000000</row0>
					<row1>0.000000 1.000000 0.000000</row1>
					<row2>0.000000 0.000000 1.000000</row2>
					<row3>-0.650914 -0.019084 1.233887</row3>
				</transform>
			</node>
			<node>
				<identifier>HP_TrackUp_LFront</identifier>
				<transform>
					<row0>1.000000 0.000000 0.000000</row0>
					<row1>0.000000 0.620438 0.784256</row1>
					<row2>0.000000 -0.784256 0.620438</row2>
					<row3>-1.232935 0.004373 2.294484</row3>
				</transform>
			</node>
			<node>
				<identifier>HP_TrackUp_LRear</identifier>
				<transform>
					<row0>-1.000000 0.000000 0.000000</row0>
					<row1>0.000000 0.780953 -0.624590</row1>
					<row2>-0.000000 -0.624590 -0.780953</row2>
					<row3>-1.232935 0.043943 -2.238578</row3>
				</transform>
			</node>
			<node>
				<identifier>HP_TrackUp_RFront</identifier>
				<transform>
					<row0>1.000000 0.000000 0.000000</row0>
					<row1>0.000000 0.553927 0.832565</row1>
					<row2>0.000000 -0.832565 0.553927</row2>
					<row3>1.231702 -0.038418 2.324324</row3>
				</transform>
			</node>
			<node>
				<identifier>HP_TrackUp_RRear</identifier>
				<transform>
					<row0>-1.000000 0.000000 0.000000</row0>
					<row1>0.000000 0.780953 -0.624590</row1>
					<row2>-0.000000 -0.624590 -0.780953</row2>
					<row3>1.231702 0.046185 -2.238578</row3>
				</transform>
			</node>
			<node>
				<identifier>HP_Track_Exhaus_1</identifier>
				<transform>
					<row0>1.000000 0.000000 0.000000</row0>
					<row1>0.000000 -0.268357 -0.963320</row1>
					<row2>0.000000 0.963320 -0.268357</row2>
					<row3>0.510436 0.288788 -2.013327</row3>
				</transform>
			</node>
			<node>
				<identifier>HP_Track_Exhaus_2</identifier>
				<transform>
					<row0>1.000000 0.000000 0.000000</row0>
					<row1>0.000000 -0.268357 -0.963320</row1>
					<row2>0.000000 0.963320 -0.268357</row2>
					<row3>-0.489072 0.288788 -2.013327</row3>
				</transform>
			</node>
			<node>
				<identifier>HP_turretJoint</identifier>
				<transform>
					<row0>1.000000 0.000000 0.000000</row0>
					<row1>0.000000 1.000000 0.000000</row1>
					<row2>0.000000 0.000000 1.000000</row2>
					<row3>-0.001679 0.550681 0.165320</row3>
				</transform>
			</node>
		</node>
	</node>
	<renderSet>
		<treatAsWorldSpaceObject>false</treatAsWorldSpaceObject>
		<node>Scene Root</node>
		<geometry>
			<vertices>vertices</vertices>
			<primitive>indices</primitive>
			<primitiveGroup>
				0
				<material>
					<identifier>tank_hull_01</identifier>
					<fx>shaders/std_effects/PBS_tank.fx</fx>
					<materialKind>0</materialKind>
					<collisionFlags>0</collisionFlags>
					<property>
						diffuseMap
						<Texture>vehicles/american/A123_T78/_skins/T78_ID/T78_ID_hull_01_AM.dds</Texture>
					</property>
					<property>
						alphaReference
						<Int>64</Int>
					</property>
					<property>
						alphaTestEnable
						<Bool>true</Bool>
					</property>
					<property>
						excludeMaskAndAOMap
						<Texture>vehicles/american/A123_T78/_skins/T78_ID/T78_ID_hull_01_AO.dds</Texture>
					</property>
					<property>
						g_detailUVTiling
						<Vector4>7.013700 7.013700 0.000000 0.000000</Vector4>
					</property>
					<property>
						g_useDetailMetallic
						<Bool>true</Bool>
					</property>
					<property>
						metallicDetailMap
						<Texture>vehicles/russian/Tank_detail/Details_map.dds</Texture>
					</property>
					<property>
						metallicGlossMap
						<Texture>vehicles/american/A123_T78/_skins/T78_ID/T78_ID_hull_01_GMM.dds</Texture>
					</property>
					<property>
						normalMap
						<Texture>vehicles/american/A123_T78/_skins/T78_ID/T78_ID_hull_01_ANM.dds</Texture>
					</property>
				</material>
				<groupOrigin>0.004326 0.028078 -0.036109</groupOrigin>
			</primitiveGroup>
			<primitiveGroup>
				1
				<material>
					<identifier>tank_hull_01_2</identifier>
					<collisionFlags>0</collisionFlags>
					<materialKind>0</materialKind>
					<fx>shaders/std_effects/PBS_tank.fx</fx>
					<property>
						metallicGlossMap
						<Texture>vehicles/american/A123_T78/_skins/T78_ID/T78_ID_hull_01_2_GMM.dds</Texture>
					</property>
					<property>
						normalMap
						<Texture>vehicles/american/A123_T78/_skins/T78_ID/T78_ID_hull_01_2_ANM.dds</Texture>
					</property>
					<property>
						diffuseMap
						<Texture>vehicles/american/A123_T78/_skins/T78_ID/T78_ID_hull_01_2_AM.dds</Texture>
					</property>
					<property>
						excludeMaskAndAOMap
						<Texture>vehicles/american/A123_T78/_skins/T78_ID/T78_ID_hull_01_2_AO.dds</Texture>
					</property>
					<property>
						alphaReference
						<Int>64</Int>
					</property>
					<property>
						g_detailUVTiling
						<Vector4>7.013700 7.013700 0.000000 0.000000</Vector4>
					</property>
					<property>
						g_useDetailMetallic
						<Bool>true</Bool>
					</property>
					<property>
						metallicDetailMap
						<Texture>vehicles/russian/Tank_detail/Details_map.dds</Texture>
					</property>
				</material>
				<groupOrigin>0.001800 0.017545 0.687958</groupOrigin>
			</primitiveGroup>
			<primitiveGroup>
				2
				<material>
					<identifier>tank_hull_01_3</identifier>
					<fx>shaders/std_effects/PBS_tank.fx</fx>
					<materialKind>0</materialKind>
					<collisionFlags>0</collisionFlags>
					<property>
						diffuseMap
						<Texture>vehicles/american/A123_T78/_skins/T78_ID/T78_ID_hull_01_3_AM.dds</Texture>
					</property>
					<property>
						alphaReference
						<Int>64</Int>
					</property>
					<property>
						alphaTestEnable
						<Bool>true</Bool>
					</property>
					<property>
						excludeMaskAndAOMap
						<Texture>vehicles/american/A123_T78/_skins/T78_ID/T78_ID_hull_01_3_AO.dds</Texture>
					</property>
					<property>
						g_detailUVTiling
						<Vector4>7.013700 7.013700 0.000000 0.000000</Vector4>
					</property>
					<property>
						g_useDetailMetallic
						<Bool>true</Bool>
					</property>
					<property>
						metallicDetailMap
						<Texture>vehicles/russian/Tank_detail/Details_map.dds</Texture>
					</property>
					<property>
						metallicGlossMap
						<Texture>vehicles/american/A123_T78/_skins/T78_ID/T78_ID_hull_01_3_GMM.dds</Texture>
					</property>
					<property>
						normalMap
						<Texture>vehicles/american/A123_T78/_skins/T78_ID/T78_ID_hull_01_3_ANM.dds</Texture>
					</property>
				</material>
				<groupOrigin>0.044348 0.334329 -0.150258</groupOrigin>
			</primitiveGroup>
		</geometry>
	</renderSet>
	<boundingBox>
		<min>-1.486160 -0.572879 -2.620647</min>
		<max>1.494811 0.641737 2.485976</max>
	</boundingBox>
	<geometrySize>107494</geometrySize>
	<minUVDensity>0.001706</minUVDensity>
</root>
