<?xml version="1.0" encoding="utf-8"?>
<root>
	<node>
		<identifier>Scene Root</identifier>
		<transform>
			<row0>1.000000 0.000000 0.000000</row0>
			<row1>0.000000 1.000000 0.000000</row1>
			<row2>0.000000 0.000000 1.000000</row2>
			<row3>0.000000 0.000000 0.000000</row3>
		</transform>
		<node>
			<identifier>J_env_122_02_Zeppelin_stern</identifier>
			<transform>
				<row0>0.987397 0.000000 -0.158261</row0>
				<row1>0.000000 1.000000 0.000000</row1>
				<row2>0.158261 0.000000 0.987397</row2>
				<row3>0.000000 0.000000 0.000000</row3>
			</transform>
			<node>
				<identifier>joint2</identifier>
				<transform>
					<row0>0.996417 0.000000 -0.084574</row0>
					<row1>0.000000 1.000000 0.000000</row1>
					<row2>0.084574 0.000000 0.996417</row2>
					<row3>19.743746 10.773590 3.271381</row3>
				</transform>
				<node>
					<identifier>joint21</identifier>
					<transform>
						<row0>-0.482532 0.000000 -0.875879</row0>
						<row1>0.000000 1.000000 0.000000</row1>
						<row2>0.875879 -0.000000 -0.482532</row2>
						<row3>0.000001 -1.059976 0.000000</row3>
					</transform>
					<node>
						<identifier>joint21_BlendBone</identifier>
						<transform>
							<row0>-0.679548 0.000000 0.733631</row0>
							<row1>0.000000 1.000000 0.000000</row1>
							<row2>0.733631 0.000000 0.679548</row2>
							<row3>13.676955 -9.713614 -14.610214</row3>
						</transform>
					</node>
				</node>
				<node>
					<identifier>joint2_BlendBone</identifier>
					<transform>
						<row0>0.970475 0.000000 0.241202</row0>
						<row1>0.000000 1.000000 0.000000</row1>
						<row2>0.241202 0.000000 -0.970475</row2>
						<row3>-19.396338 -10.773590 -4.929461</row3>
					</transform>
				</node>
			</node>
			<node>
				<identifier>joint4</identifier>
				<transform>
					<row0>0.996417 0.000000 -0.084574</row0>
					<row1>0.000000 1.000000 0.000000</row1>
					<row2>0.084574 0.000000 0.996417</row2>
					<row3>21.032036 10.773590 3.477869</row3>
				</transform>
				<node>
					<identifier>joint41</identifier>
					<transform>
						<row0>-0.482532 0.000000 -0.875879</row0>
						<row1>0.000000 1.000000 0.000000</row1>
						<row2>0.875879 0.000000 -0.482532</row2>
						<row3>0.000000 -1.059976 0.000000</row3>
					</transform>
					<node>
						<identifier>joint41_BlendBone</identifier>
						<transform>
							<row0>-0.679548 0.000000 0.733631</row0>
							<row1>0.000000 1.000000 0.000000</row1>
							<row2>0.733631 0.000000 0.679548</row2>
							<row3>14.563583 -9.713614 -15.567407</row3>
						</transform>
					</node>
				</node>
				<node>
					<identifier>joint4_BlendBone</identifier>
					<transform>
						<row0>0.970475 0.000000 0.241202</row0>
						<row1>0.000000 1.000000 0.000000</row1>
						<row2>0.241202 0.000000 -0.970475</row2>
						<row3>-20.662546 -10.773590 -5.244165</row3>
					</transform>
				</node>
			</node>
			<node>
				<identifier>joint5</identifier>
				<transform>
					<row0>0.996417 0.000000 -0.084574</row0>
					<row1>0.000000 1.000000 0.000000</row1>
					<row2>0.084574 0.000000 0.996417</row2>
					<row3>22.129049 10.773590 3.653700</row3>
				</transform>
				<node>
					<identifier>joint51</identifier>
					<transform>
						<row0>-0.482532 -0.000000 -0.875879</row0>
						<row1>0.000000 1.000000 0.000000</row1>
						<row2>0.875879 0.000000 -0.482532</row2>
						<row3>0.000000 -1.059975 0.000000</row3>
					</transform>
					<node>
						<identifier>joint51_BlendBone</identifier>
						<transform>
							<row0>-0.679548 0.000000 0.733631</row0>
							<row1>0.000000 1.000000 0.000000</row1>
							<row2>0.733631 0.000000 0.679548</row2>
							<row3>15.318573 -9.713614 -16.382481</row3>
						</transform>
					</node>
				</node>
				<node>
					<identifier>joint5_BlendBone</identifier>
					<transform>
						<row0>0.970475 0.000000 0.241202</row0>
						<row1>0.000000 1.000000 0.000000</row1>
						<row2>0.241202 0.000000 -0.970475</row2>
						<row3>-21.740759 -10.773590 -5.512145</row3>
					</transform>
				</node>
			</node>
			<node>
				<identifier>joint6</identifier>
				<transform>
					<row0>0.996417 0.000000 -0.084574</row0>
					<row1>0.000000 1.000000 0.000000</row1>
					<row2>0.084574 0.000000 0.996417</row2>
					<row3>23.471626 10.773590 3.868889</row3>
				</transform>
				<node>
					<identifier>joint61</identifier>
					<transform>
						<row0>-0.482532 0.000000 -0.875879</row0>
						<row1>0.000000 1.000000 0.000000</row1>
						<row2>0.875879 0.000000 -0.482532</row2>
						<row3>0.000000 -1.059976 0.000000</row3>
					</transform>
					<node>
						<identifier>joint61_BlendBone</identifier>
						<transform>
							<row0>-0.679548 0.000000 0.733631</row0>
							<row1>0.000000 1.000000 0.000000</row1>
							<row2>0.733631 0.000000 0.679548</row2>
							<row3>16.242563 -9.713614 -17.380009</row3>
						</transform>
					</node>
				</node>
				<node>
					<identifier>joint6_BlendBone</identifier>
					<transform>
						<row0>0.970475 0.000000 0.241202</row0>
						<row1>0.000000 1.000000 0.000000</row1>
						<row2>0.241202 0.000000 -0.970475</row2>
						<row3>-23.060324 -10.773590 -5.840110</row3>
					</transform>
				</node>
			</node>
			<node>
				<identifier>joint7</identifier>
				<transform>
					<row0>0.996417 0.000000 -0.084574</row0>
					<row1>0.000000 1.000000 0.000000</row1>
					<row2>0.084574 0.000000 0.996417</row2>
					<row3>24.629152 10.773590 4.054419</row3>
				</transform>
				<node>
					<identifier>joint71</identifier>
					<transform>
						<row0>-0.482532 0.000000 -0.875879</row0>
						<row1>0.000000 1.000000 0.000000</row1>
						<row2>0.875879 -0.000000 -0.482532</row2>
						<row3>0.000000 -1.059975 -0.000001</row3>
					</transform>
					<node>
						<identifier>joint71_BlendBone</identifier>
						<transform>
							<row0>-0.679548 0.000000 0.733631</row0>
							<row1>0.000000 1.000000 0.000000</row1>
							<row2>0.733631 0.000000 0.679548</row2>
							<row3>17.039198 -9.713614 -18.240046</row3>
						</transform>
					</node>
				</node>
				<node>
					<identifier>joint7_BlendBone</identifier>
					<transform>
						<row0>0.970475 0.000000 0.241202</row0>
						<row1>0.000000 1.000000 0.000000</row1>
						<row2>0.241202 0.000000 -0.970475</row2>
						<row3>-24.198015 -10.773590 -6.122871</row3>
					</transform>
				</node>
			</node>
			<node>
				<identifier>joint8</identifier>
				<transform>
					<row0>0.996515 0.000000 0.083418</row0>
					<row1>0.000000 1.000000 0.000000</row1>
					<row2>-0.083418 0.000000 0.996515</row2>
					<row3>37.142918 31.273050 4.668118</row3>
				</transform>
				<node>
					<identifier>joint8_BlendBone</identifier>
					<transform>
						<row0>0.997158 0.000000 0.075343</row0>
						<row1>0.000000 1.000000 0.000000</row1>
						<row2>0.075343 0.000000 -0.997158</row2>
						<row3>-37.402870 -31.273054 -1.553467</row3>
					</transform>
				</node>
			</node>
			<node>
				<identifier>J_env_122_02_Zeppelin_stern_BlendBone</identifier>
				<transform>
					<row0>0.987397 0.000000 0.158261</row0>
					<row1>0.000000 1.000000 0.000000</row1>
					<row2>0.158261 0.000000 -0.987397</row2>
					<row3>0.000000 0.000000 0.000000</row3>
				</transform>
			</node>
		</node>
		<node>
			<identifier>env_122_02_Zeppelin_stern</identifier>
			<transform>
				<row0>1.000000 0.000000 0.000000</row0>
				<row1>0.000000 1.000000 0.000000</row1>
				<row2>0.000000 0.000000 1.000000</row2>
				<row3>0.000000 0.000000 0.000000</row3>
			</transform>
			<node>
				<identifier>lod0</identifier>
				<transform>
					<row0>1.000000 0.000000 0.000000</row0>
					<row1>0.000000 1.000000 0.000000</row1>
					<row2>0.000000 0.000000 1.000000</row2>
					<row3>0.000000 0.000000 0.000000</row3>
				</transform>
				<node>
					<identifier>s2</identifier>
					<transform>
						<row0>1.000000 0.000000 0.000000</row0>
						<row1>0.000000 1.000000 0.000000</row1>
						<row2>0.000000 0.000000 1.000000</row2>
						<row3>0.000000 0.000000 0.000000</row3>
					</transform>
				</node>
			</node>
		</node>
	</node>
	<renderSet>
		<treatAsWorldSpaceObject>true</treatAsWorldSpaceObject>
		<node>J_env_122_02_Zeppelin_stern_BlendBone</node>
		<node>joint8_BlendBone</node>
		<node>joint6_BlendBone</node>
		<node>joint7_BlendBone</node>
		<node>joint5_BlendBone</node>
		<geometry>
			<vertices>s0_Shape.vertices</vertices>
			<stream>s0_Shape.uv2</stream>
			<primitive>s0_Shape.indices</primitive>
			<primitiveGroup>
				0
				<material>
					<identifier>s_nd0_skinned</identifier>
					<fx>shaders/std_effects/PBS_ext_skinned_dual.fx</fx>
					<collisionFlags>0</collisionFlags>
					<materialKind>112</materialKind>
					<property>
						diffuseMap
						<Texture>content/Environment/env_122_02_Zeppelin/env_122_02_Zeppelin_AM.dds</Texture>
					</property>
					<property>
						alphaReference
						<Int>32</Int>
					</property>
					<property>
						alphaTestEnable
						<Bool>true</Bool>
					</property>
					<property>
						diffuseMap2
						<Texture>content/Environment/env_122_02_Zeppelin/env_122_02_Zeppelin_AM2.dds</Texture>
					</property>
					<property>
						metallicGlossMap
						<Texture>content/Environment/env_122_02_Zeppelin/env_122_02_Zeppelin_GMM.dds</Texture>
					</property>
					<property>
						normalMap
						<Texture>content/Environment/env_122_02_Zeppelin/env_122_02_Zeppelin_ANM.dds</Texture>
					</property>
				</material>
				<groupOrigin>21.412657 17.786777 3.288093</groupOrigin>
			</primitiveGroup>
		</geometry>
	</renderSet>
	<renderSet>
		<treatAsWorldSpaceObject>true</treatAsWorldSpaceObject>
		<node>joint7_BlendBone</node>
		<node>J_env_122_02_Zeppelin_stern_BlendBone</node>
		<geometry>
			<vertices>s1_Shape.vertices</vertices>
			<stream>s1_Shape.uv2</stream>
			<primitive>s1_Shape.indices</primitive>
			<primitiveGroup>
				0
				<material>
					<identifier>s_nd1_skinned</identifier>
					<fx>shaders/std_effects/PBS_ext_skinned_dual.fx</fx>
					<collisionFlags>0</collisionFlags>
					<materialKind>112</materialKind>
					<property>
						diffuseMap
						<Texture>content/Environment/env_122_02_Zeppelin/env_122_02_Zeppelin_AM.dds</Texture>
					</property>
					<property>
						alphaReference
						<Int>32</Int>
					</property>
					<property>
						alphaTestEnable
						<Bool>true</Bool>
					</property>
					<property>
						diffuseMap2
						<Texture>content/Environment/env_122_02_Zeppelin/env_122_02_Zeppelin_AM2.dds</Texture>
					</property>
					<property>
						metallicGlossMap
						<Texture>content/Environment/env_122_02_Zeppelin/env_122_02_Zeppelin_GMM.dds</Texture>
					</property>
					<property>
						normalMap
						<Texture>content/Environment/env_122_02_Zeppelin/env_122_02_Zeppelin_ANM.dds</Texture>
					</property>
				</material>
				<groupOrigin>27.288616 12.440006 1.246665</groupOrigin>
			</primitiveGroup>
		</geometry>
	</renderSet>
	<renderSet>
		<treatAsWorldSpaceObject>false</treatAsWorldSpaceObject>
		<node>s2</node>
		<geometry>
			<vertices>s2_Shape.vertices</vertices>
			<stream>s2_Shape.uv2</stream>
			<primitive>s2_Shape.indices</primitive>
			<primitiveGroup>
				0
				<material>
					<identifier>s_nd2</identifier>
					<fx>shaders/std_effects/PBS_ext_dual.fx</fx>
					<collisionFlags>0</collisionFlags>
					<materialKind>112</materialKind>
					<property>
						diffuseMap
						<Texture>content/Environment/env_122_02_Zeppelin/env_122_02_Zeppelin_AM.dds</Texture>
					</property>
					<property>
						diffuseMap2
						<Texture>content/Environment/env_122_02_Zeppelin/env_122_02_Zeppelin_AM2.dds</Texture>
					</property>
					<property>
						metallicGlossMap
						<Texture>content/Environment/env_122_02_Zeppelin/env_122_02_Zeppelin_GMM.dds</Texture>
					</property>
					<property>
						normalMap
						<Texture>content/Environment/env_122_02_Zeppelin/env_122_02_Zeppelin_ANM.dds</Texture>
					</property>
				</material>
				<groupOrigin>19.233976 13.981764 -1.156308</groupOrigin>
			</primitiveGroup>
		</geometry>
	</renderSet>
	<constraints/>
	<boundingBox>
		<min>-5.004170 -3.274321 -26.260813</min>
		<max>47.758408 37.755634 19.684626</max>
	</boundingBox>
	<geometrySize>383654</geometrySize>
	<minUVDensity>0.000261</minUVDensity>
</root>
