<?xml version="1.0" encoding="utf-8"?>
<root>
	<node>
		<identifier>Scene Root</identifier>
		<transform>
			<row0>1.000000 0.000000 0.000000</row0>
			<row1>0.000000 1.000000 0.000000</row1>
			<row2>0.000000 0.000000 1.000000</row2>
			<row3>0.000000 0.000000 0.000000</row3>
		</transform>
		<node>
			<identifier>nodes_01</identifier>
			<transform>
				<row0>1.000000 0.000000 0.000000</row0>
				<row1>0.000000 1.000000 0.000000</row1>
				<row2>0.000000 0.000000 1.000000</row2>
				<row3>0.000000 0.000000 0.000000</row3>
			</transform>
			<node>
				<identifier>HP_Fire_1</identifier>
				<transform>
					<row0>1.000000 0.000000 0.000000</row0>
					<row1>0.000000 1.000000 0.000000</row1>
					<row2>0.000000 0.000000 1.000000</row2>
					<row3>-0.523599 0.225894 0.882507</row3>
				</transform>
			</node>
			<node>
				<identifier>HP_Fire_2</identifier>
				<transform>
					<row0>1.000000 0.000000 0.000000</row0>
					<row1>0.000000 1.000000 0.000000</row1>
					<row2>0.000000 0.000000 1.000000</row2>
					<row3>-0.842981 -0.000279 -1.167662</row3>
				</transform>
			</node>
			<node>
				<identifier>HP_TrackUp_LFront</identifier>
				<transform>
					<row0>1.000000 0.000000 0.000000</row0>
					<row1>0.000000 0.956442 0.291923</row1>
					<row2>0.000000 -0.291923 0.956442</row2>
					<row3>-1.579044 0.149000 3.547646</row3>
				</transform>
			</node>
			<node>
				<identifier>HP_TrackUp_LRear</identifier>
				<transform>
					<row0>-1.000000 0.000000 -0.000000</row0>
					<row1>0.000000 0.937474 -0.348056</row1>
					<row2>-0.000000 -0.348056 -0.937474</row2>
					<row3>-1.579044 -0.128765 -3.376115</row3>
				</transform>
			</node>
			<node>
				<identifier>HP_TrackUp_RFront</identifier>
				<transform>
					<row0>1.000000 0.000000 0.000000</row0>
					<row1>0.000000 0.963427 0.267971</row1>
					<row2>0.000000 -0.267971 0.963427</row2>
					<row3>1.570647 0.145995 3.547646</row3>
				</transform>
			</node>
			<node>
				<identifier>HP_TrackUp_RRear</identifier>
				<transform>
					<row0>-1.000000 0.000000 0.000000</row0>
					<row1>0.000000 0.980828 -0.194875</row1>
					<row2>-0.000000 -0.194875 -0.980828</row2>
					<row3>1.570647 -0.139868 -3.376115</row3>
				</transform>
			</node>
			<node>
				<identifier>HP_Track_Exhaus_1</identifier>
				<transform>
					<row0>0.000042 -0.000587 1.000000</row0>
					<row1>-0.454266 0.890866 0.000542</row1>
					<row2>-0.890866 -0.454266 -0.000229</row2>
					<row3>-1.170355 -0.021370 -2.169319</row3>
				</transform>
			</node>
			<node>
				<identifier>HP_Track_Exhaus_2</identifier>
				<transform>
					<row0>0.000042 -0.000587 1.000000</row0>
					<row1>-0.437141 -0.899393 -0.000509</row1>
					<row2>0.899393 -0.437141 -0.000295</row2>
					<row3>1.165927 -0.021370 -2.169319</row3>
				</transform>
			</node>
			<node>
				<identifier>HP_turretJoint</identifier>
				<transform>
					<row0>1.000000 0.000000 0.000000</row0>
					<row1>0.000000 1.000000 0.000000</row1>
					<row2>0.000000 0.000000 1.000000</row2>
					<row3>0.000025 0.866050 -1.954315</row3>
				</transform>
			</node>
		</node>
	</node>
	<renderSet>
		<treatAsWorldSpaceObject>false</treatAsWorldSpaceObject>
		<node>Scene Root</node>
		<geometry>
			<vertices>vertices</vertices>
			<primitive>indices</primitive>
			<primitiveGroup>
				0
				<material>
					<identifier>tank_hull_01</identifier>
					<fx>shaders/std_effects/PBS_tank.fx</fx>
					<collisionFlags>0</collisionFlags>
					<materialKind>0</materialKind>
					<property>
						normalMap
						<Texture>vehicles/american/A115_Chrysler_K_GF/Chrysler_K_GF_hull_01_ANM.dds</Texture>
					</property>
					<property>
						metallicGlossMap
						<Texture>vehicles/american/A115_Chrysler_K_GF/Chrysler_K_GF_hull_01_GMM.dds</Texture>
					</property>
					<property>
						excludeMaskAndAOMap
						<Texture>vehicles/american/A115_Chrysler_K_GF/Chrysler_K_GF_hull_01_AO.dds</Texture>
					</property>
					<property>
						diffuseMap
						<Texture>vehicles/american/A115_Chrysler_K_GF/Chrysler_K_GF_hull_01_AM.dds</Texture>
					</property>
				</material>
				<groupOrigin>-0.000679 0.225924 0.003773</groupOrigin>
			</primitiveGroup>
			<primitiveGroup>
				1
				<material>
					<identifier>tank_hull_01_2</identifier>
					<fx>shaders/std_effects/PBS_tank.fx</fx>
					<collisionFlags>0</collisionFlags>
					<materialKind>0</materialKind>
					<property>
						normalMap
						<Texture>vehicles/american/A115_Chrysler_K_GF/Chrysler_K_GF_hull_01_2_ANM.dds</Texture>
					</property>
					<property>
						metallicGlossMap
						<Texture>vehicles/american/A115_Chrysler_K_GF/Chrysler_K_GF_hull_01_2_GMM.dds</Texture>
					</property>
					<property>
						metallicDetailMap
						<Texture>vehicles/russian/Tank_detail/Details_map.dds</Texture>
					</property>
					<property>
						g_maskBias
						<Float>
							0.18
							<!--BW_String-->
						</Float>
					</property>
					<property>
						g_detailUVTiling
						<Vector4>8.416440 8.416440 0.000000 0.000000</Vector4>
					</property>
					<property>
						g_detailPowerGloss
						<Float>
							0.35
							<!--BW_String-->
						</Float>
					</property>
					<property>
						g_detailPowerAlbedo
						<Float>
							0.11
							<!--BW_String-->
						</Float>
					</property>
					<property>
						g_detailPower
						<Float>5</Float>
					</property>
					<property>
						excludeMaskAndAOMap
						<Texture>vehicles/american/A115_Chrysler_K_GF/Chrysler_K_GF_hull_01_2_AO.dds</Texture>
					</property>
					<property>
						diffuseMap
						<Texture>vehicles/american/A115_Chrysler_K_GF/Chrysler_K_GF_hull_01_2_AM.dds</Texture>
					</property>
				</material>
				<groupOrigin>0.000323 0.600706 2.830656</groupOrigin>
			</primitiveGroup>
		</geometry>
	</renderSet>
	<boundingBox>
		<min>-1.984416 -0.575492 -3.820942</min>
		<max>1.983057 1.027340 3.828488</max>
	</boundingBox>
	<geometrySize>77146</geometrySize>
	<minUVDensity>0.003130</minUVDensity>
</root>
