<?xml version="1.0" encoding="utf-8"?>
<root>
	<node>
		<identifier>Scene Root</identifier>
		<transform>
			<row0>1.000000 0.000000 0.000000</row0>
			<row1>0.000000 1.000000 0.000000</row1>
			<row2>0.000000 0.000000 1.000000</row2>
			<row3>0.000000 0.000000 0.000000</row3>
		</transform>
		<node>
			<identifier>Root</identifier>
			<transform>
				<row0>1.000000 0.000000 0.000000</row0>
				<row1>0.000000 1.000000 0.000000</row1>
				<row2>0.000000 0.000000 1.000000</row2>
				<row3>0.000000 0.000000 0.000000</row3>
			</transform>
			<node>
				<identifier>Birds01</identifier>
				<transform>
					<row0>0.999850 0.006676 0.015981</row0>
					<row1>-0.006673 0.999978 -0.000197</row1>
					<row2>-0.015982 0.000090 0.999872</row2>
					<row3>-0.028720 0.012884 -0.012884</row3>
				</transform>
				<node>
					<identifier>wings01_L</identifier>
					<transform>
						<row0>1.000000 0.000000 -0.000000</row0>
						<row1>-0.000000 1.000000 0.000000</row1>
						<row2>0.000000 -0.000000 1.000000</row2>
						<row3>-0.027865 0.069000 0.000000</row3>
					</transform>
					<node>
						<identifier>wings01_L_BlendBone</identifier>
						<transform>
							<row0>0.999850 -0.006673 -0.015982</row0>
							<row1>0.006676 0.999978 0.000090</row1>
							<row2>-0.015981 0.000197 -0.999872</row2>
							<row3>0.056701 -0.082078 0.012422</row3>
						</transform>
					</node>
				</node>
				<node>
					<identifier>wings01_R</identifier>
					<transform>
						<row0>1.000000 0.000000 -0.000000</row0>
						<row1>-0.000000 1.000000 0.000000</row1>
						<row2>0.000000 -0.000000 1.000000</row2>
						<row3>0.026010 0.069000 0.000000</row3>
					</transform>
					<node>
						<identifier>wings01_R_BlendBone</identifier>
						<transform>
							<row0>0.999850 -0.006673 -0.015982</row0>
							<row1>0.006676 0.999978 0.000090</row1>
							<row2>-0.015981 0.000197 -0.999872</row2>
							<row3>0.002826 -0.082078 0.012422</row3>
						</transform>
					</node>
				</node>
				<node>
					<identifier>Birds01_BlendBone</identifier>
					<transform>
						<row0>0.999850 -0.006673 -0.015982</row0>
						<row1>0.006676 0.999978 0.000090</row1>
						<row2>-0.015981 0.000197 -0.999872</row2>
						<row3>0.028835 -0.013078 0.012422</row3>
					</transform>
				</node>
			</node>
			<node>
				<identifier>Birds02</identifier>
				<transform>
					<row0>0.999997 0.002250 0.000197</row0>
					<row1>-0.002258 0.992826 0.119551</row1>
					<row2>0.000074 -0.119551 0.992828</row2>
					<row3>-0.001756 -0.001756 0.041756</row3>
				</transform>
				<node>
					<identifier>wings02_L</identifier>
					<transform>
						<row0>1.000000 0.000000 0.000000</row0>
						<row1>-0.000000 1.000000 0.000000</row1>
						<row2>-0.000000 0.000000 1.000000</row2>
						<row3>0.013379 0.033222 0.000000</row3>
					</transform>
					<node>
						<identifier>wings02_L_BlendBone</identifier>
						<transform>
							<row0>0.999997 -0.002258 0.000074</row0>
							<row1>0.002250 0.992826 -0.119551</row1>
							<row2>-0.000197 -0.119551 -0.992828</row2>
							<row3>-0.011627 -0.036474 -0.041667</row3>
						</transform>
					</node>
				</node>
				<node>
					<identifier>wings02_R</identifier>
					<transform>
						<row0>1.000000 0.000000 0.000000</row0>
						<row1>-0.000000 1.000000 0.000000</row1>
						<row2>-0.000000 0.000000 1.000000</row2>
						<row3>-0.013912 0.033222 0.000000</row3>
					</transform>
					<node>
						<identifier>wings02_R_BlendBone</identifier>
						<transform>
							<row0>0.999997 -0.002258 0.000074</row0>
							<row1>0.002250 0.992826 -0.119551</row1>
							<row2>-0.000197 -0.119551 -0.992828</row2>
							<row3>0.015664 -0.036474 -0.041667</row3>
						</transform>
					</node>
				</node>
				<node>
					<identifier>Birds02_BlendBone</identifier>
					<transform>
						<row0>0.999997 -0.002258 0.000074</row0>
						<row1>0.002250 0.992826 -0.119551</row1>
						<row2>-0.000197 -0.119551 -0.992828</row2>
						<row3>0.001752 -0.003252 -0.041667</row3>
					</transform>
				</node>
			</node>
			<node>
				<identifier>Birds03</identifier>
				<transform>
					<row0>1.000000 0.000197 0.000197</row0>
					<row1>-0.000197 1.000000 -0.000197</row1>
					<row2>-0.000197 0.000197 1.000000</row2>
					<row3>0.127448 0.003204 -0.003204</row3>
				</transform>
				<node>
					<identifier>wings03_L</identifier>
					<transform>
						<row0>1.000000 0.000000 -0.000000</row0>
						<row1>0.000000 1.000000 0.000000</row1>
						<row2>-0.000000 0.000000 1.000000</row2>
						<row3>0.017951 -0.033222 0.000000</row3>
					</transform>
					<node>
						<identifier>wings03_L_BlendBone</identifier>
						<transform>
							<row0>1.000000 -0.000197 -0.000197</row0>
							<row1>0.000197 1.000000 0.000197</row1>
							<row2>-0.000197 0.000197 -1.000000</row2>
							<row3>-0.145400 0.030042 0.003229</row3>
						</transform>
					</node>
				</node>
				<node>
					<identifier>wings03_R</identifier>
					<transform>
						<row0>1.000000 0.000000 -0.000000</row0>
						<row1>0.000000 1.000000 0.000000</row1>
						<row2>-0.000000 0.000000 1.000000</row2>
						<row3>-0.018338 -0.033222 0.000000</row3>
					</transform>
					<node>
						<identifier>wings03_R_BlendBone</identifier>
						<transform>
							<row0>1.000000 -0.000197 -0.000197</row0>
							<row1>0.000197 1.000000 0.000197</row1>
							<row2>-0.000197 0.000197 -1.000000</row2>
							<row3>-0.109111 0.030042 0.003229</row3>
						</transform>
					</node>
				</node>
				<node>
					<identifier>Birds03_BlendBone</identifier>
					<transform>
						<row0>1.000000 -0.000197 -0.000197</row0>
						<row1>0.000197 1.000000 0.000197</row1>
						<row2>-0.000197 0.000197 -1.000000</row2>
						<row3>-0.127448 -0.003180 0.003229</row3>
					</transform>
				</node>
			</node>
		</node>
	</node>
	<renderSet>
		<treatAsWorldSpaceObject>true</treatAsWorldSpaceObject>
		<node>Birds03_BlendBone</node>
		<node>wings03_L_BlendBone</node>
		<node>wings03_R_BlendBone</node>
		<node>Birds02_BlendBone</node>
		<node>wings02_L_BlendBone</node>
		<node>wings02_R_BlendBone</node>
		<node>Birds01_BlendBone</node>
		<node>wings01_L_BlendBone</node>
		<node>wings01_R_BlendBone</node>
		<geometry>
			<vertices>SparrowsFlockShape.vertices</vertices>
			<primitive>SparrowsFlockShape.indices</primitive>
			<primitiveGroup>
				0
				<material>
					<identifier>lambert2_skinned</identifier>
					<fx>shaders/std_effects/lightonly_skinned.fx</fx>
					<collisionFlags>0</collisionFlags>
					<materialKind>111</materialKind>
					<property>
						diffuseMap
						<Texture>content/Environment/env_birds/TropicalBird.dds</Texture>
					</property>
					<property>
						alphaTestEnable
						<Bool>true</Bool>
					</property>
					<property>
						alphaReference
						<Int>128</Int>
					</property>
				</material>
				<groupOrigin>-0.010142 -0.093467 0.058389</groupOrigin>
			</primitiveGroup>
		</geometry>
	</renderSet>
	<constraints>
		<parentConstraint>
			<identifier>wings01_R_parentConstraint1</identifier>
			<target>wings01_R</target>
			<source>
				<weight>1.000000</weight>
				<identifier>wings01_R</identifier>
				<translateOffset>0.000000 0.000000 -0.000000</translateOffset>
				<rotateOffset>-0.000000 -0.000000 0.000000</rotateOffset>
			</source>
		</parentConstraint>
		<parentConstraint>
			<identifier>wings01_L_parentConstraint1</identifier>
			<target>wings01_L</target>
			<source>
				<weight>1.000000</weight>
				<identifier>wings01_l</identifier>
				<translateOffset>0.000000 0.000000 -0.000000</translateOffset>
				<rotateOffset>-0.000000 -0.000000 0.000000</rotateOffset>
			</source>
		</parentConstraint>
		<parentConstraint>
			<identifier>Birds01_parentConstraint1</identifier>
			<target>Birds01</target>
			<source>
				<weight>1.000000</weight>
				<identifier>Birds01</identifier>
				<translateOffset>0.000000 0.000000 -0.000000</translateOffset>
				<rotateOffset>-0.000000 -0.000000 0.000000</rotateOffset>
			</source>
		</parentConstraint>
		<parentConstraint>
			<identifier>wings02_R_parentConstraint1</identifier>
			<target>wings02_R</target>
			<source>
				<weight>1.000000</weight>
				<identifier>wings02_R</identifier>
				<translateOffset>0.000000 0.000000 -0.000000</translateOffset>
				<rotateOffset>-0.000000 -0.000000 0.000000</rotateOffset>
			</source>
		</parentConstraint>
		<parentConstraint>
			<identifier>wings02_L_parentConstraint1</identifier>
			<target>wings02_L</target>
			<source>
				<weight>1.000000</weight>
				<identifier>wings02_l</identifier>
				<translateOffset>0.000000 0.000000 -0.000000</translateOffset>
				<rotateOffset>-0.000000 -0.000000 0.000000</rotateOffset>
			</source>
		</parentConstraint>
		<parentConstraint>
			<identifier>Birds02_parentConstraint1</identifier>
			<target>Birds02</target>
			<source>
				<weight>1.000000</weight>
				<identifier>Birds02</identifier>
				<translateOffset>0.000000 0.000000 -0.000000</translateOffset>
				<rotateOffset>-0.000000 -0.000000 0.000000</rotateOffset>
			</source>
		</parentConstraint>
		<parentConstraint>
			<identifier>wings03_R_parentConstraint1</identifier>
			<target>wings03_R</target>
			<source>
				<weight>1.000000</weight>
				<identifier>wings03_R</identifier>
				<translateOffset>0.000000 0.000000 -0.000000</translateOffset>
				<rotateOffset>-0.000000 -0.000000 0.000000</rotateOffset>
			</source>
		</parentConstraint>
		<parentConstraint>
			<identifier>wings03_L_parentConstraint1</identifier>
			<target>wings03_L</target>
			<source>
				<weight>1.000000</weight>
				<identifier>wings03_l</identifier>
				<translateOffset>0.000000 0.000000 -0.000000</translateOffset>
				<rotateOffset>-0.000000 -0.000000 0.000000</rotateOffset>
			</source>
		</parentConstraint>
		<parentConstraint>
			<identifier>Birds03_parentConstraint1</identifier>
			<target>Birds03</target>
			<source>
				<weight>1.000000</weight>
				<identifier>Birds03</identifier>
				<translateOffset>0.000000 0.000000 -0.000000</translateOffset>
				<rotateOffset>-0.000000 -0.000000 0.000000</rotateOffset>
			</source>
		</parentConstraint>
	</constraints>
	<boundingBox>
		<min>-1.218129 -1.162904 -1.758190</min>
		<max>1.197844 0.975970 1.641412</max>
	</boundingBox>
	<geometrySize>35040</geometrySize>
	<minUVDensity>6.902946</minUVDensity>
</root>
