<?xml version="1.0" encoding="utf-8"?>
<root>
	<node>
		<identifier>Scene Root</identifier>
		<transform>
			<row0>1.000000 0.000000 0.000000</row0>
			<row1>0.000000 1.000000 0.000000</row1>
			<row2>0.000000 0.000000 1.000000</row2>
			<row3>0.000000 0.000000 0.000000</row3>
		</transform>
		<node>
			<identifier>hd_env_SU_015_HighVoltagePoles_04</identifier>
			<transform>
				<row0>1.000000 0.000000 0.000000</row0>
				<row1>0.000000 1.000000 0.000000</row1>
				<row2>0.000000 0.000000 1.000000</row2>
				<row3>0.000000 0.000000 0.000000</row3>
			</transform>
			<node>
				<identifier>HP_snapping_01</identifier>
				<transform>
					<row0>1.000000 0.000000 0.000000</row0>
					<row1>0.000000 -0.999009 0.044513</row1>
					<row2>0.000000 -0.044513 -0.999009</row2>
					<row3>18.431984 19.921160 -7.487199</row3>
				</transform>
			</node>
			<node>
				<identifier>HP_snapping_010</identifier>
				<transform>
					<row0>1.000000 0.000000 0.000000</row0>
					<row1>0.000000 0.915221 0.402952</row1>
					<row2>0.000000 -0.402952 0.915221</row2>
					<row3>-4.049328 19.921160 7.524261</row3>
				</transform>
			</node>
			<node>
				<identifier>HP_snapping_011</identifier>
				<transform>
					<row0>1.000000 0.000000 0.000000</row0>
					<row1>0.000000 0.884502 0.466537</row1>
					<row2>0.000000 -0.466537 0.884502</row2>
					<row3>-11.343287 19.921160 7.524261</row3>
				</transform>
			</node>
			<node>
				<identifier>HP_snapping_012</identifier>
				<transform>
					<row0>1.000000 0.000000 0.000000</row0>
					<row1>0.000000 0.915801 0.401633</row1>
					<row2>0.000000 -0.401633 0.915801</row2>
					<row3>-18.413149 19.921160 7.524261</row3>
				</transform>
			</node>
			<node>
				<identifier>HP_snapping_013</identifier>
				<transform>
					<row0>1.000000 0.000000 0.000000</row0>
					<row1>0.000000 0.959296 -0.282403</row1>
					<row2>0.000000 0.282403 0.959296</row2>
					<row3>-22.765034 34.478252 0.008469</row3>
				</transform>
			</node>
			<node>
				<identifier>HP_snapping_014</identifier>
				<transform>
					<row0>1.000000 0.000000 0.000000</row0>
					<row1>0.000000 0.959296 -0.282403</row1>
					<row2>0.000000 0.282403 0.959296</row2>
					<row3>-0.001797 34.478252 0.008469</row3>
				</transform>
			</node>
			<node>
				<identifier>HP_snapping_015</identifier>
				<transform>
					<row0>1.000000 0.000000 0.000000</row0>
					<row1>0.000000 0.959296 -0.282403</row1>
					<row2>0.000000 0.282403 0.959296</row2>
					<row3>22.789881 34.478252 0.008469</row3>
				</transform>
			</node>
			<node>
				<identifier>HP_snapping_02</identifier>
				<transform>
					<row0>1.000000 0.000000 0.000000</row0>
					<row1>0.000000 -0.945650 0.325187</row1>
					<row2>0.000000 -0.325187 -0.945650</row2>
					<row3>11.360236 19.921160 -7.512921</row3>
				</transform>
			</node>
			<node>
				<identifier>HP_snapping_03</identifier>
				<transform>
					<row0>1.000000 0.000000 0.000000</row0>
					<row1>0.000000 -0.960298 0.278977</row1>
					<row2>0.000000 -0.278977 -0.960298</row2>
					<row3>4.064894 19.921160 -7.512921</row3>
				</transform>
			</node>
			<node>
				<identifier>HP_snapping_04</identifier>
				<transform>
					<row0>1.000000 0.000000 0.000000</row0>
					<row1>0.000000 -0.941935 0.335795</row1>
					<row2>0.000000 -0.335795 -0.941935</row2>
					<row3>-4.049328 19.921160 -7.512921</row3>
				</transform>
			</node>
			<node>
				<identifier>HP_snapping_05</identifier>
				<transform>
					<row0>1.000000 0.000000 0.000000</row0>
					<row1>0.000000 -0.941495 0.337027</row1>
					<row2>0.000000 -0.337027 -0.941495</row2>
					<row3>-11.343287 19.921160 -7.512921</row3>
				</transform>
			</node>
			<node>
				<identifier>HP_snapping_06</identifier>
				<transform>
					<row0>1.000000 0.000000 0.000000</row0>
					<row1>0.000000 -0.933935 0.357442</row1>
					<row2>0.000000 -0.357442 -0.933935</row2>
					<row3>-18.413149 19.921160 -7.512921</row3>
				</transform>
			</node>
			<node>
				<identifier>HP_snapping_07</identifier>
				<transform>
					<row0>1.000000 0.000000 0.000000</row0>
					<row1>0.000000 0.913603 0.406608</row1>
					<row2>0.000000 -0.406608 0.913603</row2>
					<row3>4.064894 19.921160 7.524261</row3>
				</transform>
			</node>
			<node>
				<identifier>HP_snapping_08</identifier>
				<transform>
					<row0>1.000000 0.000000 0.000000</row0>
					<row1>0.000000 0.893075 0.449908</row1>
					<row2>0.000000 -0.449908 0.893075</row2>
					<row3>11.360236 19.921160 7.524261</row3>
				</transform>
			</node>
			<node>
				<identifier>HP_snapping_09</identifier>
				<transform>
					<row0>1.000000 0.000000 0.000000</row0>
					<row1>0.000000 0.885687 0.464283</row1>
					<row2>0.000000 -0.464283 0.885687</row2>
					<row3>18.431984 19.921160 7.524261</row3>
				</transform>
			</node>
			<node>
				<identifier>lod0</identifier>
				<transform>
					<row0>1.000000 0.000000 0.000000</row0>
					<row1>0.000000 1.000000 0.000000</row1>
					<row2>0.000000 0.000000 1.000000</row2>
					<row3>0.000000 0.000000 0.000000</row3>
				</transform>
				<node>
					<identifier>s0</identifier>
					<transform>
						<row0>1.000000 0.000000 0.000000</row0>
						<row1>0.000000 1.000000 0.000000</row1>
						<row2>0.000000 0.000000 1.000000</row2>
						<row3>0.000000 0.000000 0.000000</row3>
					</transform>
				</node>
				<node>
					<identifier>s_wall0</identifier>
					<transform>
						<row0>1.000000 0.000000 0.000000</row0>
						<row1>0.000000 1.000000 0.000000</row1>
						<row2>0.000000 0.000000 1.000000</row2>
						<row3>0.000000 0.000000 0.000000</row3>
					</transform>
				</node>
			</node>
		</node>
	</node>
	<renderSet>
		<treatAsWorldSpaceObject>false</treatAsWorldSpaceObject>
		<node>Scene Root</node>
		<geometry>
			<vertices>vertices</vertices>
			<primitive>indices</primitive>
			<primitiveGroup>
				0
				<material>
					<identifier>s_wall_0</identifier>
					<collisionFlags>144</collisionFlags>
					<materialKind>0</materialKind>
				</material>
				<groupOrigin>0.012971 18.302395 0.010046</groupOrigin>
			</primitiveGroup>
			<primitiveGroup>
				1
				<material>
					<identifier>s_nd0</identifier>
					<collisionFlags>0</collisionFlags>
					<materialKind>112</materialKind>
					<fx>shaders/std_effects/PBS_ext.fx</fx>
					<property>
						diffuseMap
						<Texture>content/Environment/hd_env_SU_015_HighVoltagePoles/hd_env_SU_015_HighVoltagePoles_AM.dds</Texture>
					</property>
					<property>
						g_enableAO
						<Bool>true</Bool>
					</property>
					<property>
						metallicGlossMap
						<Texture>content/Environment/hd_env_SU_015_HighVoltagePoles/hd_env_SU_015_HighVoltagePoles_GMM.dds</Texture>
					</property>
					<property>
						normalMap
						<Texture>content/Environment/hd_env_SU_015_HighVoltagePoles/hd_env_SU_015_HighVoltagePoles_ANM.dds</Texture>
					</property>
					<property>
						g_enableTerrainBlending
						<Bool>true</Bool>
					</property>
				</material>
				<groupOrigin>0.008427 16.978073 0.006839</groupOrigin>
			</primitiveGroup>
		</geometry>
	</renderSet>
	<boundingBox>
		<min>-26.284994 -5.368196 -7.649607</min>
		<max>26.301847 39.324341 7.663285</max>
	</boundingBox>
	<customBsp>true</customBsp>
	<geometrySize>2263864</geometrySize>
	<minUVDensity>0.000032</minUVDensity>
</root>
