<?xml version="1.0" encoding="utf-8"?>
<root>
	<node>
		<identifier>Scene Root</identifier>
		<transform>
			<row0>1.000000 0.000000 0.000000</row0>
			<row1>0.000000 1.000000 0.000000</row1>
			<row2>0.000000 0.000000 1.000000</row2>
			<row3>0.000000 0.000000 0.000000</row3>
		</transform>
		<node>
			<identifier>hd_env_AS_011_Signboards_10_Anim</identifier>
			<transform>
				<row0>1.000000 0.000000 0.000000</row0>
				<row1>0.000000 1.000000 0.000000</row1>
				<row2>0.000000 0.000000 1.000000</row2>
				<row3>0.000000 0.000000 0.000000</row3>
			</transform>
			<node>
				<identifier>Root</identifier>
				<transform>
					<row0>0.999801 0.019960 0.000000</row0>
					<row1>-0.019960 0.999801 0.000000</row1>
					<row2>0.000000 0.000000 1.000000</row2>
					<row3>0.000000 0.000000 0.000000</row3>
				</transform>
				<node>
					<identifier>Rope_01</identifier>
					<transform>
						<row0>-0.027560 -0.999620 0.000000</row0>
						<row1>-0.999620 0.027560 0.000000</row1>
						<row2>-0.000000 -0.000000 -1.000000</row2>
						<row3>0.901055 -0.000000 0.000000</row3>
					</transform>
					<node>
						<identifier>Plate_01</identifier>
						<transform>
							<row0>0.999896 -0.011147 0.009175</row0>
							<row1>-0.011147 -0.999938 -0.000000</row1>
							<row2>0.009174 -0.000102 -0.999958</row2>
							<row3>0.179452 0.000151 0.000000</row3>
						</transform>
						<node>
							<identifier>Rope_02</identifier>
							<transform>
								<row0>0.999946 0.010342 0.000000</row0>
								<row1>-0.010342 0.999946 -0.000000</row1>
								<row2>0.000000 -0.000000 1.000000</row2>
								<row3>0.219665 0.000173 -0.000449</row3>
							</transform>
							<node>
								<identifier>Plate_02</identifier>
								<transform>
									<row0>0.999851 -0.017254 0.000000</row0>
									<row1>0.017254 0.999851 0.000000</row1>
									<row2>-0.000000 0.000000 1.000000</row2>
									<row3>0.132410 -0.000886 0.000586</row3>
								</transform>
								<node>
									<identifier>Rope_03</identifier>
									<transform>
										<row0>0.999994 0.003367 0.000000</row0>
										<row1>-0.003367 0.999994 -0.000000</row1>
										<row2>0.000000 0.000000 1.000000</row2>
										<row3>0.267816 -0.000051 -0.000138</row3>
									</transform>
									<node>
										<identifier>Plate_03</identifier>
										<transform>
											<row0>1.000000 0.000000 -0.000000</row0>
											<row1>0.000000 1.000000 0.000000</row1>
											<row2>0.000000 0.000000 1.000000</row2>
											<row3>0.098803 0.000000 0.000007</row3>
										</transform>
										<node>
											<identifier>Rope_04</identifier>
											<transform>
												<row0>1.000000 0.000000 -0.000000</row0>
												<row1>0.000000 1.000000 0.000000</row1>
												<row2>0.000000 0.000000 1.000000</row2>
												<row3>0.229928 0.000000 0.000082</row3>
											</transform>
											<node>
												<identifier>Plate_04</identifier>
												<transform>
													<row0>0.999994 0.003322 0.000000</row0>
													<row1>-0.003322 0.999994 0.000000</row1>
													<row2>-0.000000 -0.000000 1.000000</row2>
													<row3>0.066115 -0.000000 -0.000293</row3>
												</transform>
												<node>
													<identifier>Rope_05</identifier>
													<transform>
														<row0>1.000000 0.000000 0.000000</row0>
														<row1>-0.000000 1.000000 -0.000000</row1>
														<row2>0.000000 0.000000 1.000000</row2>
														<row3>0.232715 0.000000 -0.000000</row3>
													</transform>
													<node>
														<identifier>End_Joint</identifier>
														<transform>
															<row0>1.000000 -0.000000 0.000000</row0>
															<row1>-0.000000 1.000000 -0.000000</row1>
															<row2>0.000000 -0.000000 1.000000</row2>
															<row3>0.235186 -0.000000 -0.000000</row3>
														</transform>
														<node>
															<identifier>End_Joint_BlendBone</identifier>
															<transform>
																<row0>0.003322 0.999995 0.000033</row0>
																<row1>-0.999952 0.003322 -0.009175</row1>
																<row2>0.009175 0.000002 -0.999958</row2>
																<row3>-1.647071 -0.896400 -0.001305</row3>
															</transform>
														</node>
													</node>
													<node>
														<identifier>Rope_05_BlendBone</identifier>
														<transform>
															<row0>0.003322 0.999995 0.000033</row0>
															<row1>-0.999952 0.003322 -0.009175</row1>
															<row2>0.009175 0.000002 -0.999958</row2>
															<row3>-1.411885 -0.896400 -0.001305</row3>
														</transform>
													</node>
												</node>
												<node>
													<identifier>Plate_04_BlendBone</identifier>
													<transform>
														<row0>0.003322 0.999995 0.000033</row0>
														<row1>-0.999952 0.003322 -0.009175</row1>
														<row2>0.009175 0.000002 -0.999958</row2>
														<row3>-1.179171 -0.896400 -0.001305</row3>
													</transform>
												</node>
											</node>
											<node>
												<identifier>Rope_04_BlendBone</identifier>
												<transform>
													<row0>-0.000000 1.000000 0.000033</row0>
													<row1>-0.999958 0.000000 -0.009175</row1>
													<row2>0.009175 0.000033 -0.999958</row2>
													<row3>-1.110071 -0.900313 -0.001598</row3>
												</transform>
											</node>
										</node>
										<node>
											<identifier>Plate_03_BlendBone</identifier>
											<transform>
												<row0>-0.000000 1.000000 0.000033</row0>
												<row1>-0.999958 0.000000 -0.009175</row1>
												<row2>0.009175 0.000033 -0.999958</row2>
												<row3>-0.880143 -0.900313 -0.001516</row3>
											</transform>
										</node>
									</node>
									<node>
										<identifier>Rope_03_BlendBone</identifier>
										<transform>
											<row0>-0.000000 1.000000 0.000033</row0>
											<row1>-0.999958 0.000000 -0.009175</row1>
											<row2>0.009175 0.000033 -0.999958</row2>
											<row3>-0.781340 -0.900313 -0.001509</row3>
										</transform>
									</node>
								</node>
								<node>
									<identifier>Plate_02_BlendBone</identifier>
									<transform>
										<row0>-0.003367 0.999994 0.000033</row0>
										<row1>-0.999952 -0.003367 -0.009175</row1>
										<row2>0.009175 0.000063 -0.999958</row2>
										<row3>-0.510488 -0.902989 -0.001647</row3>
									</transform>
								</node>
							</node>
							<node>
								<identifier>Rope_02_BlendBone</identifier>
								<transform>
									<row0>0.013887 0.999904 0.000033</row0>
									<row1>-0.999861 0.013887 -0.009175</row1>
									<row2>0.009175 -0.000095 -0.999958</row2>
									<row3>-0.393583 -0.894933 -0.001062</row3>
								</transform>
							</node>
						</node>
						<node>
							<identifier>Plate_01_BlendBone</identifier>
							<transform>
								<row0>0.003546 0.999994 0.000033</row0>
								<row1>-0.999952 0.003546 -0.009175</row1>
								<row2>0.009175 -0.000000 -0.999958</row2>
								<row3>-0.164642 -0.898782 -0.001511</row3>
							</transform>
						</node>
					</node>
					<node>
						<identifier>Rope_01_BlendBone</identifier>
						<transform>
							<row0>-0.007601 -0.999971 -0.000000</row0>
							<row1>-0.999971 0.007601 -0.000000</row1>
							<row2>-0.000000 -0.000000 1.000000</row2>
							<row3>0.024833 0.900713 0.000000</row3>
						</transform>
					</node>
				</node>
				<node>
					<identifier>Root_BlendBone</identifier>
					<transform>
						<row0>0.999801 -0.019960 0.000000</row0>
						<row1>0.019960 0.999801 0.000000</row1>
						<row2>0.000000 0.000000 -1.000000</row2>
						<row3>0.000000 0.000000 0.000000</row3>
					</transform>
				</node>
			</node>
		</node>
	</node>
	<renderSet>
		<treatAsWorldSpaceObject>true</treatAsWorldSpaceObject>
		<node>Rope_05_BlendBone</node>
		<node>End_Joint_BlendBone</node>
		<node>Plate_04_BlendBone</node>
		<node>Rope_04_BlendBone</node>
		<node>Plate_03_BlendBone</node>
		<node>Rope_03_BlendBone</node>
		<node>Plate_02_BlendBone</node>
		<node>Rope_02_BlendBone</node>
		<node>Root_BlendBone</node>
		<node>Plate_01_BlendBone</node>
		<node>Rope_01_BlendBone</node>
		<geometry>
			<vertices>s0Shape.vertices</vertices>
			<stream>s0Shape.colour</stream>
			<primitive>s0Shape.indices</primitive>
			<primitiveGroup>
				0
				<material>
					<identifier>s_nd0_skinned</identifier>
					<fx>shaders/std_effects/PBS_ext_skinned.fx</fx>
					<materialKind>108</materialKind>
					<collisionFlags>0</collisionFlags>
					<property>
						diffuseMap
						<Texture>content/Environment/hd_env_AS_011_Signboards/hd_env_AS_011_Signboards_AM.dds</Texture>
					</property>
					<property>
						g_enableAO
						<Bool>true</Bool>
					</property>
					<property>
						metallicGlossMap
						<Texture>content/Environment/hd_env_AS_011_Signboards/hd_env_AS_011_Signboards_GMM.dds</Texture>
					</property>
					<property>
						normalMap
						<Texture>content/Environment/hd_env_AS_011_Signboards/hd_env_AS_011_Signboards_ANM.dds</Texture>
					</property>
					<property>
						doubleSided
						<Bool>true</Bool>
					</property>
				</material>
				<groupOrigin>0.649178 -0.785575 -0.000032</groupOrigin>
			</primitiveGroup>
		</geometry>
	</renderSet>
	<constraints/>
	<boundingBox>
		<min>0.000000 -1.658637 -0.039471</min>
		<max>1.298357 0.087487 0.039534</max>
	</boundingBox>
	<geometrySize>4228</geometrySize>
	<minUVDensity>0.014112</minUVDensity>
</root>
