<?xml version="1.0" encoding="utf-8"?>
<root>
	<node>
		<identifier>Scene Root</identifier>
		<transform>
			<row0>1.000000 0.000000 0.000000</row0>
			<row1>0.000000 1.000000 0.000000</row1>
			<row2>0.000000 0.000000 1.000000</row2>
			<row3>0.000000 0.000000 0.000000</row3>
		</transform>
		<node>
			<identifier>nodes_01</identifier>
			<transform>
				<row0>1.000000 0.000000 0.000000</row0>
				<row1>0.000000 1.000000 0.000000</row1>
				<row2>0.000000 0.000000 1.000000</row2>
				<row3>0.000000 0.000000 0.000000</row3>
			</transform>
			<node>
				<identifier>HP_Fire_1</identifier>
				<transform>
					<row0>1.000000 0.000000 0.000000</row0>
					<row1>0.000000 1.000000 0.000000</row1>
					<row2>0.000000 0.000000 1.000000</row2>
					<row3>0.000000 0.174341 -2.120279</row3>
				</transform>
			</node>
			<node>
				<identifier>HP_Fire_2</identifier>
				<transform>
					<row0>1.000000 0.000000 0.000000</row0>
					<row1>0.000000 1.000000 0.000000</row1>
					<row2>0.000000 0.000000 1.000000</row2>
					<row3>-0.517189 0.174341 1.596254</row3>
				</transform>
			</node>
			<node>
				<identifier>HP_TrackUp_LFront</identifier>
				<transform>
					<row0>1.000000 0.000000 0.000000</row0>
					<row1>0.000000 0.510903 0.859638</row1>
					<row2>0.000000 -0.859638 0.510903</row2>
					<row3>-1.274270 0.003415 3.536945</row3>
				</transform>
			</node>
			<node>
				<identifier>HP_TrackUp_LRear</identifier>
				<transform>
					<row0>-1.000000 0.000000 0.000000</row0>
					<row1>0.000000 0.073789 -0.997274</row1>
					<row2>-0.000000 -0.997274 -0.073789</row2>
					<row3>-1.274270 -0.196897 -3.414965</row3>
				</transform>
			</node>
			<node>
				<identifier>HP_TrackUp_RFront</identifier>
				<transform>
					<row0>1.000000 0.000000 0.000000</row0>
					<row1>0.000000 0.510903 0.859638</row1>
					<row2>0.000000 -0.859638 0.510903</row2>
					<row3>1.274268 0.003415 3.536945</row3>
				</transform>
			</node>
			<node>
				<identifier>HP_TrackUp_RRear</identifier>
				<transform>
					<row0>-1.000000 0.000000 0.000000</row0>
					<row1>0.000000 0.073789 -0.997274</row1>
					<row2>-0.000000 -0.997274 -0.073789</row2>
					<row3>1.274268 -0.196897 -3.414965</row3>
				</transform>
			</node>
			<node>
				<identifier>HP_Track_Exhaus_1</identifier>
				<transform>
					<row0>-0.000000 -1.000000 -0.000000</row0>
					<row1>-1.000000 0.000000 0.000000</row1>
					<row2>0.000000 0.000000 -1.000000</row2>
					<row3>-0.789775 -0.209180 -3.710469</row3>
				</transform>
			</node>
			<node>
				<identifier>HP_Track_Exhaus_2</identifier>
				<transform>
					<row0>-0.000000 -1.000000 -0.000000</row0>
					<row1>-1.000000 0.000000 0.000000</row1>
					<row2>0.000000 0.000000 -1.000000</row2>
					<row3>0.787094 -0.209180 -3.710469</row3>
				</transform>
			</node>
			<node>
				<identifier>HP_turretJoint</identifier>
				<transform>
					<row0>1.000000 0.000000 0.000000</row0>
					<row1>0.000000 0.998596 0.052963</row1>
					<row2>0.000000 -0.052963 0.998596</row2>
					<row3>-0.000008 0.476463 1.130305</row3>
				</transform>
			</node>
		</node>
	</node>
	<renderSet>
		<treatAsWorldSpaceObject>false</treatAsWorldSpaceObject>
		<node>Scene Root</node>
		<geometry>
			<vertices>vertices</vertices>
			<primitive>indices</primitive>
			<primitiveGroup>
				0
				<material>
					<identifier>tank_hull_01</identifier>
					<fx>shaders/std_effects/PBS_tank.fx</fx>
					<materialKind>0</materialKind>
					<collisionFlags>0</collisionFlags>
					<property>
						colorIdMap
						<Texture>vehicles/russian/common/common_ID.dds</Texture>
					</property>
					<property>
						diffuseMap
						<Texture>vehicles/italy/It23_CC_3/_skins/It23_CC_3_3DSt/CC_3_3DSt_hull_01_AM.dds</Texture>
					</property>
					<property>
						excludeMaskAndAOMap
						<Texture>vehicles/italy/It23_CC_3/_skins/It23_CC_3_3DSt/CC_3_3DSt_hull_01_AO.dds</Texture>
					</property>
					<property>
						g_detailUVTiling
						<Vector4>7.013700 7.013700 0.000000 0.000000</Vector4>
					</property>
					<property>
						metallicDetailMap
						<Texture>vehicles/russian/Tank_detail/Details_map.dds</Texture>
					</property>
					<property>
						metallicGlossMap
						<Texture>vehicles/italy/It23_CC_3/_skins/It23_CC_3_3DSt/CC_3_3DSt_hull_01_GMM.dds</Texture>
					</property>
					<property>
						normalMap
						<Texture>vehicles/italy/It23_CC_3/_skins/It23_CC_3_3DSt/CC_3_3DSt_hull_01_ANM.dds</Texture>
					</property>
				</material>
				<groupOrigin>-0.000905 -0.024420 -0.005018</groupOrigin>
			</primitiveGroup>
			<primitiveGroup>
				1
				<material>
					<identifier>tank_equipment</identifier>
					<fx>shaders/std_effects/PBS_tank.fx</fx>
					<materialKind>0</materialKind>
					<collisionFlags>0</collisionFlags>
					<property>
						colorIdMap
						<Texture>vehicles/russian/common/common_ID.dds</Texture>
					</property>
					<property>
						diffuseMap
						<Texture>vehicles/italy/It23_CC_3/_skins/It23_CC_3_3DSt/CC_3_3DSt_equipment_AM.dds</Texture>
					</property>
					<property>
						excludeMaskAndAOMap
						<Texture>vehicles/italy/It23_CC_3/_skins/It23_CC_3_3DSt/CC_3_3DSt_equipment_AO.dds</Texture>
					</property>
					<property>
						g_detailUVTiling
						<Vector4>7.013700 3.507000 0.000000 0.000000</Vector4>
					</property>
					<property>
						metallicDetailMap
						<Texture>vehicles/russian/Tank_detail/Details_map.dds</Texture>
					</property>
					<property>
						metallicGlossMap
						<Texture>vehicles/italy/It23_CC_3/_skins/It23_CC_3_3DSt/CC_3_3DSt_equipment_GMM.dds</Texture>
					</property>
					<property>
						normalMap
						<Texture>vehicles/italy/It23_CC_3/_skins/It23_CC_3_3DSt/CC_3_3DSt_equipment_ANM.dds</Texture>
					</property>
				</material>
				<groupOrigin>-0.004784 0.583759 -0.236880</groupOrigin>
			</primitiveGroup>
		</geometry>
	</renderSet>
	<boundingBox>
		<min>-2.021659 -0.817392 -4.235944</min>
		<max>2.011338 1.941321 3.724291</max>
	</boundingBox>
	<geometrySize>72900</geometrySize>
	<minUVDensity>0.003451</minUVDensity>
</root>
