<?xml version="1.0" encoding="utf-8"?>
<root>
	<node>
		<identifier>Scene Root</identifier>
		<transform>
			<row0>1.000000 0.000000 0.000000</row0>
			<row1>0.000000 1.000000 0.000000</row1>
			<row2>0.000000 0.000000 1.000000</row2>
			<row3>0.000000 0.000000 0.000000</row3>
		</transform>
		<node>
			<identifier>root_jnt</identifier>
			<transform>
				<row0>1.000000 0.000000 0.000000</row0>
				<row1>0.000000 1.000000 0.000000</row1>
				<row2>0.000000 0.000000 1.000000</row2>
				<row3>0.000000 0.000000 0.000000</row3>
			</transform>
			<node>
				<identifier>Baseball_jnt</identifier>
				<transform>
					<row0>1.000000 0.000000 0.000000</row0>
					<row1>0.000000 1.000000 0.000000</row1>
					<row2>0.000000 0.000000 1.000000</row2>
					<row3>0.000000 0.125337 0.000000</row3>
				</transform>
				<node>
					<identifier>Baseball_jnt_BlendBone</identifier>
					<transform>
						<row0>1.000000 0.000000 0.000000</row0>
						<row1>0.000000 1.000000 0.000000</row1>
						<row2>0.000000 0.000000 -1.000000</row2>
						<row3>-0.000000 -0.125337 -0.000000</row3>
					</transform>
				</node>
			</node>
			<node>
				<identifier>Tennis_ball_01_jnt</identifier>
				<transform>
					<row0>-0.066137 -0.997588 -0.021093</row0>
					<row1>-0.971367 0.059536 0.230005</row1>
					<row2>-0.228194 0.035701 -0.972961</row2>
					<row3>0.129907 0.301887 0.200956</row3>
				</transform>
				<node>
					<identifier>Tennis_ball_01_jnt_BlendBone</identifier>
					<transform>
						<row0>-0.066137 -0.971367 -0.228194</row0>
						<row1>-0.997588 0.059536 0.035701</row1>
						<row2>0.021093 -0.230005 0.972961</row2>
						<row3>0.313990 0.061993 0.214389</row3>
					</transform>
				</node>
			</node>
			<node>
				<identifier>Tennis_ball_02_jnt</identifier>
				<transform>
					<row0>-0.550904 0.683597 0.478749</row0>
					<row1>0.544888 0.729125 -0.414094</row1>
					<row2>-0.632141 0.032739 -0.774162</row2>
					<row3>0.209590 0.273505 0.180725</row3>
				</transform>
				<node>
					<identifier>Tennis_ball_02_jnt_BlendBone</identifier>
					<transform>
						<row0>-0.550904 0.544888 -0.632141</row0>
						<row1>0.683597 0.729125 0.032739</row1>
						<row2>-0.478749 0.414094 0.774162</row2>
						<row3>-0.158025 -0.238786 0.263446</row3>
					</transform>
				</node>
			</node>
			<node>
				<identifier>Tennis_ball_03_jnt</identifier>
				<transform>
					<row0>0.133476 -0.429956 -0.892929</row0>
					<row1>-0.092182 -0.902471 0.420772</row1>
					<row2>-0.986756 0.026149 -0.160092</row2>
					<row3>0.265106 0.247474 0.120526</row3>
				</transform>
				<node>
					<identifier>Tennis_ball_03_jnt_BlendBone</identifier>
					<transform>
						<row0>0.133476 -0.092182 -0.986756</row0>
						<row1>-0.429956 -0.902471 0.026149</row1>
						<row2>0.892929 -0.420772 0.160092</row2>
						<row3>0.178639 0.197062 0.274419</row3>
					</transform>
				</node>
			</node>
			<node>
				<identifier>Tennis_ball_04_jnt</identifier>
				<transform>
					<row0>-0.014418 -0.999881 -0.005448</row0>
					<row1>0.710041 -0.014075 0.704020</row1>
					<row2>-0.704013 0.006283 0.710160</row2>
					<row3>0.249374 0.229841 0.037880</row3>
				</transform>
				<node>
					<identifier>Tennis_ball_04_jnt_BlendBone</identifier>
					<transform>
						<row0>-0.014418 0.710041 -0.704013</row0>
						<row1>-0.999881 -0.014075 0.006283</row1>
						<row2>0.005448 -0.704020 -0.710160</row2>
						<row3>0.233616 -0.200499 0.147218</row3>
					</transform>
				</node>
			</node>
			<node>
				<identifier>Tennis_ball_05_jnt</identifier>
				<transform>
					<row0>1.000000 0.000000 0.000000</row0>
					<row1>0.000000 1.000000 0.000000</row1>
					<row2>0.000000 0.000000 1.000000</row2>
					<row3>0.174066 0.219940 -0.000000</row3>
				</transform>
				<node>
					<identifier>Tennis_ball_05_jnt_BlendBone</identifier>
					<transform>
						<row0>1.000000 0.000000 0.000000</row0>
						<row1>0.000000 1.000000 0.000000</row1>
						<row2>0.000000 0.000000 -1.000000</row2>
						<row3>-0.174066 -0.219940 0.000000</row3>
					</transform>
				</node>
			</node>
			<node>
				<identifier>Tennis_jnt</identifier>
				<transform>
					<row0>1.000000 0.000000 0.000000</row0>
					<row1>0.000000 1.000000 0.000000</row1>
					<row2>0.000000 0.000000 1.000000</row2>
					<row3>0.000000 0.225000 0.000000</row3>
				</transform>
				<node>
					<identifier>Tennis_jnt_BlendBone</identifier>
					<transform>
						<row0>1.000000 0.000000 0.000000</row0>
						<row1>0.000000 1.000000 0.000000</row1>
						<row2>0.000000 0.000000 -1.000000</row2>
						<row3>0.000000 -0.225000 0.000000</row3>
					</transform>
				</node>
			</node>
			<node>
				<identifier>ball_path_01_jnt</identifier>
				<transform>
					<row0>-0.935414 0.342848 0.086347</row0>
					<row1>0.341397 0.939391 -0.031514</row1>
					<row2>-0.091918 0.000000 -0.995767</row2>
					<row3>0.000000 0.125337 0.000000</row3>
				</transform>
				<node>
					<identifier>ball_path_01_jnt_BlendBone</identifier>
					<transform>
						<row0>-0.935414 0.341397 -0.091918</row0>
						<row1>0.342848 0.939391 0.000000</row1>
						<row2>-0.086347 0.031514 0.995767</row2>
						<row3>-0.042971 -0.117740 -0.000000</row3>
					</transform>
				</node>
			</node>
			<node>
				<identifier>ball_path_02_jnt</identifier>
				<transform>
					<row0>-0.809055 0.322634 0.491261</row0>
					<row1>0.275776 0.946524 -0.167452</row1>
					<row2>-0.519016 -0.000000 -0.854765</row2>
					<row3>0.000000 0.125337 -0.000000</row3>
				</transform>
				<node>
					<identifier>ball_path_02_jnt_BlendBone</identifier>
					<transform>
						<row0>-0.809055 0.275776 -0.519016</row0>
						<row1>0.322634 0.946524 0.000000</row1>
						<row2>-0.491261 0.167452 0.854764</row2>
						<row3>-0.040438 -0.118634 -0.000000</row3>
					</transform>
				</node>
			</node>
			<node>
				<identifier>ball_path_03_jnt</identifier>
				<transform>
					<row0>-0.285081 0.277499 0.917455</row0>
					<row1>0.082343 0.960726 -0.265000</row1>
					<row2>-0.954960 0.000000 -0.296734</row2>
					<row3>0.000000 0.125337 -0.000000</row3>
				</transform>
				<node>
					<identifier>ball_path_03_jnt_BlendBone</identifier>
					<transform>
						<row0>-0.285081 0.082343 -0.954960</row0>
						<row1>0.277499 0.960726 -0.000000</row1>
						<row2>-0.917455 0.265000 0.296734</row2>
						<row3>-0.034781 -0.120414 0.000000</row3>
					</transform>
				</node>
			</node>
			<node>
				<identifier>ball_path_04_jnt</identifier>
				<transform>
					<row0>0.596889 0.140126 0.789993</row0>
					<row1>-0.084473 0.990134 -0.111802</row1>
					<row2>-0.797865 -0.000000 0.602837</row2>
					<row3>0.000000 0.125337 0.000000</row3>
				</transform>
				<node>
					<identifier>ball_path_04_jnt_BlendBone</identifier>
					<transform>
						<row0>0.596889 -0.084473 -0.797865</row0>
						<row1>0.140126 0.990134 0.000000</row1>
						<row2>-0.789993 0.111802 -0.602837</row2>
						<row3>-0.017563 -0.124100 0.000000</row3>
					</transform>
				</node>
			</node>
			<node>
				<identifier>ball_path_05_jnt</identifier>
				<transform>
					<row0>0.985218 0.096288 0.141684</row0>
					<row1>-0.095307 0.995354 -0.013706</row1>
					<row2>-0.142345 0.000000 0.989817</row2>
					<row3>-0.000000 0.125337 0.000000</row3>
				</transform>
				<node>
					<identifier>ball_path_05_jnt_BlendBone</identifier>
					<transform>
						<row0>0.985218 -0.095307 -0.142345</row0>
						<row1>0.096288 0.995354 0.000000</row1>
						<row2>-0.141684 0.013706 -0.989817</row2>
						<row3>-0.012068 -0.124754 -0.000000</row3>
					</transform>
				</node>
			</node>
			<node>
				<identifier>pedal_jnt</identifier>
				<transform>
					<row0>0.317666 0.948202 -0.000000</row0>
					<row1>-0.948202 0.317666 -0.000000</row1>
					<row2>-0.000000 0.000000 1.000000</row2>
					<row3>-0.111154 0.032583 -0.000000</row3>
				</transform>
				<node>
					<identifier>pedal_jnt_BlendBone</identifier>
					<transform>
						<row0>0.317667 -0.948203 -0.000000</row0>
						<row1>0.948203 0.317667 0.000000</row1>
						<row2>0.000000 0.000000 -1.000000</row2>
						<row3>0.004414 -0.115747 -0.000000</row3>
					</transform>
				</node>
			</node>
			<node>
				<identifier>root_jnt_BlendBone</identifier>
				<transform>
					<row0>1.000000 0.000000 0.000000</row0>
					<row1>0.000000 1.000000 0.000000</row1>
					<row2>0.000000 0.000000 -1.000000</row2>
					<row3>0.000000 0.000000 0.000000</row3>
				</transform>
			</node>
		</node>
	</node>
	<renderSet>
		<treatAsWorldSpaceObject>true</treatAsWorldSpaceObject>
		<node>Tennis_ball_05_jnt_BlendBone</node>
		<geometry>
			<vertices>Tennis_ball_05_geoShape.vertices</vertices>
			<primitive>Tennis_ball_05_geoShape.indices</primitive>
			<primitiveGroup>
				0
				<material>
					<identifier>s_nd0_skinned</identifier>
					<fx>shaders/std_effects/PBS_ext_skinned.fx</fx>
					<materialKind>110</materialKind>
					<collisionFlags>0</collisionFlags>
					<property>
						alphaReference
						<Int>78</Int>
					</property>
					<property>
						alphaTestEnable
						<Bool>true</Bool>
					</property>
					<property>
						diffuseMap
						<Texture>content/Hangars/h_newyear/perscustomization/h30_NY24_Gifts_Dog_Toy_01_AM.dds</Texture>
					</property>
					<property>
						g_enableAO
						<Bool>true</Bool>
					</property>
					<property>
						metallicGlossMap
						<Texture>content/Hangars/h_newyear/perscustomization/h30_NY24_Gifts_Dog_Toy_01_GMM.dds</Texture>
					</property>
					<property>
						normalMap
						<Texture>content/Hangars/h_newyear/perscustomization/h30_NY24_Gifts_Dog_Toy_01_ANM.dds</Texture>
					</property>
				</material>
				<groupOrigin>0.174067 0.219940 0.000000</groupOrigin>
			</primitiveGroup>
		</geometry>
	</renderSet>
	<renderSet>
		<treatAsWorldSpaceObject>true</treatAsWorldSpaceObject>
		<node>Tennis_ball_04_jnt_BlendBone</node>
		<geometry>
			<vertices>Tennis_ball_04_geoShape.vertices</vertices>
			<primitive>Tennis_ball_04_geoShape.indices</primitive>
			<primitiveGroup>
				0
				<material>
					<identifier>s_nd0_skinned</identifier>
					<fx>shaders/std_effects/PBS_ext_skinned.fx</fx>
					<materialKind>110</materialKind>
					<collisionFlags>0</collisionFlags>
					<property>
						alphaReference
						<Int>78</Int>
					</property>
					<property>
						alphaTestEnable
						<Bool>true</Bool>
					</property>
					<property>
						diffuseMap
						<Texture>content/Hangars/h_newyear/perscustomization/h30_NY24_Gifts_Dog_Toy_01_AM.dds</Texture>
					</property>
					<property>
						g_enableAO
						<Bool>true</Bool>
					</property>
					<property>
						metallicGlossMap
						<Texture>content/Hangars/h_newyear/perscustomization/h30_NY24_Gifts_Dog_Toy_01_GMM.dds</Texture>
					</property>
					<property>
						normalMap
						<Texture>content/Hangars/h_newyear/perscustomization/h30_NY24_Gifts_Dog_Toy_01_ANM.dds</Texture>
					</property>
				</material>
				<groupOrigin>0.249374 0.229841 -0.037880</groupOrigin>
			</primitiveGroup>
		</geometry>
	</renderSet>
	<renderSet>
		<treatAsWorldSpaceObject>true</treatAsWorldSpaceObject>
		<node>Tennis_ball_03_jnt_BlendBone</node>
		<geometry>
			<vertices>Tennis_ball_03_geoShape.vertices</vertices>
			<primitive>Tennis_ball_03_geoShape.indices</primitive>
			<primitiveGroup>
				0
				<material>
					<identifier>s_nd0_skinned</identifier>
					<fx>shaders/std_effects/PBS_ext_skinned.fx</fx>
					<materialKind>110</materialKind>
					<collisionFlags>0</collisionFlags>
					<property>
						alphaReference
						<Int>78</Int>
					</property>
					<property>
						alphaTestEnable
						<Bool>true</Bool>
					</property>
					<property>
						diffuseMap
						<Texture>content/Hangars/h_newyear/perscustomization/h30_NY24_Gifts_Dog_Toy_01_AM.dds</Texture>
					</property>
					<property>
						g_enableAO
						<Bool>true</Bool>
					</property>
					<property>
						metallicGlossMap
						<Texture>content/Hangars/h_newyear/perscustomization/h30_NY24_Gifts_Dog_Toy_01_GMM.dds</Texture>
					</property>
					<property>
						normalMap
						<Texture>content/Hangars/h_newyear/perscustomization/h30_NY24_Gifts_Dog_Toy_01_ANM.dds</Texture>
					</property>
				</material>
				<groupOrigin>0.265106 0.247474 -0.120526</groupOrigin>
			</primitiveGroup>
		</geometry>
	</renderSet>
	<renderSet>
		<treatAsWorldSpaceObject>true</treatAsWorldSpaceObject>
		<node>Tennis_ball_02_jnt_BlendBone</node>
		<geometry>
			<vertices>Tennis_ball_02_geoShape.vertices</vertices>
			<primitive>Tennis_ball_02_geoShape.indices</primitive>
			<primitiveGroup>
				0
				<material>
					<identifier>s_nd0_skinned</identifier>
					<fx>shaders/std_effects/PBS_ext_skinned.fx</fx>
					<materialKind>110</materialKind>
					<collisionFlags>0</collisionFlags>
					<property>
						alphaReference
						<Int>78</Int>
					</property>
					<property>
						alphaTestEnable
						<Bool>true</Bool>
					</property>
					<property>
						diffuseMap
						<Texture>content/Hangars/h_newyear/perscustomization/h30_NY24_Gifts_Dog_Toy_01_AM.dds</Texture>
					</property>
					<property>
						g_enableAO
						<Bool>true</Bool>
					</property>
					<property>
						metallicGlossMap
						<Texture>content/Hangars/h_newyear/perscustomization/h30_NY24_Gifts_Dog_Toy_01_GMM.dds</Texture>
					</property>
					<property>
						normalMap
						<Texture>content/Hangars/h_newyear/perscustomization/h30_NY24_Gifts_Dog_Toy_01_ANM.dds</Texture>
					</property>
				</material>
				<groupOrigin>0.209590 0.273505 -0.180725</groupOrigin>
			</primitiveGroup>
		</geometry>
	</renderSet>
	<renderSet>
		<treatAsWorldSpaceObject>true</treatAsWorldSpaceObject>
		<node>Tennis_ball_01_jnt_BlendBone</node>
		<geometry>
			<vertices>Tennis_ball_01_geoShape.vertices</vertices>
			<primitive>Tennis_ball_01_geoShape.indices</primitive>
			<primitiveGroup>
				0
				<material>
					<identifier>s_nd0_skinned</identifier>
					<fx>shaders/std_effects/PBS_ext_skinned.fx</fx>
					<materialKind>110</materialKind>
					<collisionFlags>0</collisionFlags>
					<property>
						alphaReference
						<Int>78</Int>
					</property>
					<property>
						alphaTestEnable
						<Bool>true</Bool>
					</property>
					<property>
						diffuseMap
						<Texture>content/Hangars/h_newyear/perscustomization/h30_NY24_Gifts_Dog_Toy_01_AM.dds</Texture>
					</property>
					<property>
						g_enableAO
						<Bool>true</Bool>
					</property>
					<property>
						metallicGlossMap
						<Texture>content/Hangars/h_newyear/perscustomization/h30_NY24_Gifts_Dog_Toy_01_GMM.dds</Texture>
					</property>
					<property>
						normalMap
						<Texture>content/Hangars/h_newyear/perscustomization/h30_NY24_Gifts_Dog_Toy_01_ANM.dds</Texture>
					</property>
				</material>
				<groupOrigin>0.129907 0.301887 -0.200956</groupOrigin>
			</primitiveGroup>
		</geometry>
	</renderSet>
	<renderSet>
		<treatAsWorldSpaceObject>true</treatAsWorldSpaceObject>
		<node>Baseball_jnt_BlendBone</node>
		<geometry>
			<vertices>Baseball_push_geoShape.vertices</vertices>
			<primitive>Baseball_push_geoShape.indices</primitive>
			<primitiveGroup>
				0
				<material>
					<identifier>s_nd0_skinned</identifier>
					<fx>shaders/std_effects/PBS_ext_skinned.fx</fx>
					<materialKind>110</materialKind>
					<collisionFlags>0</collisionFlags>
					<property>
						alphaReference
						<Int>78</Int>
					</property>
					<property>
						alphaTestEnable
						<Bool>true</Bool>
					</property>
					<property>
						diffuseMap
						<Texture>content/Hangars/h_newyear/perscustomization/h30_NY24_Gifts_Dog_Toy_01_AM.dds</Texture>
					</property>
					<property>
						g_enableAO
						<Bool>true</Bool>
					</property>
					<property>
						metallicGlossMap
						<Texture>content/Hangars/h_newyear/perscustomization/h30_NY24_Gifts_Dog_Toy_01_GMM.dds</Texture>
					</property>
					<property>
						normalMap
						<Texture>content/Hangars/h_newyear/perscustomization/h30_NY24_Gifts_Dog_Toy_01_ANM.dds</Texture>
					</property>
				</material>
				<groupOrigin>0.000000 0.125337 0.000000</groupOrigin>
			</primitiveGroup>
		</geometry>
	</renderSet>
	<renderSet>
		<treatAsWorldSpaceObject>true</treatAsWorldSpaceObject>
		<node>Tennis_jnt_BlendBone</node>
		<geometry>
			<vertices>Tennis_push_geoShape.vertices</vertices>
			<primitive>Tennis_push_geoShape.indices</primitive>
			<primitiveGroup>
				0
				<material>
					<identifier>s_nd0_skinned</identifier>
					<fx>shaders/std_effects/PBS_ext_skinned.fx</fx>
					<materialKind>110</materialKind>
					<collisionFlags>0</collisionFlags>
					<property>
						alphaReference
						<Int>78</Int>
					</property>
					<property>
						alphaTestEnable
						<Bool>true</Bool>
					</property>
					<property>
						diffuseMap
						<Texture>content/Hangars/h_newyear/perscustomization/h30_NY24_Gifts_Dog_Toy_01_AM.dds</Texture>
					</property>
					<property>
						g_enableAO
						<Bool>true</Bool>
					</property>
					<property>
						metallicGlossMap
						<Texture>content/Hangars/h_newyear/perscustomization/h30_NY24_Gifts_Dog_Toy_01_GMM.dds</Texture>
					</property>
					<property>
						normalMap
						<Texture>content/Hangars/h_newyear/perscustomization/h30_NY24_Gifts_Dog_Toy_01_ANM.dds</Texture>
					</property>
				</material>
				<groupOrigin>0.000000 0.225000 0.000000</groupOrigin>
			</primitiveGroup>
		</geometry>
	</renderSet>
	<renderSet>
		<treatAsWorldSpaceObject>true</treatAsWorldSpaceObject>
		<node>root_jnt_BlendBone</node>
		<node>pedal_jnt_BlendBone</node>
		<node>ball_path_01_jnt_BlendBone</node>
		<node>ball_path_02_jnt_BlendBone</node>
		<node>ball_path_03_jnt_BlendBone</node>
		<node>ball_path_04_jnt_BlendBone</node>
		<node>ball_path_05_jnt_BlendBone</node>
		<geometry>
			<vertices>hidrant_geoShape.vertices</vertices>
			<primitive>hidrant_geoShape.indices</primitive>
			<primitiveGroup>
				0
				<material>
					<identifier>s_nd0_skinned</identifier>
					<fx>shaders/std_effects/PBS_ext_skinned.fx</fx>
					<materialKind>110</materialKind>
					<collisionFlags>0</collisionFlags>
					<property>
						alphaReference
						<Int>78</Int>
					</property>
					<property>
						alphaTestEnable
						<Bool>true</Bool>
					</property>
					<property>
						diffuseMap
						<Texture>content/Hangars/h_newyear/perscustomization/h30_NY24_Gifts_Dog_Toy_01_AM.dds</Texture>
					</property>
					<property>
						g_enableAO
						<Bool>true</Bool>
					</property>
					<property>
						metallicGlossMap
						<Texture>content/Hangars/h_newyear/perscustomization/h30_NY24_Gifts_Dog_Toy_01_GMM.dds</Texture>
					</property>
					<property>
						normalMap
						<Texture>content/Hangars/h_newyear/perscustomization/h30_NY24_Gifts_Dog_Toy_01_ANM.dds</Texture>
					</property>
				</material>
				<groupOrigin>-0.049338 0.300508 0.008066</groupOrigin>
			</primitiveGroup>
		</geometry>
	</renderSet>
	<constraints/>
	<boundingBox>
		<min>-0.421282 -0.000453 -0.282414</min>
		<max>0.322605 0.601470 0.266282</max>
	</boundingBox>
	<geometrySize>81320</geometrySize>
	<minUVDensity>0.223567</minUVDensity>
</root>
