<?xml version="1.0" encoding="utf-8"?>
<root>
	<node>
		<identifier>Scene Root</identifier>
		<transform>
			<row0>1.000000 0.000000 0.000000</row0>
			<row1>0.000000 1.000000 0.000000</row1>
			<row2>0.000000 0.000000 1.000000</row2>
			<row3>0.000000 0.000000 0.000000</row3>
		</transform>
		<node>
			<identifier>root</identifier>
			<transform>
				<row0>0.750079 0.000000 -0.661348</row0>
				<row1>0.000000 1.000000 0.000000</row1>
				<row2>0.661348 0.000000 0.750079</row2>
				<row3>0.000000 0.000000 0.000000</row3>
			</transform>
			<node>
				<identifier>b1</identifier>
				<transform>
					<row0>0.750079 0.000000 0.661348</row0>
					<row1>0.661348 -0.000000 -0.750079</row1>
					<row2>0.000000 1.000000 -0.000000</row2>
					<row3>-2.057066 1.261590 -1.946239</row3>
				</transform>
				<node>
					<identifier>b1_BlendBone</identifier>
					<transform>
						<row0>1.000000 0.000000 0.000000</row0>
						<row1>0.000000 -0.000000 1.000000</row1>
						<row2>-0.000000 1.000000 0.000000</row2>
						<row3>2.830104 -0.099395 -1.261590</row3>
					</transform>
				</node>
			</node>
			<node>
				<identifier>b10</identifier>
				<transform>
					<row0>0.750079 0.000000 0.661348</row0>
					<row1>0.661348 0.000000 -0.750079</row1>
					<row2>-0.000000 1.000000 0.000000</row2>
					<row3>-2.055217 -0.899379 -1.944608</row3>
				</transform>
				<node>
					<identifier>b10_BlendBone</identifier>
					<transform>
						<row0>1.000000 -0.000000 0.000000</row0>
						<row1>0.000000 0.000000 1.000000</row1>
						<row2>0.000000 1.000000 0.000000</row2>
						<row3>2.827638 -0.099395 0.899379</row3>
					</transform>
				</node>
			</node>
			<node>
				<identifier>b11</identifier>
				<transform>
					<row0>0.750079 0.000000 0.661348</row0>
					<row1>0.661348 0.000000 -0.750079</row1>
					<row2>-0.000000 1.000000 0.000000</row2>
					<row3>-0.004713 -0.899994 -0.136668</row3>
				</transform>
				<node>
					<identifier>b11_BlendBone</identifier>
					<transform>
						<row0>1.000000 0.000000 -0.000000</row0>
						<row1>0.000000 0.000000 1.000000</row1>
						<row2>-0.000000 1.000000 -0.000000</row2>
						<row3>0.093921 -0.099395 0.899994</row3>
					</transform>
				</node>
			</node>
			<node>
				<identifier>b12</identifier>
				<transform>
					<row0>0.750079 -0.000000 0.661348</row0>
					<row1>0.661348 0.000000 -0.750079</row1>
					<row2>-0.000000 1.000000 0.000000</row2>
					<row3>2.035512 -0.899898 1.662208</row3>
				</transform>
				<node>
					<identifier>b12_BlendBone</identifier>
					<transform>
						<row0>1.000000 -0.000000 0.000000</row0>
						<row1>-0.000000 0.000000 1.000000</row1>
						<row2>0.000000 1.000000 -0.000000</row2>
						<row3>-2.626093 -0.099395 0.899898</row3>
					</transform>
				</node>
			</node>
			<node>
				<identifier>b2</identifier>
				<transform>
					<row0>0.750079 0.000000 0.661348</row0>
					<row1>0.661348 0.000000 -0.750079</row1>
					<row2>-0.000000 1.000000 0.000000</row2>
					<row3>-0.008093 1.262244 -0.139648</row3>
				</transform>
				<node>
					<identifier>b2_BlendBone</identifier>
					<transform>
						<row0>1.000000 0.000000 0.000000</row0>
						<row1>0.000000 0.000000 1.000000</row1>
						<row2>-0.000000 1.000000 0.000000</row2>
						<row3>0.098426 -0.099395 -1.262244</row3>
					</transform>
				</node>
			</node>
			<node>
				<identifier>b3</identifier>
				<transform>
					<row0>0.750079 0.000000 0.661348</row0>
					<row1>0.661348 0.000000 -0.750079</row1>
					<row2>-0.000000 1.000000 0.000000</row2>
					<row3>2.031343 1.262143 1.658532</row3>
				</transform>
				<node>
					<identifier>b3_BlendBone</identifier>
					<transform>
						<row0>1.000000 0.000000 0.000000</row0>
						<row1>0.000000 0.000000 1.000000</row1>
						<row2>-0.000000 1.000000 0.000000</row2>
						<row3>-2.620534 -0.099395 -1.262143</row3>
					</transform>
				</node>
			</node>
			<node>
				<identifier>b4</identifier>
				<transform>
					<row0>0.750079 0.000000 0.661348</row0>
					<row1>0.661348 -0.000000 -0.750079</row1>
					<row2>0.000000 1.000000 -0.000000</row2>
					<row3>-3.082954 0.699433 -2.850768</row3>
				</transform>
				<node>
					<identifier>b4_BlendBone</identifier>
					<transform>
						<row0>1.000000 -0.000000 -0.000000</row0>
						<row1>0.000000 -0.000000 1.000000</row1>
						<row2>0.000000 1.000000 0.000000</row2>
						<row3>4.197809 -0.099395 -0.699433</row3>
					</transform>
				</node>
			</node>
			<node>
				<identifier>b5</identifier>
				<transform>
					<row0>0.750079 0.000000 0.661348</row0>
					<row1>0.661348 -0.000000 -0.750079</row1>
					<row2>0.000000 1.000000 -0.000000</row2>
					<row3>3.129189 0.699438 2.626508</row3>
				</transform>
				<node>
					<identifier>b5_BlendBone</identifier>
					<transform>
						<row0>1.000000 -0.000000 -0.000000</row0>
						<row1>-0.000000 -0.000000 1.000000</row1>
						<row2>0.000000 1.000000 0.000000</row2>
						<row3>-4.084175 -0.099395 -0.699438</row3>
					</transform>
				</node>
			</node>
			<node>
				<identifier>b6</identifier>
				<transform>
					<row0>0.749998 0.014699 0.661277</row0>
					<row1>0.661348 -0.000000 -0.750079</row1>
					<row2>-0.011025 0.999892 -0.009721</row2>
					<row3>-4.083797 0.207412 -3.733217</row3>
				</transform>
				<node>
					<identifier>b6_BlendBone</identifier>
					<transform>
						<row0>0.999892 0.000000 -0.014699</row0>
						<row1>0.014699 -0.000000 0.999892</row1>
						<row2>-0.000000 1.000000 0.000000</row2>
						<row3>5.528481 -0.099395 -0.288707</row3>
					</transform>
				</node>
			</node>
			<node>
				<identifier>b7</identifier>
				<transform>
					<row0>0.750079 0.000002 0.661348</row0>
					<row1>0.661348 -0.000000 -0.750079</row1>
					<row2>-0.000001 1.000000 -0.000001</row2>
					<row3>-0.980335 -0.112032 -0.996879</row3>
				</transform>
				<node>
					<identifier>b7_BlendBone</identifier>
					<transform>
						<row0>1.000000 0.000000 -0.000002</row0>
						<row1>0.000002 -0.000000 1.000000</row1>
						<row2>-0.000000 1.000000 0.000000</row2>
						<row3>1.394614 -0.099395 0.112030</row3>
					</transform>
				</node>
			</node>
			<node>
				<identifier>b8</identifier>
				<transform>
					<row0>0.750079 -0.000004 0.661348</row0>
					<row1>0.661348 0.000000 -0.750079</row1>
					<row2>0.000003 1.000000 0.000002</row2>
					<row3>1.041059 -0.112032 0.785394</row3>
				</transform>
				<node>
					<identifier>b8_BlendBone</identifier>
					<transform>
						<row0>1.000000 0.000000 0.000004</row0>
						<row1>-0.000004 0.000000 1.000000</row1>
						<row2>-0.000000 1.000000 -0.000000</row2>
						<row3>-1.300296 -0.099395 0.112027</row3>
					</transform>
				</node>
			</node>
			<node>
				<identifier>b9</identifier>
				<transform>
					<row0>0.749767 -0.028842 0.661073</row0>
					<row1>0.661348 -0.000000 -0.750079</row1>
					<row2>0.021634 0.999584 0.019074</row2>
					<row3>4.119574 0.207422 3.499736</row3>
				</transform>
				<node>
					<identifier>b9_BlendBone</identifier>
					<transform>
						<row0>0.999584 -0.000000 0.028842</row0>
						<row1>-0.028842 -0.000000 0.999584</row1>
						<row2>0.000000 1.000000 0.000000</row2>
						<row3>-5.396319 -0.099395 -0.363213</row3>
					</transform>
				</node>
			</node>
			<node>
				<identifier>root_BlendBone</identifier>
				<transform>
					<row0>0.750079 0.000000 0.661348</row0>
					<row1>0.000000 1.000000 0.000000</row1>
					<row2>0.661348 0.000000 -0.750079</row2>
					<row3>0.000000 0.000000 0.000000</row3>
				</transform>
			</node>
		</node>
	</node>
	<renderSet>
		<treatAsWorldSpaceObject>true</treatAsWorldSpaceObject>
		<node>root_BlendBone</node>
		<node>b11_BlendBone</node>
		<node>b7_BlendBone</node>
		<node>b2_BlendBone</node>
		<node>b8_BlendBone</node>
		<node>b10_BlendBone</node>
		<node>b1_BlendBone</node>
		<node>b4_BlendBone</node>
		<node>b12_BlendBone</node>
		<node>b3_BlendBone</node>
		<node>b5_BlendBone</node>
		<node>b9_BlendBone</node>
		<node>b6_BlendBone</node>
		<geometry>
			<vertices>sShape0.vertices</vertices>
			<primitive>sShape0.indices</primitive>
			<primitiveGroup>
				0
				<material>
					<identifier>s_nd0_skinned</identifier>
					<collisionFlags>0</collisionFlags>
					<materialKind>0</materialKind>
					<fx>shaders/std_effects/PBS_ext_skinned.fx</fx>
					<property>
						g_useNormalPackDXT1
						<Bool>false</Bool>
					</property>
					<property>
						g_enableTransmission
						<Bool>true</Bool>
					</property>
					<property>
						diffuseMap
						<Texture>content/Hangars/han02_tmday_2015/Posters/han02_tmday_2015_posters_AM.dds</Texture>
					</property>
					<property>
						normalMap
						<Texture>content/Hangars/han02_tmday_2015/Posters/han02_tmday_2015_posters_ANM.dds</Texture>
					</property>
					<property>
						metallicGlossMap
						<Texture>content/Hangars/han02_tmday_2015/Posters/han02_tmday_2015_posters_GMM.dds</Texture>
					</property>
				</material>
				<groupOrigin>-0.076317 0.183285 0.076047</groupOrigin>
			</primitiveGroup>
		</geometry>
	</renderSet>
	<constraints/>
	<boundingBox>
		<min>-5.583895 -0.931545 -0.099395</min>
		<max>5.431261 1.298115 -0.052699</max>
	</boundingBox>
	<geometrySize>4000</geometrySize>
	<minUVDensity>0.003786</minUVDensity>
</root>
