<?xml version="1.0" encoding="utf-8"?>
<root>
	<node>
		<identifier>Scene Root</identifier>
		<transform>
			<row0>1.000000 0.000000 0.000000</row0>
			<row1>0.000000 1.000000 0.000000</row1>
			<row2>0.000000 0.000000 1.000000</row2>
			<row3>0.000000 0.000000 0.000000</row3>
		</transform>
		<node>
			<identifier>joint1</identifier>
			<transform>
				<row0>0.998248 0.008270 -0.058583</row0>
				<row1>-0.004107 0.997480 0.070831</row1>
				<row2>0.059021 -0.070467 0.995767</row2>
				<row3>-0.126767 0.751973 0.099429</row3>
			</transform>
			<node>
				<identifier>joint1_BlendBone</identifier>
				<transform>
					<row0>0.998248 -0.004107 0.059021</row0>
					<row1>0.008270 0.997480 -0.070467</row1>
					<row2>0.058583 -0.070831 -0.995767</row2>
					<row3>0.126151 -0.757641 -0.038538</row3>
				</transform>
			</node>
		</node>
		<node>
			<identifier>joint2</identifier>
			<transform>
				<row0>0.989228 0.131365 0.064588</row0>
				<row1>-0.134851 0.989452 0.052925</row1>
				<row2>-0.056954 -0.061064 0.996508</row2>
				<row3>0.133236 0.768489 0.125320</row3>
			</transform>
			<node>
				<identifier>joint2_BlendBone</identifier>
				<transform>
					<row0>0.989228 -0.134851 -0.056954</row0>
					<row1>0.131365 0.989452 -0.061064</row1>
					<row2>-0.064588 -0.052925 -0.996508</row2>
					<row3>-0.240847 -0.749048 -0.070367</row3>
				</transform>
			</node>
		</node>
	</node>
	<renderSet>
		<treatAsWorldSpaceObject>true</treatAsWorldSpaceObject>
		<node>joint1_BlendBone</node>
		<node>joint2_BlendBone</node>
		<geometry>
			<vertices>s_nd2_skinned_0ShapeDeformed.vertices</vertices>
			<primitive>s_nd2_skinned_0ShapeDeformed.indices</primitive>
			<primitiveGroup>
				0
				<material>
					<identifier>s_nd0_skinned</identifier>
					<fx>shaders/std_effects/PBS_ext_skinned.fx</fx>
					<materialKind>108</materialKind>
					<collisionFlags>0</collisionFlags>
					<property>
						diffuseMap
						<Texture>content/Hangars/CharacterAnimations/h23_newyear/hd_h23_020_Accordion_AM.dds</Texture>
					</property>
					<property>
						dynamicObject
						<Bool>true</Bool>
					</property>
					<property>
						g_enableAO
						<Bool>true</Bool>
					</property>
					<property>
						metallicGlossMap
						<Texture>content/Hangars/CharacterAnimations/h23_newyear/hd_h23_020_Accordion_GMM.dds</Texture>
					</property>
					<property>
						normalMap
						<Texture>content/Hangars/CharacterAnimations/h23_newyear/hd_h23_020_Accordion_ANM.dds</Texture>
					</property>
				</material>
				<groupOrigin>-0.018988 0.790110 -0.118060</groupOrigin>
			</primitiveGroup>
		</geometry>
	</renderSet>
	<constraints/>
	<boundingBox>
		<min>-0.241556 0.583261 -0.000493</min>
		<max>0.203580 0.996958 0.236612</max>
	</boundingBox>
	<geometrySize>22768</geometrySize>
	<minUVDensity>0.752740</minUVDensity>
</root>
