<?xml version="1.0" encoding="utf-8"?>
<root>
	<node>
		<identifier>Scene Root</identifier>
		<transform>
			<row0>1.000000 0.000000 0.000000</row0>
			<row1>0.000000 1.000000 0.000000</row1>
			<row2>0.000000 0.000000 1.000000</row2>
			<row3>0.000000 0.000000 0.000000</row3>
		</transform>
		<node>
			<identifier>nodes_01</identifier>
			<transform>
				<row0>1.000000 0.000000 0.000000</row0>
				<row1>0.000000 1.000000 0.000000</row1>
				<row2>0.000000 0.000000 1.000000</row2>
				<row3>0.000000 0.000000 0.000000</row3>
			</transform>
			<node>
				<identifier>HP_Fire_1</identifier>
				<transform>
					<row0>1.000000 0.000000 0.000000</row0>
					<row1>0.000000 1.000000 0.000000</row1>
					<row2>0.000000 0.000000 1.000000</row2>
					<row3>0.000000 -0.173315 -2.187235</row3>
				</transform>
			</node>
			<node>
				<identifier>HP_Fire_2</identifier>
				<transform>
					<row0>1.000000 0.000000 0.000000</row0>
					<row1>0.000000 1.000000 0.000000</row1>
					<row2>0.000000 0.000000 1.000000</row2>
					<row3>0.000000 -0.215073 2.145233</row3>
				</transform>
			</node>
			<node>
				<identifier>HP_TrackUp_LFront</identifier>
				<transform>
					<row0>1.000000 0.000000 0.000000</row0>
					<row1>0.000000 0.796638 0.604456</row1>
					<row2>0.000000 -0.604456 0.796638</row2>
					<row3>-1.465432 0.000263 3.129484</row3>
				</transform>
			</node>
			<node>
				<identifier>HP_TrackUp_LRear</identifier>
				<transform>
					<row0>-1.000000 0.000000 0.000000</row0>
					<row1>0.000000 0.707322 -0.706892</row1>
					<row2>-0.000000 -0.706892 -0.707322</row2>
					<row3>-1.465432 0.101930 -3.135740</row3>
				</transform>
			</node>
			<node>
				<identifier>HP_TrackUp_RFront</identifier>
				<transform>
					<row0>1.000000 0.000000 0.000000</row0>
					<row1>0.000000 0.796638 0.604456</row1>
					<row2>0.000000 -0.604456 0.796638</row2>
					<row3>1.465432 0.000232 3.129436</row3>
				</transform>
			</node>
			<node>
				<identifier>HP_TrackUp_RRear</identifier>
				<transform>
					<row0>-1.000000 0.000000 0.000000</row0>
					<row1>0.000000 0.707322 -0.706892</row1>
					<row2>-0.000000 -0.706892 -0.707322</row2>
					<row3>1.465432 0.100659 -3.133752</row3>
				</transform>
			</node>
			<node>
				<identifier>HP_Track_Exhaus_1</identifier>
				<transform>
					<row0>-0.689277 0.000000 -0.724498</row0>
					<row1>0.000000 1.000000 0.000000</row1>
					<row2>0.724498 0.000000 -0.689277</row2>
					<row3>0.167823 0.471123 -1.755373</row3>
				</transform>
			</node>
			<node>
				<identifier>HP_Track_Exhaus_2</identifier>
				<transform>
					<row0>-0.752495 0.000000 0.658598</row0>
					<row1>0.000000 1.000000 0.000000</row1>
					<row2>-0.658598 0.000000 -0.752495</row2>
					<row3>-0.169952 0.471123 -1.755373</row3>
				</transform>
			</node>
			<node>
				<identifier>HP_turretJoint</identifier>
				<transform>
					<row0>1.000000 0.000000 0.000000</row0>
					<row1>0.000000 1.000000 0.000000</row1>
					<row2>0.000000 0.000000 1.000000</row2>
					<row3>0.000000 0.369636 0.575780</row3>
				</transform>
			</node>
		</node>
	</node>
	<renderSet>
		<treatAsWorldSpaceObject>false</treatAsWorldSpaceObject>
		<node>Scene Root</node>
		<geometry>
			<vertices>vertices</vertices>
			<primitive>indices</primitive>
			<primitiveGroup>
				0
				<material>
					<identifier>tank_hull_01</identifier>
					<property>
						selfIllumination
						<Float>0.000000</Float>
					</property>
					<collisionFlags>0</collisionFlags>
					<materialKind>0</materialKind>
					<fx>shaders/std_effects/PBS_tank.fx</fx>
					<property>
						metallicGlossMap
						<Texture>vehicles/american/A124_T54E2/_skins/A124_T54E2_GJ_3DSt/T54E2_GJ_3DSt_hull_01_GMM.dds</Texture>
					</property>
					<property>
						normalMap
						<Texture>vehicles/american/A124_T54E2/_skins/A124_T54E2_GJ_3DSt/T54E2_GJ_3DSt_hull_01_ANM.dds</Texture>
					</property>
					<property>
						diffuseMap
						<Texture>vehicles/american/A124_T54E2/_skins/A124_T54E2_GJ_3DSt/T54E2_GJ_3DSt_hull_01_AM.dds</Texture>
					</property>
					<property>
						excludeMaskAndAOMap
						<Texture>vehicles/american/A124_T54E2/_skins/A124_T54E2_GJ_3DSt/T54E2_GJ_3DSt_hull_01_AO.dds</Texture>
					</property>
					<property>
						g_useDetailMetallic
						<Bool>true</Bool>
					</property>
					<property>
						metallicDetailMap
						<Texture>vehicles/russian/Tank_detail/Details_map.dds</Texture>
					</property>
					<property>
						g_detailUVTiling
						<Vector4>7.013699 7.013699 0.000000 0.000000</Vector4>
					</property>
				</material>
				<groupOrigin>-0.004919 -0.158809 -0.045481</groupOrigin>
			</primitiveGroup>
			<primitiveGroup>
				1
				<material>
					<identifier>tank_decals</identifier>
					<property>
						selfIllumination
						<Float>0.000000</Float>
					</property>
					<property>
						diffuseMap
						<Texture>vehicles/american/A124_T54E2/_skins/A124_T54E2_GJ_3DSt/T54E2_GJ_3DSt_decals_AM.dds</Texture>
					</property>
					<collisionFlags>0</collisionFlags>
					<materialKind>0</materialKind>
					<fx>shaders/std_effects/PBS_tank.fx</fx>
					<property>
						excludeMaskAndAOMap
						<Texture>vehicles/american/A124_T54E2/_skins/A124_T54E2_GJ_3DSt/T54E2_GJ_3DSt_decals_AO.dds</Texture>
					</property>
					<property>
						g_detailUVTiling
						<Vector4>0.876712 0.876712 0.000000 0.000000</Vector4>
					</property>
					<property>
						g_useDetailMetallic
						<Bool>true</Bool>
					</property>
					<property>
						metallicDetailMap
						<Texture>vehicles/russian/Tank_detail/Details_map.dds</Texture>
					</property>
					<property>
						metallicGlossMap
						<Texture>vehicles/american/A124_T54E2/_skins/A124_T54E2_GJ_3DSt/T54E2_GJ_3DSt_decals_GMM.dds</Texture>
					</property>
					<property>
						normalMap
						<Texture>vehicles/american/A124_T54E2/_skins/A124_T54E2_GJ_3DSt/T54E2_GJ_3DSt_decals_ANM.dds</Texture>
					</property>
				</material>
				<groupOrigin>0.027616 0.017326 0.043481</groupOrigin>
			</primitiveGroup>
		</geometry>
	</renderSet>
	<boundingBox>
		<min>-1.887243 -0.851745 -3.393739</min>
		<max>1.942475 0.534126 3.302778</max>
	</boundingBox>
	<geometrySize>294370</geometrySize>
	<minUVDensity>0.000594</minUVDensity>
</root>
