<?xml version="1.0" encoding="utf-8"?>
<root>
	<node>
		<identifier>Scene Root</identifier>
		<transform>
			<row0>1.000000 0.000000 0.000000</row0>
			<row1>0.000000 1.000000 0.000000</row1>
			<row2>0.000000 0.000000 1.000000</row2>
			<row3>0.000000 0.000000 0.000000</row3>
		</transform>
		<node>
			<identifier>nodes_01</identifier>
			<transform>
				<row0>1.000000 0.000000 0.000000</row0>
				<row1>0.000000 1.000000 0.000000</row1>
				<row2>0.000000 0.000000 1.000000</row2>
				<row3>0.000000 0.000000 0.000000</row3>
			</transform>
			<node>
				<identifier>HP_Fire_1</identifier>
				<transform>
					<row0>1.000000 0.000000 0.000000</row0>
					<row1>0.000000 1.000000 0.000000</row1>
					<row2>0.000000 0.000000 1.000000</row2>
					<row3>0.000000 0.193007 1.598533</row3>
				</transform>
			</node>
			<node>
				<identifier>HP_Fire_2</identifier>
				<transform>
					<row0>1.000000 0.000000 0.000000</row0>
					<row1>0.000000 1.000000 0.000000</row1>
					<row2>0.000000 0.000000 1.000000</row2>
					<row3>0.000000 0.193007 -3.248838</row3>
				</transform>
			</node>
			<node>
				<identifier>HP_TrackUp_LFront</identifier>
				<transform>
					<row0>1.000000 0.000000 0.000000</row0>
					<row1>0.000000 0.294416 0.955677</row1>
					<row2>0.000000 -0.955677 0.294416</row2>
					<row3>-1.179273 -0.240942 4.394723</row3>
				</transform>
			</node>
			<node>
				<identifier>HP_TrackUp_LRear</identifier>
				<transform>
					<row0>-1.000000 0.000000 0.000000</row0>
					<row1>0.000000 0.632358 -0.774676</row1>
					<row2>-0.000000 -0.774676 -0.632358</row2>
					<row3>-1.179273 -0.137725 -4.152175</row3>
				</transform>
			</node>
			<node>
				<identifier>HP_TrackUp_RFront</identifier>
				<transform>
					<row0>1.000000 0.000000 0.000000</row0>
					<row1>0.000000 0.294416 0.955677</row1>
					<row2>0.000000 -0.955677 0.294416</row2>
					<row3>1.179273 -0.240942 4.394724</row3>
				</transform>
			</node>
			<node>
				<identifier>HP_TrackUp_RRear</identifier>
				<transform>
					<row0>-1.000000 0.000000 0.000000</row0>
					<row1>0.000000 0.632358 -0.774676</row1>
					<row2>-0.000000 -0.774676 -0.632358</row2>
					<row3>1.179273 -0.137725 -4.152175</row3>
				</transform>
			</node>
			<node>
				<identifier>HP_Track_Exhaus_1</identifier>
				<transform>
					<row0>-0.999757 -0.007950 0.020581</row0>
					<row1>-0.004978 0.990051 0.140618</row1>
					<row2>-0.021494 0.140481 -0.989850</row2>
					<row3>-2.242867 0.850651 -0.231905</row3>
				</transform>
			</node>
			<node>
				<identifier>HP_Track_Exhaus_2</identifier>
				<transform>
					<row0>-0.999757 -0.007950 0.020581</row0>
					<row1>-0.004978 0.990051 0.140618</row1>
					<row2>-0.021494 0.140481 -0.989850</row2>
					<row3>2.242867 0.850652 -0.231904</row3>
				</transform>
			</node>
			<node>
				<identifier>HP_turretJoint</identifier>
				<transform>
					<row0>1.000000 0.000000 0.000000</row0>
					<row1>0.000000 1.000000 0.000000</row1>
					<row2>0.000000 0.000000 1.000000</row2>
					<row3>0.000000 0.906250 -1.144700</row3>
				</transform>
			</node>
		</node>
	</node>
	<renderSet>
		<treatAsWorldSpaceObject>false</treatAsWorldSpaceObject>
		<node>Scene Root</node>
		<geometry>
			<vertices>vertices</vertices>
			<primitive>indices</primitive>
			<primitiveGroup>
				0
				<material>
					<identifier>tank_proxy</identifier>
					<property>
						selfIllumination
						<Float>0.000000</Float>
					</property>
					<collisionFlags>0</collisionFlags>
					<materialKind>0</materialKind>
					<fx>shaders/std_effects/PBS_tank.fx</fx>
					<property>
						metallicGlossMap
						<Texture>vehicles/german/G42_Maus/_skins/G42_Maus_BXI_3DSt/Maus_BXI_3DSt_proxy_GMM.dds</Texture>
					</property>
					<property>
						normalMap
						<Texture>vehicles/german/G42_Maus/_skins/G42_Maus_BXI_3DSt/Maus_BXI_3DSt_proxy_ANM.dds</Texture>
					</property>
					<property>
						diffuseMap
						<Texture>vehicles/german/G42_Maus/_skins/G42_Maus_BXI_3DSt/Maus_BXI_3DSt_proxy_AM.dds</Texture>
					</property>
					<property>
						excludeMaskAndAOMap
						<Texture>vehicles/german/G42_Maus/_skins/G42_Maus_BXI_3DSt/Maus_BXI_3DSt_proxy_AO.dds</Texture>
					</property>
				</material>
				<groupOrigin>0.015947 0.219563 -0.164031</groupOrigin>
			</primitiveGroup>
		</geometry>
	</renderSet>
	<boundingBox>
		<min>-2.366186 -0.752700 -4.586318</min>
		<max>2.398080 1.191827 4.600222</max>
	</boundingBox>
	<geometrySize>9862</geometrySize>
	<minUVDensity>0.001512</minUVDensity>
</root>
