<?xml version="1.0" encoding="utf-8"?>
<root>
	<node>
		<identifier>Scene Root</identifier>
		<transform>
			<row0>1.000000 0.000000 0.000000</row0>
			<row1>0.000000 1.000000 0.000000</row1>
			<row2>0.000000 0.000000 1.000000</row2>
			<row3>0.000000 0.000000 0.000000</row3>
		</transform>
		<node>
			<identifier>Root</identifier>
			<transform>
				<row0>0.000000 0.996439 0.084311</row0>
				<row1>1.000000 -0.000000 0.000000</row1>
				<row2>0.000000 0.084311 -0.996439</row2>
				<row3>0.000000 0.000001 -0.075820</row3>
			</transform>
			<node>
				<identifier>Spine01</identifier>
				<transform>
					<row0>0.776731 0.000625 -0.629832</row0>
					<row1>0.094925 0.988461 0.118047</row1>
					<row2>0.622638 -0.151477 0.767708</row2>
					<row3>0.249756 -0.000000 -0.060269</row3>
				</transform>
				<node>
					<identifier>Neck</identifier>
					<transform>
						<row0>0.930211 0.055597 0.362791</row0>
						<row1>-0.000000 0.988461 -0.151479</row1>
						<row2>-0.367026 0.140907 0.919476</row2>
						<row3>0.083595 0.000000 0.000000</row3>
					</transform>
					<node>
						<identifier>Head01</identifier>
						<transform>
							<row0>0.990281 -0.000000 0.139083</row0>
							<row1>0.000000 1.000000 -0.000000</row1>
							<row2>-0.139083 0.000000 0.990281</row2>
							<row3>0.044004 0.000000 -0.000000</row3>
						</transform>
						<node>
							<identifier>Head02</identifier>
							<transform>
								<row0>0.471159 -0.869364 -0.149048</row0>
								<row1>0.876690 0.442966 0.187603</row1>
								<row2>-0.097072 -0.219060 0.970871</row2>
								<row3>0.052979 0.000000 0.000000</row3>
							</transform>
							<node>
								<identifier>L_Ear01</identifier>
								<transform>
									<row0>0.630157 0.368023 -0.683711</row0>
									<row1>-0.369506 0.916578 0.152806</row1>
									<row2>0.682911 0.156344 0.713575</row2>
									<row3>0.045344 0.000000 -0.000000</row3>
								</transform>
								<node>
									<identifier>L_Ear02</identifier>
									<transform>
										<row0>0.944606 0.000000 -0.328207</row0>
										<row1>-0.000000 1.000000 0.000000</row1>
										<row2>0.328207 -0.000000 0.944606</row2>
										<row3>0.025944 0.000000 -0.000000</row3>
									</transform>
									<node>
										<identifier>L_Ear02_BlendBone</identifier>
										<transform>
											<row0>0.001955 0.693995 -0.719978</row0>
											<row1>0.292197 0.688161 0.664120</row1>
											<row2>-0.956356 0.211673 0.201438</row2>
											<row3>-0.246088 -0.236179 -0.291357</row3>
										</transform>
									</node>
								</node>
								<node>
									<identifier>L_Ear01_BlendBone</identifier>
									<transform>
										<row0>-0.234455 0.693995 -0.680737</row0>
										<row1>0.493980 0.688161 0.531430</row1>
										<row2>-0.837266 0.211673 0.504162</row2>
										<row3>-0.302138 -0.236179 -0.194450</row3>
									</transform>
								</node>
							</node>
							<node>
								<identifier>R_Ear01</identifier>
								<transform>
									<row0>-0.225384 -0.570314 0.789902</row0>
									<row1>-0.836780 -0.301940 -0.456762</row1>
									<row2>0.499001 -0.763921 -0.409174</row2>
									<row3>-0.023197 0.034924 -0.017271</row3>
								</transform>
								<node>
									<identifier>R_Ear02</identifier>
									<transform>
										<row0>0.933417 -0.000000 -0.358792</row0>
										<row1>-0.000000 1.000000 -0.000000</row1>
										<row2>0.358793 0.000000 0.933418</row2>
										<row3>-0.025944 0.000000 0.000000</row3>
									</transform>
									<node>
										<identifier>R_Ear02_BlendBone</identifier>
										<transform>
											<row0>0.029935 0.693555 -0.719781</row0>
											<row1>-0.265185 -0.688788 -0.674721</row1>
											<row2>0.963733 -0.211073 -0.163301</row2>
											<row3>0.234210 0.236335 0.300700</row3>
										</transform>
									</node>
								</node>
								<node>
									<identifier>R_Ear01_BlendBone</identifier>
									<transform>
										<row0>-0.230310 0.693555 -0.682597</row0>
										<row1>-0.489613 -0.688788 -0.534650</row1>
										<row2>0.840974 -0.211073 -0.498208</row2>
										<row3>0.300561 0.236335 0.196646</row3>
									</transform>
								</node>
							</node>
							<node>
								<identifier>Head02_BlendBone</identifier>
								<transform>
									<row0>-0.869061 0.443386 -0.219411</row0>
									<row1>0.419924 0.895635 0.146631</row1>
									<row2>-0.261526 -0.035296 0.964551</row2>
									<row3>-0.190572 -0.358071 0.031731</row3>
								</transform>
							</node>
						</node>
						<node>
							<identifier>Head01_BlendBone</identifier>
							<transform>
								<row0>0.000545 1.000000 -0.000307</row0>
								<row1>0.968812 -0.000452 0.247795</row1>
								<row2>-0.247795 0.000433 0.968812</row2>
								<row3>-0.353808 0.000112 -0.007964</row3>
							</transform>
						</node>
					</node>
					<node>
						<identifier>Neck_BlendBone</identifier>
						<transform>
							<row0>0.000582 1.000000 -0.000228</row0>
							<row1>0.924932 -0.000452 0.380132</row1>
							<row2>-0.380131 0.000433 0.924932</row2>
							<row3>-0.305258 0.000112 -0.057095</row3>
						</transform>
					</node>
				</node>
				<node>
					<identifier>Spine01_BlendBone</identifier>
					<transform>
						<row0>0.000625 0.988461 -0.151477</row0>
						<row1>0.720864 0.104540 0.685148</row1>
						<row2>-0.693077 0.109623 0.712480</row2>
						<row3>-0.179404 -0.024905 -0.163260</row3>
					</transform>
				</node>
			</node>
			<node>
				<identifier>Root_BlendBone</identifier>
				<transform>
					<row0>0.000000 1.000000 0.000000</row0>
					<row1>0.996440 -0.000000 0.084311</row1>
					<row2>-0.084311 -0.000000 0.996440</row2>
					<row3>0.006391 0.000000 -0.075550</row3>
				</transform>
			</node>
		</node>
	</node>
	<renderSet>
		<treatAsWorldSpaceObject>true</treatAsWorldSpaceObject>
		<node>Root_BlendBone</node>
		<node>Spine01_BlendBone</node>
		<node>Neck_BlendBone</node>
		<node>Head01_BlendBone</node>
		<node>Head02_BlendBone</node>
		<node>R_Ear01_BlendBone</node>
		<node>R_Ear02_BlendBone</node>
		<node>L_Ear01_BlendBone</node>
		<node>L_Ear02_BlendBone</node>
		<geometry>
			<vertices>s0Shape.vertices</vertices>
			<primitive>s0Shape.indices</primitive>
			<primitiveGroup>
				0
				<material>
					<identifier>s_nd0_ncl1_1_skinned</identifier>
					<collisionFlags>255</collisionFlags>
					<materialKind>0</materialKind>
					<fx>shaders/std_effects/PBS_ext_skinned.fx</fx>
					<property>
						dynamicObject
						<Bool>true</Bool>
					</property>
					<property>
						g_enableAO
						<Bool>true</Bool>
					</property>
					<property>
						diffuseMap
						<Texture>content/Environment/hd_env_UNI_015_Cat/hd_env_UNI_015_Cat_01_AM.dds</Texture>
					</property>
					<property>
						normalMap
						<Texture>content/Environment/hd_env_UNI_015_Cat/hd_env_UNI_015_Cat_01_ANM.dds</Texture>
					</property>
					<property>
						metallicGlossMap
						<Texture>content/Environment/hd_env_UNI_015_Cat/hd_env_UNI_015_Cat_01_GMM.dds</Texture>
					</property>
				</material>
				<groupOrigin>0.001736 0.214544 -0.000594</groupOrigin>
			</primitiveGroup>
		</geometry>
	</renderSet>
	<constraints/>
	<boundingBox>
		<min>-0.086634 -0.004607 -0.164615</min>
		<max>0.090106 0.433694 0.165802</max>
	</boundingBox>
	<geometrySize>40436</geometrySize>
	<minUVDensity>1.142010</minUVDensity>
</root>
