<?xml version="1.0" encoding="utf-8"?>
<root>
	<node>
		<identifier>Scene Root</identifier>
		<transform>
			<row0>1.000000 0.000000 0.000000</row0>
			<row1>0.000000 1.000000 0.000000</row1>
			<row2>0.000000 0.000000 1.000000</row2>
			<row3>0.000000 0.000000 0.000000</row3>
		</transform>
		<node>
			<identifier>nodes_01</identifier>
			<transform>
				<row0>1.000000 0.000000 0.000000</row0>
				<row1>0.000000 1.000000 0.000000</row1>
				<row2>0.000000 0.000000 1.000000</row2>
				<row3>0.000000 0.000000 0.000000</row3>
			</transform>
			<node>
				<identifier>HP_Track_LFront</identifier>
				<transform>
					<row0>1.000000 0.000000 0.000000</row0>
					<row1>0.000000 0.993847 -0.110758</row1>
					<row2>0.000000 0.110758 0.993847</row2>
					<row3>-0.876920 0.000000 0.968220</row3>
				</transform>
			</node>
			<node>
				<identifier>HP_Track_LRear</identifier>
				<transform>
					<row0>-1.000000 0.000000 0.000000</row0>
					<row1>0.000000 0.994751 0.102324</row1>
					<row2>-0.000000 0.102324 -0.994751</row2>
					<row3>-0.876920 0.000000 -0.968226</row3>
				</transform>
			</node>
			<node>
				<identifier>HP_Track_RFront</identifier>
				<transform>
					<row0>1.000000 0.000000 0.000000</row0>
					<row1>0.000000 0.993847 -0.110758</row1>
					<row2>0.000000 0.110758 0.993847</row2>
					<row3>0.876922 0.000000 0.968220</row3>
				</transform>
			</node>
			<node>
				<identifier>HP_Track_RRear</identifier>
				<transform>
					<row0>-1.000000 0.000000 0.000000</row0>
					<row1>0.000000 0.994751 0.102324</row1>
					<row2>-0.000000 0.102324 -0.994751</row2>
					<row3>0.876922 0.000000 -0.968226</row3>
				</transform>
			</node>
			<node>
				<identifier>HP_gui</identifier>
				<transform>
					<row0>1.000000 0.000000 0.000000</row0>
					<row1>0.000000 0.000000 -1.000000</row1>
					<row2>0.000000 1.000000 0.000000</row2>
					<row3>0.000000 2.836291 -0.286079</row3>
				</transform>
			</node>
			<node>
				<identifier>Tank</identifier>
				<transform>
					<row0>1.000000 0.000000 0.000000</row0>
					<row1>0.000000 1.000000 0.000000</row1>
					<row2>0.000000 0.000000 1.000000</row2>
					<row3>0.000000 0.500000 0.000000</row3>
				</transform>
				<node>
					<identifier>Track_L0</identifier>
					<transform>
						<row0>1.000000 0.000000 0.000000</row0>
						<row1>0.000000 1.000000 0.000000</row1>
						<row2>0.000000 0.000000 1.000000</row2>
						<row3>-0.876920 -0.500000 0.962700</row3>
					</transform>
					<node>
						<identifier>W_L0</identifier>
						<transform>
							<row0>1.000000 0.000000 0.000000</row0>
							<row1>0.000000 0.597159 -0.802123</row1>
							<row2>0.000000 0.802123 0.597159</row2>
							<row3>0.000000 0.281219 0.000000</row3>
						</transform>
						<node>
							<identifier>W_L0_BlendBone</identifier>
							<transform>
								<row0>1.000000 0.000000 0.000000</row0>
								<row1>0.000000 0.597159 0.802123</row1>
								<row2>0.000000 0.802123 -0.597159</row2>
								<row3>0.876920 0.604271 -0.800457</row3>
							</transform>
						</node>
					</node>
					<node>
						<identifier>Track_L0_BlendBone</identifier>
						<transform>
							<row0>1.000000 0.000000 0.000000</row0>
							<row1>0.000000 1.000000 0.000000</row1>
							<row2>0.000000 0.000000 -1.000000</row2>
							<row3>0.876920 0.000000 -0.962700</row3>
						</transform>
					</node>
				</node>
				<node>
					<identifier>Track_L1</identifier>
					<transform>
						<row0>1.000000 0.000000 0.000000</row0>
						<row1>0.000000 1.000000 0.000000</row1>
						<row2>0.000000 0.000000 1.000000</row2>
						<row3>-0.876920 -0.500000 0.287679</row3>
					</transform>
					<node>
						<identifier>W_L1</identifier>
						<transform>
							<row0>1.000000 0.000000 0.000000</row0>
							<row1>0.000000 0.597159 -0.802123</row1>
							<row2>0.000000 0.802123 0.597159</row2>
							<row3>0.000000 0.281219 0.000000</row3>
						</transform>
						<node>
							<identifier>W_L1_BlendBone</identifier>
							<transform>
								<row0>1.000000 0.000000 0.000000</row0>
								<row1>0.000000 0.597159 0.802123</row1>
								<row2>0.000000 0.802123 -0.597159</row2>
								<row3>0.876920 0.062822 -0.397363</row3>
							</transform>
						</node>
					</node>
					<node>
						<identifier>Track_L1_BlendBone</identifier>
						<transform>
							<row0>1.000000 0.000000 0.000000</row0>
							<row1>0.000000 1.000000 0.000000</row1>
							<row2>0.000000 0.000000 -1.000000</row2>
							<row3>0.876920 0.000000 -0.287679</row3>
						</transform>
					</node>
				</node>
				<node>
					<identifier>Track_L2</identifier>
					<transform>
						<row0>1.000000 0.000000 0.000000</row0>
						<row1>0.000000 1.000000 0.000000</row1>
						<row2>0.000000 0.000000 1.000000</row2>
						<row3>-0.876920 -0.500000 -0.289031</row3>
					</transform>
					<node>
						<identifier>W_L2</identifier>
						<transform>
							<row0>1.000000 0.000000 0.000000</row0>
							<row1>0.000000 0.597159 -0.802123</row1>
							<row2>0.000000 0.802123 0.597159</row2>
							<row3>0.000000 0.281219 0.000000</row3>
						</transform>
						<node>
							<identifier>W_L2_BlendBone</identifier>
							<transform>
								<row0>1.000000 0.000000 0.000000</row0>
								<row1>0.000000 0.597159 0.802123</row1>
								<row2>0.000000 0.802123 -0.597159</row2>
								<row3>0.876920 -0.399771 -0.052975</row3>
							</transform>
						</node>
					</node>
					<node>
						<identifier>Track_L2_BlendBone</identifier>
						<transform>
							<row0>1.000000 0.000000 0.000000</row0>
							<row1>0.000000 1.000000 0.000000</row1>
							<row2>0.000000 0.000000 -1.000000</row2>
							<row3>0.876920 0.000000 0.289031</row3>
						</transform>
					</node>
				</node>
				<node>
					<identifier>Track_L3</identifier>
					<transform>
						<row0>1.000000 0.000000 0.000000</row0>
						<row1>0.000000 1.000000 0.000000</row1>
						<row2>0.000000 0.000000 1.000000</row2>
						<row3>-0.876920 -0.500000 -0.964052</row3>
					</transform>
					<node>
						<identifier>W_L3</identifier>
						<transform>
							<row0>1.000000 0.000000 -0.000000</row0>
							<row1>0.000000 0.597159 -0.802123</row1>
							<row2>0.000000 0.802123 0.597159</row2>
							<row3>0.000000 0.281219 0.000000</row3>
						</transform>
						<node>
							<identifier>W_L3_BlendBone</identifier>
							<transform>
								<row0>1.000000 0.000000 0.000000</row0>
								<row1>0.000000 0.597159 0.802123</row1>
								<row2>0.000000 0.802123 -0.597159</row2>
								<row3>0.876920 -0.941221 0.350119</row3>
							</transform>
						</node>
					</node>
					<node>
						<identifier>Track_L3_BlendBone</identifier>
						<transform>
							<row0>1.000000 0.000000 0.000000</row0>
							<row1>0.000000 1.000000 0.000000</row1>
							<row2>0.000000 0.000000 -1.000000</row2>
							<row3>0.876920 0.000000 0.964052</row3>
						</transform>
					</node>
				</node>
				<node>
					<identifier>Track_R0</identifier>
					<transform>
						<row0>1.000000 0.000000 0.000000</row0>
						<row1>0.000000 1.000000 0.000000</row1>
						<row2>0.000000 0.000000 1.000000</row2>
						<row3>0.876922 -0.500000 0.962700</row3>
					</transform>
					<node>
						<identifier>W_R0</identifier>
						<transform>
							<row0>1.000000 0.000000 0.000000</row0>
							<row1>0.000000 0.597159 -0.802123</row1>
							<row2>-0.000000 0.802123 0.597159</row2>
							<row3>-0.000000 0.281219 -0.000000</row3>
						</transform>
						<node>
							<identifier>W_R0_BlendBone</identifier>
							<transform>
								<row0>1.000000 0.000000 0.000000</row0>
								<row1>0.000000 0.597159 0.802123</row1>
								<row2>0.000000 0.802123 -0.597159</row2>
								<row3>-0.876922 0.604271 -0.800457</row3>
							</transform>
						</node>
					</node>
					<node>
						<identifier>Track_R0_BlendBone</identifier>
						<transform>
							<row0>1.000000 0.000000 0.000000</row0>
							<row1>0.000000 1.000000 0.000000</row1>
							<row2>0.000000 0.000000 -1.000000</row2>
							<row3>-0.876922 0.000000 -0.962700</row3>
						</transform>
					</node>
				</node>
				<node>
					<identifier>Track_R1</identifier>
					<transform>
						<row0>1.000000 0.000000 0.000000</row0>
						<row1>0.000000 1.000000 0.000000</row1>
						<row2>0.000000 0.000000 1.000000</row2>
						<row3>0.876922 -0.500000 0.287679</row3>
					</transform>
					<node>
						<identifier>W_R1</identifier>
						<transform>
							<row0>1.000000 0.000000 0.000000</row0>
							<row1>0.000000 0.597159 -0.802123</row1>
							<row2>0.000000 0.802123 0.597159</row2>
							<row3>0.000000 0.281219 0.000000</row3>
						</transform>
						<node>
							<identifier>W_R1_BlendBone</identifier>
							<transform>
								<row0>1.000000 0.000000 0.000000</row0>
								<row1>0.000000 0.597159 0.802123</row1>
								<row2>0.000000 0.802123 -0.597159</row2>
								<row3>-0.876922 0.062822 -0.397363</row3>
							</transform>
						</node>
					</node>
					<node>
						<identifier>Track_R1_BlendBone</identifier>
						<transform>
							<row0>1.000000 0.000000 0.000000</row0>
							<row1>0.000000 1.000000 0.000000</row1>
							<row2>0.000000 0.000000 -1.000000</row2>
							<row3>-0.876922 0.000000 -0.287679</row3>
						</transform>
					</node>
				</node>
				<node>
					<identifier>Track_R2</identifier>
					<transform>
						<row0>1.000000 0.000000 0.000000</row0>
						<row1>0.000000 1.000000 0.000000</row1>
						<row2>0.000000 0.000000 1.000000</row2>
						<row3>0.876922 -0.500000 -0.289031</row3>
					</transform>
					<node>
						<identifier>W_R2</identifier>
						<transform>
							<row0>1.000000 0.000000 0.000000</row0>
							<row1>0.000000 0.597159 -0.802123</row1>
							<row2>0.000000 0.802123 0.597159</row2>
							<row3>0.000000 0.281219 0.000000</row3>
						</transform>
						<node>
							<identifier>W_R2_BlendBone</identifier>
							<transform>
								<row0>1.000000 0.000000 0.000000</row0>
								<row1>0.000000 0.597159 0.802123</row1>
								<row2>0.000000 0.802123 -0.597159</row2>
								<row3>-0.876922 -0.399771 -0.052975</row3>
							</transform>
						</node>
					</node>
					<node>
						<identifier>Track_R2_BlendBone</identifier>
						<transform>
							<row0>1.000000 0.000000 0.000000</row0>
							<row1>0.000000 1.000000 0.000000</row1>
							<row2>0.000000 0.000000 -1.000000</row2>
							<row3>-0.876922 0.000000 0.289031</row3>
						</transform>
					</node>
				</node>
				<node>
					<identifier>Track_R3</identifier>
					<transform>
						<row0>1.000000 0.000000 0.000000</row0>
						<row1>0.000000 1.000000 0.000000</row1>
						<row2>0.000000 0.000000 1.000000</row2>
						<row3>0.876922 -0.500000 -0.964052</row3>
					</transform>
					<node>
						<identifier>W_R3</identifier>
						<transform>
							<row0>1.000000 0.000000 0.000000</row0>
							<row1>0.000000 0.597159 -0.802123</row1>
							<row2>-0.000000 0.802123 0.597159</row2>
							<row3>0.000000 0.281219 0.000000</row3>
						</transform>
						<node>
							<identifier>W_R3_BlendBone</identifier>
							<transform>
								<row0>1.000000 0.000000 0.000000</row0>
								<row1>0.000000 0.597159 0.802123</row1>
								<row2>0.000000 0.802123 -0.597159</row2>
								<row3>-0.876922 -0.941221 0.350119</row3>
							</transform>
						</node>
					</node>
					<node>
						<identifier>Track_R3_BlendBone</identifier>
						<transform>
							<row0>1.000000 0.000000 0.000000</row0>
							<row1>0.000000 1.000000 0.000000</row1>
							<row2>0.000000 0.000000 -1.000000</row2>
							<row3>-0.876922 0.000000 0.964052</row3>
						</transform>
					</node>
				</node>
				<node>
					<identifier>V</identifier>
					<transform>
						<row0>1.000000 0.000000 0.000000</row0>
						<row1>0.000000 1.000000 0.000000</row1>
						<row2>0.000000 0.000000 1.000000</row2>
						<row3>0.000000 0.208251 0.000000</row3>
					</transform>
					<node>
						<identifier>Track_VD_L0</identifier>
						<transform>
							<row0>1.000000 0.000000 0.000000</row0>
							<row1>0.000000 1.000000 0.000000</row1>
							<row2>0.000000 0.000000 1.000000</row2>
							<row3>-0.876920 -0.539840 1.411780</row3>
						</transform>
						<node>
							<identifier>Track_VD_L0_BlendBone</identifier>
							<transform>
								<row0>1.000000 0.000000 0.000000</row0>
								<row1>0.000000 1.000000 0.000000</row1>
								<row2>0.000000 0.000000 -1.000000</row2>
								<row3>0.876920 -0.168411 -1.411780</row3>
							</transform>
						</node>
					</node>
					<node>
						<identifier>Track_VD_L1</identifier>
						<transform>
							<row0>1.000000 0.000000 0.000000</row0>
							<row1>0.000000 1.000000 0.000000</row1>
							<row2>0.000000 0.000000 1.000000</row2>
							<row3>-0.876920 -0.564624 -1.378278</row3>
						</transform>
						<node>
							<identifier>Track_VD_L1_BlendBone</identifier>
							<transform>
								<row0>1.000000 0.000000 0.000000</row0>
								<row1>0.000000 1.000000 0.000000</row1>
								<row2>0.000000 0.000000 -1.000000</row2>
								<row3>0.876920 -0.143627 1.378278</row3>
							</transform>
						</node>
					</node>
					<node>
						<identifier>Track_VD_R0</identifier>
						<transform>
							<row0>1.000000 0.000000 0.000000</row0>
							<row1>0.000000 1.000000 0.000000</row1>
							<row2>0.000000 0.000000 1.000000</row2>
							<row3>0.876922 -0.539840 1.411780</row3>
						</transform>
						<node>
							<identifier>Track_VD_R0_BlendBone</identifier>
							<transform>
								<row0>1.000000 0.000000 0.000000</row0>
								<row1>0.000000 1.000000 0.000000</row1>
								<row2>0.000000 0.000000 -1.000000</row2>
								<row3>-0.876922 -0.168411 -1.411780</row3>
							</transform>
						</node>
					</node>
					<node>
						<identifier>Track_VD_R1</identifier>
						<transform>
							<row0>1.000000 0.000000 0.000000</row0>
							<row1>0.000000 1.000000 0.000000</row1>
							<row2>0.000000 0.000000 1.000000</row2>
							<row3>0.876922 -0.564624 -1.378278</row3>
						</transform>
						<node>
							<identifier>Track_VD_R1_BlendBone</identifier>
							<transform>
								<row0>1.000000 0.000000 0.000000</row0>
								<row1>0.000000 1.000000 0.000000</row1>
								<row2>0.000000 0.000000 -1.000000</row2>
								<row3>-0.876922 -0.143627 1.378278</row3>
							</transform>
						</node>
					</node>
					<node>
						<identifier>Track_VT_L0</identifier>
						<transform>
							<row0>1.000000 0.000000 0.000000</row0>
							<row1>0.000000 1.000000 0.000000</row1>
							<row2>0.000000 0.000000 1.000000</row2>
							<row3>-0.876920 0.095888 1.122419</row3>
						</transform>
						<node>
							<identifier>Track_VT_L0_BlendBone</identifier>
							<transform>
								<row0>1.000000 0.000000 0.000000</row0>
								<row1>0.000000 1.000000 0.000000</row1>
								<row2>0.000000 0.000000 -1.000000</row2>
								<row3>0.876920 -0.804138 -1.122419</row3>
							</transform>
						</node>
					</node>
					<node>
						<identifier>Track_VT_L1</identifier>
						<transform>
							<row0>1.000000 0.000000 0.000000</row0>
							<row1>0.000000 1.000000 0.000000</row1>
							<row2>0.000000 0.000000 1.000000</row2>
							<row3>-0.876920 0.076160 0.000909</row3>
						</transform>
						<node>
							<identifier>Track_VT_L1_BlendBone</identifier>
							<transform>
								<row0>1.000000 0.000000 0.000000</row0>
								<row1>0.000000 1.000000 0.000000</row1>
								<row2>0.000000 0.000000 -1.000000</row2>
								<row3>0.876920 -0.784411 -0.000909</row3>
							</transform>
						</node>
					</node>
					<node>
						<identifier>Track_VT_L2</identifier>
						<transform>
							<row0>1.000000 0.000000 0.000000</row0>
							<row1>0.000000 1.000000 0.000000</row1>
							<row2>0.000000 0.000000 1.000000</row2>
							<row3>-0.876920 0.045901 -1.063912</row3>
						</transform>
						<node>
							<identifier>Track_VT_L2_BlendBone</identifier>
							<transform>
								<row0>1.000000 0.000000 0.000000</row0>
								<row1>0.000000 1.000000 0.000000</row1>
								<row2>0.000000 0.000000 -1.000000</row2>
								<row3>0.876920 -0.754151 1.063912</row3>
							</transform>
						</node>
					</node>
					<node>
						<identifier>Track_VT_R0</identifier>
						<transform>
							<row0>1.000000 0.000000 0.000000</row0>
							<row1>0.000000 1.000000 0.000000</row1>
							<row2>0.000000 0.000000 1.000000</row2>
							<row3>0.876922 0.095888 1.122419</row3>
						</transform>
						<node>
							<identifier>Track_VT_R0_BlendBone</identifier>
							<transform>
								<row0>1.000000 0.000000 0.000000</row0>
								<row1>0.000000 1.000000 0.000000</row1>
								<row2>0.000000 0.000000 -1.000000</row2>
								<row3>-0.876922 -0.804138 -1.122419</row3>
							</transform>
						</node>
					</node>
					<node>
						<identifier>Track_VT_R1</identifier>
						<transform>
							<row0>1.000000 0.000000 0.000000</row0>
							<row1>0.000000 1.000000 0.000000</row1>
							<row2>0.000000 0.000000 1.000000</row2>
							<row3>0.876922 0.076160 0.000909</row3>
						</transform>
						<node>
							<identifier>Track_VT_R1_BlendBone</identifier>
							<transform>
								<row0>1.000000 0.000000 0.000000</row0>
								<row1>0.000000 1.000000 0.000000</row1>
								<row2>0.000000 0.000000 -1.000000</row2>
								<row3>-0.876922 -0.784411 -0.000909</row3>
							</transform>
						</node>
					</node>
					<node>
						<identifier>Track_VT_R2</identifier>
						<transform>
							<row0>1.000000 0.000000 0.000000</row0>
							<row1>0.000000 1.000000 0.000000</row1>
							<row2>0.000000 0.000000 1.000000</row2>
							<row3>0.876922 0.045901 -1.063912</row3>
						</transform>
						<node>
							<identifier>Track_VT_R2_BlendBone</identifier>
							<transform>
								<row0>1.000000 0.000000 0.000000</row0>
								<row1>0.000000 1.000000 0.000000</row1>
								<row2>0.000000 0.000000 -1.000000</row2>
								<row3>-0.876922 -0.754151 1.063912</row3>
							</transform>
						</node>
					</node>
					<node>
						<identifier>WD_L0</identifier>
						<transform>
							<row0>1.000000 0.000000 0.000000</row0>
							<row1>0.000000 0.597159 -0.802123</row1>
							<row2>0.000000 0.802123 0.597159</row2>
							<row3>-0.876920 -0.170857 1.617100</row3>
						</transform>
						<node>
							<identifier>WD_L0_BlendBone</identifier>
							<transform>
								<row0>1.000000 0.000000 0.000000</row0>
								<row1>0.000000 0.597159 0.802123</row1>
								<row2>0.000000 0.802123 -0.597159</row2>
								<row3>0.876920 0.976204 -1.396721</row3>
							</transform>
						</node>
					</node>
					<node>
						<identifier>WD_L1</identifier>
						<transform>
							<row0>1.000000 0.000000 0.000000</row0>
							<row1>0.000000 0.597159 -0.802123</row1>
							<row2>0.000000 0.802123 0.597159</row2>
							<row3>-0.876920 -0.035573 0.627738</row3>
						</transform>
						<node>
							<identifier>WD_L1_BlendBone</identifier>
							<transform>
								<row0>1.000000 0.000000 0.000000</row0>
								<row1>0.000000 0.597159 0.802123</row1>
								<row2>0.000000 0.802123 -0.597159</row2>
								<row3>0.876920 0.101828 -0.914430</row3>
							</transform>
						</node>
					</node>
					<node>
						<identifier>WD_L2</identifier>
						<transform>
							<row0>1.000000 0.000000 0.000000</row0>
							<row1>0.000000 0.597159 -0.802123</row1>
							<row2>0.000000 0.802123 0.597159</row2>
							<row3>-0.876920 -0.060466 -0.625919</row3>
						</transform>
						<node>
							<identifier>WD_L2_BlendBone</identifier>
							<transform>
								<row0>1.000000 0.000000 0.000000</row0>
								<row1>0.000000 0.597159 0.802123</row1>
								<row2>0.000000 0.802123 -0.597159</row2>
								<row3>0.876920 -0.888894 -0.145830</row3>
							</transform>
						</node>
					</node>
					<node>
						<identifier>WD_L3</identifier>
						<transform>
							<row0>1.000000 0.000000 0.000000</row0>
							<row1>0.000000 0.597159 -0.802123</row1>
							<row2>0.000000 0.802123 0.597159</row2>
							<row3>-0.876920 -0.237087 -1.501905</row3>
						</transform>
						<node>
							<identifier>WD_L3_BlendBone</identifier>
							<transform>
								<row0>1.000000 0.000000 0.000000</row0>
								<row1>0.000000 0.597159 0.802123</row1>
								<row2>0.000000 0.802123 -0.597159</row2>
								<row3>0.876920 -1.486072 0.518944</row3>
							</transform>
						</node>
					</node>
					<node>
						<identifier>WD_R0</identifier>
						<transform>
							<row0>1.000000 0.000000 0.000000</row0>
							<row1>0.000000 0.597159 -0.802123</row1>
							<row2>0.000000 0.802123 0.597159</row2>
							<row3>0.876922 -0.170857 1.617100</row3>
						</transform>
						<node>
							<identifier>WD_R0_BlendBone</identifier>
							<transform>
								<row0>1.000000 0.000000 0.000000</row0>
								<row1>0.000000 0.597159 0.802123</row1>
								<row2>0.000000 0.802123 -0.597159</row2>
								<row3>-0.876922 0.976204 -1.396721</row3>
							</transform>
						</node>
					</node>
					<node>
						<identifier>WD_R1</identifier>
						<transform>
							<row0>1.000000 0.000000 0.000000</row0>
							<row1>0.000000 0.597159 -0.802123</row1>
							<row2>0.000000 0.802123 0.597159</row2>
							<row3>0.876922 -0.035573 0.627738</row3>
						</transform>
						<node>
							<identifier>WD_R1_BlendBone</identifier>
							<transform>
								<row0>1.000000 0.000000 0.000000</row0>
								<row1>0.000000 0.597159 0.802123</row1>
								<row2>0.000000 0.802123 -0.597159</row2>
								<row3>-0.876922 0.101828 -0.914430</row3>
							</transform>
						</node>
					</node>
					<node>
						<identifier>WD_R2</identifier>
						<transform>
							<row0>1.000000 0.000000 0.000000</row0>
							<row1>0.000000 0.597159 -0.802123</row1>
							<row2>0.000000 0.802123 0.597159</row2>
							<row3>0.876922 -0.060466 -0.625919</row3>
						</transform>
						<node>
							<identifier>WD_R2_BlendBone</identifier>
							<transform>
								<row0>1.000000 0.000000 0.000000</row0>
								<row1>0.000000 0.597159 0.802123</row1>
								<row2>0.000000 0.802123 -0.597159</row2>
								<row3>-0.876922 -0.888894 -0.145830</row3>
							</transform>
						</node>
					</node>
					<node>
						<identifier>WD_R3</identifier>
						<transform>
							<row0>1.000000 0.000000 0.000000</row0>
							<row1>0.000000 0.597159 -0.802123</row1>
							<row2>0.000000 0.802123 0.597159</row2>
							<row3>0.876922 -0.237087 -1.501905</row3>
						</transform>
						<node>
							<identifier>WD_R3_BlendBone</identifier>
							<transform>
								<row0>1.000000 0.000000 0.000000</row0>
								<row1>0.000000 0.597159 0.802123</row1>
								<row2>0.000000 0.802123 -0.597159</row2>
								<row3>-0.876922 -1.486072 0.518944</row3>
							</transform>
						</node>
					</node>
					<node>
						<identifier>V_BlendBone</identifier>
						<transform>
							<row0>1.000000 0.000000 0.000000</row0>
							<row1>0.000000 1.000000 0.000000</row1>
							<row2>0.000000 0.000000 -1.000000</row2>
							<row3>0.000000 -0.708251 0.000000</row3>
						</transform>
					</node>
				</node>
			</node>
		</node>
	</node>
	<renderSet>
		<treatAsWorldSpaceObject>true</treatAsWorldSpaceObject>
		<node>V_BlendBone</node>
		<geometry>
			<vertices>chassis_L_Shape.vertices</vertices>
			<primitive>chassis_L_Shape.indices</primitive>
			<primitiveGroup>
				0
				<material>
					<identifier>tank_chassis_01_skinned</identifier>
					<collisionFlags>0</collisionFlags>
					<materialKind>0</materialKind>
					<fx>shaders/std_effects/PBS_tank_skinned.fx</fx>
					<property>
						alphaReference
						<Int>0</Int>
					</property>
					<property>
						g_useNormalPackDXT1
						<Bool>false</Bool>
					</property>
					<property>
						doubleSided
						<Bool>false</Bool>
					</property>
					<property>
						alphaTestEnable
						<Bool>false</Bool>
					</property>
					<property>
						diffuseMap
						<Texture>vehicles/poland/Pl14_4TP/4TP_proxy_AM.dds</Texture>
					</property>
					<property>
						normalMap
						<Texture>vehicles/poland/Pl14_4TP/4TP_proxy_ANM.dds</Texture>
					</property>
					<property>
						metallicGlossMap
						<Texture>vehicles/poland/Pl14_4TP/4TP_proxy_GMM.dds</Texture>
					</property>
					<property>
						excludeMaskAndAOMap
						<Texture>vehicles/poland/Pl14_4TP/4TP_proxy_AO.dds</Texture>
					</property>
					<property>
						colorIdMap
						<Texture>vehicles/russian/common/common_ID.dds</Texture>
					</property>
				</material>
				<groupOrigin>-0.870870 0.433798 -0.019243</groupOrigin>
			</primitiveGroup>
		</geometry>
	</renderSet>
	<renderSet>
		<treatAsWorldSpaceObject>true</treatAsWorldSpaceObject>
		<node>V_BlendBone</node>
		<geometry>
			<vertices>chassis_R_Shape.vertices</vertices>
			<primitive>chassis_R_Shape.indices</primitive>
			<primitiveGroup>
				0
				<material>
					<identifier>tank_chassis_01_skinned</identifier>
					<collisionFlags>0</collisionFlags>
					<materialKind>0</materialKind>
					<fx>shaders/std_effects/PBS_tank_skinned.fx</fx>
					<property>
						alphaReference
						<Int>0</Int>
					</property>
					<property>
						g_useNormalPackDXT1
						<Bool>false</Bool>
					</property>
					<property>
						doubleSided
						<Bool>false</Bool>
					</property>
					<property>
						alphaTestEnable
						<Bool>false</Bool>
					</property>
					<property>
						diffuseMap
						<Texture>vehicles/poland/Pl14_4TP/4TP_proxy_AM.dds</Texture>
					</property>
					<property>
						normalMap
						<Texture>vehicles/poland/Pl14_4TP/4TP_proxy_ANM.dds</Texture>
					</property>
					<property>
						metallicGlossMap
						<Texture>vehicles/poland/Pl14_4TP/4TP_proxy_GMM.dds</Texture>
					</property>
					<property>
						excludeMaskAndAOMap
						<Texture>vehicles/poland/Pl14_4TP/4TP_proxy_AO.dds</Texture>
					</property>
					<property>
						colorIdMap
						<Texture>vehicles/russian/common/common_ID.dds</Texture>
					</property>
				</material>
				<groupOrigin>0.884068 0.420888 -0.012892</groupOrigin>
			</primitiveGroup>
		</geometry>
	</renderSet>
	<constraints/>
	<boundingBox>
		<min>-1.100425 -0.003487 -1.884711</min>
		<max>1.063789 0.864651 1.910496</max>
	</boundingBox>
	<geometrySize>8516</geometrySize>
	<minUVDensity>0.006803</minUVDensity>
</root>
