<?xml version="1.0" encoding="utf-8"?>
<root>
	<node>
		<identifier>Scene Root</identifier>
		<transform>
			<row0>1.000000 0.000000 0.000000</row0>
			<row1>0.000000 1.000000 0.000000</row1>
			<row2>0.000000 0.000000 1.000000</row2>
			<row3>0.000000 0.000000 0.000000</row3>
		</transform>
		<node>
			<identifier>nodes_01</identifier>
			<transform>
				<row0>1.000000 0.000000 0.000000</row0>
				<row1>0.000000 1.000000 0.000000</row1>
				<row2>0.000000 0.000000 1.000000</row2>
				<row3>0.000000 0.000000 0.000000</row3>
			</transform>
			<node>
				<identifier>HP_Fire_1</identifier>
				<transform>
					<row0>1.000000 0.000000 0.000000</row0>
					<row1>0.000000 1.000000 0.000000</row1>
					<row2>0.000000 0.000000 1.000000</row2>
					<row3>0.491898 -0.499694 -0.913507</row3>
				</transform>
			</node>
			<node>
				<identifier>HP_Fire_2</identifier>
				<transform>
					<row0>1.000000 0.000000 0.000000</row0>
					<row1>0.000000 1.000000 0.000000</row1>
					<row2>0.000000 0.000000 1.000000</row2>
					<row3>-0.394228 -0.420792 1.883443</row3>
				</transform>
			</node>
			<node>
				<identifier>HP_TrackUp_LFront</identifier>
				<transform>
					<row0>1.000000 0.000000 0.000000</row0>
					<row1>0.000000 0.991157 0.132698</row1>
					<row2>0.000000 -0.132698 0.991157</row2>
					<row3>-1.103096 0.252279 3.070648</row3>
				</transform>
			</node>
			<node>
				<identifier>HP_TrackUp_LRear</identifier>
				<transform>
					<row0>-1.000000 0.000000 -0.000000</row0>
					<row1>0.000000 0.786003 -0.618223</row1>
					<row2>-0.000000 -0.618223 -0.786003</row2>
					<row3>-1.103096 -0.284413 -3.358672</row3>
				</transform>
			</node>
			<node>
				<identifier>HP_TrackUp_RFront</identifier>
				<transform>
					<row0>1.000000 0.000000 0.000000</row0>
					<row1>0.000000 0.991157 0.132698</row1>
					<row2>0.000000 -0.132698 0.991157</row2>
					<row3>1.103096 0.252279 3.070648</row3>
				</transform>
			</node>
			<node>
				<identifier>HP_TrackUp_RRear</identifier>
				<transform>
					<row0>-1.000000 0.000000 -0.000000</row0>
					<row1>0.000000 0.786003 -0.618223</row1>
					<row2>-0.000000 -0.618223 -0.786003</row2>
					<row3>1.103096 -0.284413 -3.358672</row3>
				</transform>
			</node>
			<node>
				<identifier>HP_Track_Exhaus_1</identifier>
				<transform>
					<row0>0.258823 0.000000 0.965925</row0>
					<row1>0.000000 1.000000 0.000000</row1>
					<row2>-0.965925 0.000000 0.258823</row2>
					<row3>-1.362458 -0.370326 1.145798</row3>
				</transform>
			</node>
			<node>
				<identifier>HP_turretJoint</identifier>
				<transform>
					<row0>1.000000 0.000000 0.000000</row0>
					<row1>0.000000 1.000000 0.000000</row1>
					<row2>0.000000 0.000000 1.000000</row2>
					<row3>0.002543 0.380672 0.756836</row3>
				</transform>
			</node>
		</node>
	</node>
	<renderSet>
		<treatAsWorldSpaceObject>false</treatAsWorldSpaceObject>
		<node>Scene Root</node>
		<geometry>
			<vertices>vertices</vertices>
			<primitive>indices</primitive>
			<primitiveGroup>
				0
				<material>
					<identifier>tank_hull_01</identifier>
					<fx>shaders/std_effects/PBS_tank.fx</fx>
					<collisionFlags>0</collisionFlags>
					<materialKind>0</materialKind>
					<property>
						g_useNormalPackDXT1
						<Bool>false</Bool>
					</property>
					<property>
						excludeMaskAndAOMap
						<Texture>vehicles/german/G100_Gtraktor_Krupp/Gtraktor_Krupp_hull_01_AO.dds</Texture>
					</property>
					<property>
						colorIdMap
						<Texture>vehicles/russian/common/common_ID.dds</Texture>
					</property>
					<property>
						metallicGlossMap
						<Texture>vehicles/german/G100_Gtraktor_Krupp/Gtraktor_Krupp_hull_01_GMM.dds</Texture>
					</property>
					<property>
						normalMap
						<Texture>vehicles/german/G100_Gtraktor_Krupp/Gtraktor_Krupp_hull_01_ANM.dds</Texture>
					</property>
					<property>
						diffuseMap
						<Texture>vehicles/german/G100_Gtraktor_Krupp/Gtraktor_Krupp_hull_01_AM.dds</Texture>
					</property>
					<property>
						alphaReference
						<Int>0</Int>
					</property>
					<property>
						alphaTestEnable
						<Bool>false</Bool>
					</property>
					<property>
						doubleSided
						<Bool>false</Bool>
					</property>
				</material>
				<groupOrigin>-0.005431 -0.293716 -0.161402</groupOrigin>
			</primitiveGroup>
		</geometry>
	</renderSet>
	<boundingBox>
		<min>-1.391138 -1.183589 -3.546636</min>
		<max>1.380275 0.596156 3.223833</max>
	</boundingBox>
	<geometrySize>13486</geometrySize>
	<minUVDensity>0.002411</minUVDensity>
</root>
