<?xml version="1.0" encoding="utf-8"?>
<root>
	<node>
		<identifier>Scene Root</identifier>
		<transform>
			<row0>1.000000 0.000000 0.000000</row0>
			<row1>0.000000 1.000000 0.000000</row1>
			<row2>0.000000 0.000000 1.000000</row2>
			<row3>0.000000 0.000000 0.000000</row3>
		</transform>
		<node>
			<identifier>lod0</identifier>
			<transform>
				<row0>1.000000 0.000000 0.000000</row0>
				<row1>0.000000 1.000000 0.000000</row1>
				<row2>0.000000 0.000000 1.000000</row2>
				<row3>0.000000 0.000000 0.000000</row3>
			</transform>
			<node>
				<identifier>hull</identifier>
				<transform>
					<row0>1.000000 0.000000 0.000000</row0>
					<row1>0.000000 1.000000 0.000000</row1>
					<row2>0.000000 0.000000 1.000000</row2>
					<row3>0.000000 -0.973052 0.000000</row3>
				</transform>
			</node>
		</node>
		<node>
			<identifier>nodes_01</identifier>
			<transform>
				<row0>1.000000 0.000000 0.000000</row0>
				<row1>0.000000 1.000000 0.000000</row1>
				<row2>0.000000 0.000000 1.000000</row2>
				<row3>0.000000 0.000000 0.000000</row3>
			</transform>
			<node>
				<identifier>HP_light_hull_1</identifier>
				<transform>
					<row0>1.000000 0.000000 0.000000</row0>
					<row1>0.000000 1.000000 0.000000</row1>
					<row2>0.000000 0.000000 1.000000</row2>
					<row3>0.658821 0.462000 2.259401</row3>
				</transform>
			</node>
			<node>
				<identifier>HP_Fire_1</identifier>
				<transform>
					<row0>1.000000 0.000000 0.000000</row0>
					<row1>0.000000 1.000000 0.000000</row1>
					<row2>0.000000 0.000000 1.000000</row2>
					<row3>0.003061 -0.101382 -1.524569</row3>
				</transform>
			</node>
			<node>
				<identifier>HP_Fire_2</identifier>
				<transform>
					<row0>1.000000 0.000000 0.000000</row0>
					<row1>0.000000 1.000000 0.000000</row1>
					<row2>0.000000 0.000000 1.000000</row2>
					<row3>-0.607779 -0.082601 1.304622</row3>
				</transform>
			</node>
			<node>
				<identifier>HP_TrackUp_LFront</identifier>
				<transform>
					<row0>1.000000 0.000000 0.000000</row0>
					<row1>0.000000 0.646112 0.763242</row1>
					<row2>0.000000 -0.763242 0.646112</row2>
					<row3>-1.334369 0.007877 2.819660</row3>
				</transform>
			</node>
			<node>
				<identifier>HP_TrackUp_LRear</identifier>
				<transform>
					<row0>-1.000000 0.000000 0.000000</row0>
					<row1>0.000000 0.798049 -0.602592</row1>
					<row2>-0.000000 -0.602592 -0.798049</row2>
					<row3>-1.334369 -0.035835 -2.891205</row3>
				</transform>
			</node>
			<node>
				<identifier>HP_TrackUp_RFront</identifier>
				<transform>
					<row0>1.000000 0.000000 0.000000</row0>
					<row1>0.000000 0.646112 0.763242</row1>
					<row2>0.000000 -0.763242 0.646112</row2>
					<row3>1.334369 0.007877 2.819660</row3>
				</transform>
			</node>
			<node>
				<identifier>HP_TrackUp_RRear</identifier>
				<transform>
					<row0>-1.000000 0.000000 0.000000</row0>
					<row1>0.000000 0.798049 -0.602592</row1>
					<row2>-0.000000 -0.602592 -0.798049</row2>
					<row3>1.334369 -0.035835 -2.891205</row3>
				</transform>
			</node>
			<node>
				<identifier>HP_Track_Exhaus_1</identifier>
				<transform>
					<row0>-0.022808 -0.000000 0.999740</row0>
					<row1>-0.320675 0.947161 -0.007316</row1>
					<row2>-0.946915 -0.320758 -0.021603</row2>
					<row3>-1.664201 0.305884 -1.398724</row3>
				</transform>
			</node>
			<node>
				<identifier>HP_Track_Exhaus_2</identifier>
				<transform>
					<row0>-0.022808 -0.000000 0.999740</row0>
					<row1>-0.320675 0.947161 -0.007316</row1>
					<row2>-0.946915 -0.320758 -0.021603</row2>
					<row3>-1.664201 0.305884 -1.642216</row3>
				</transform>
			</node>
			<node>
				<identifier>HP_turretJoint</identifier>
				<transform>
					<row0>1.000000 0.000000 0.000000</row0>
					<row1>0.000000 1.000000 0.000000</row1>
					<row2>0.000000 0.000000 1.000000</row2>
					<row3>0.000070 0.557518 -0.140891</row3>
				</transform>
			</node>
		</node>
	</node>
	<renderSet>
		<treatAsWorldSpaceObject>false</treatAsWorldSpaceObject>
		<node>Scene Root</node>
		<geometry>
			<vertices>vertices</vertices>
			<primitive>indices</primitive>
			<primitiveGroup>
				0
				<material>
					<identifier>tank_hull</identifier>
					<fx>shaders/std_effects/PBS_tank.fx</fx>
					<property>
						selfIllumination
						<Float>0.000000</Float>
					</property>
					<property>
						diffuseMap
						<Texture>halloween/vehicles/russian/R40_T-54_Halloween_event/T-54_Halloween_event_hull_01_AM.dds</Texture>
					</property>
					<materialKind>0</materialKind>
					<collisionFlags>0</collisionFlags>
					<property>
						excludeMaskAndAOMap
						<Texture>halloween/vehicles/russian/R40_T-54_Halloween_event/T-54_Halloween_event_hull_01_AO.dds</Texture>
					</property>
					<property>
						metallicGlossMap
						<Texture>halloween/vehicles/russian/R40_T-54_Halloween_event/T-54_Halloween_event_hull_01_GMM.dds</Texture>
					</property>
					<property>
						normalMap
						<Texture>halloween/vehicles/russian/R40_T-54_Halloween_event/T-54_Halloween_event_hull_01_ANM.dds</Texture>
					</property>
					<property>
						colorIdMap
						<Texture>vehicles/russian/common/common_ID.dds</Texture>
					</property>
					<property>
						g_dissolveEdgeColor
						<Vector4>0.345098 0.298039 1.000000 1.000000</Vector4>
					</property>
				</material>
				<groupOrigin>0.000070 -0.001962 -0.083621</groupOrigin>
			</primitiveGroup>
			<primitiveGroup>
				1
				<material>
					<identifier>tank_equipment_01</identifier>
					<property>
						selfIllumination
						<Float>0.000000</Float>
					</property>
					<property>
						diffuseMap
						<Texture>halloween/vehicles/russian/R40_T-54_Halloween_event/T-54_Halloween_event_equipment_01_AM.dds</Texture>
					</property>
					<collisionFlags>0</collisionFlags>
					<materialKind>0</materialKind>
					<fx>shaders/std_effects/PBS_tank.fx</fx>
					<property>
						excludeMaskAndAOMap
						<Texture>halloween/vehicles/russian/R40_T-54_Halloween_event/T-54_Halloween_event_equipment_01_AO.dds</Texture>
					</property>
					<property>
						metallicGlossMap
						<Texture>halloween/vehicles/russian/R40_T-54_Halloween_event/T-54_Halloween_event_equipment_01_GMM.dds</Texture>
					</property>
					<property>
						normalMap
						<Texture>halloween/vehicles/russian/R40_T-54_Halloween_event/T-54_Halloween_event_equipment_01_ANM.dds</Texture>
					</property>
					<property>
						colorIdMap
						<Texture>vehicles/russian/common/common_ID.dds</Texture>
					</property>
					<property>
						g_dissolveEdgeColor
						<Vector4>0.345098 0.298039 1.000000 1.000000</Vector4>
					</property>
				</material>
				<groupOrigin>0.004937 0.402035 -0.238013</groupOrigin>
			</primitiveGroup>
		</geometry>
	</renderSet>
	<boundingBox>
		<min>-1.771844 -0.556658 -3.241965</min>
		<max>1.781718 0.655553 2.933739</max>
	</boundingBox>
	<geometrySize>7432</geometrySize>
	<minUVDensity>0.003866</minUVDensity>
</root>
