<?xml version="1.0" encoding="utf-8"?>
<root>
	<node>
		<identifier>Scene Root</identifier>
		<transform>
			<row0>1.000000 0.000000 0.000000</row0>
			<row1>0.000000 1.000000 0.000000</row1>
			<row2>0.000000 0.000000 1.000000</row2>
			<row3>0.000000 0.000000 0.000000</row3>
		</transform>
		<node>
			<identifier>nodes_01</identifier>
			<transform>
				<row0>1.000000 0.000000 0.000000</row0>
				<row1>0.000000 1.000000 0.000000</row1>
				<row2>0.000000 0.000000 1.000000</row2>
				<row3>0.000000 0.000000 0.000000</row3>
			</transform>
			<node>
				<identifier>HP_Fire_1</identifier>
				<transform>
					<row0>1.000000 0.000000 0.000000</row0>
					<row1>0.000000 1.000000 0.000000</row1>
					<row2>0.000000 0.000000 1.000000</row2>
					<row3>0.000000 -0.588719 -5.487164</row3>
				</transform>
			</node>
			<node>
				<identifier>HP_Fire_2</identifier>
				<transform>
					<row0>1.000000 0.000000 0.000000</row0>
					<row1>0.000000 1.000000 0.000000</row1>
					<row2>0.000000 0.000000 1.000000</row2>
					<row3>-0.834305 -0.588719 5.232053</row3>
				</transform>
			</node>
			<node>
				<identifier>HP_TrackUp_LFront</identifier>
				<transform>
					<row0>1.000000 0.000000 0.000000</row0>
					<row1>0.000000 0.275347 0.961345</row1>
					<row2>0.000000 -0.961345 0.275347</row2>
					<row3>-4.038610 -1.529480 9.171721</row3>
				</transform>
			</node>
			<node>
				<identifier>HP_TrackUp_LRear</identifier>
				<transform>
					<row0>-1.000000 0.000000 0.000000</row0>
					<row1>0.000000 0.107971 -0.994154</row1>
					<row2>-0.000000 -0.994154 -0.107971</row2>
					<row3>-4.038610 -1.280805 -7.235567</row3>
				</transform>
			</node>
			<node>
				<identifier>HP_TrackUp_RFront</identifier>
				<transform>
					<row0>1.000000 0.000000 0.000000</row0>
					<row1>0.000000 0.275347 0.961345</row1>
					<row2>0.000000 -0.961345 0.275347</row2>
					<row3>4.038610 -1.529480 9.171721</row3>
				</transform>
			</node>
			<node>
				<identifier>HP_TrackUp_RRear</identifier>
				<transform>
					<row0>-1.000000 0.000000 0.000000</row0>
					<row1>0.000000 0.107971 -0.994154</row1>
					<row2>-0.000000 -0.994154 -0.107971</row2>
					<row3>4.038610 -1.280804 -7.235567</row3>
				</transform>
			</node>
			<node>
				<identifier>HP_Track_Exhaus_1</identifier>
				<transform>
					<row0>0.033236 0.999434 0.005179</row0>
					<row1>0.899819 -0.032178 0.435074</row1>
					<row2>0.434995 -0.009800 -0.900380</row2>
					<row3>3.647514 0.963004 -8.339686</row3>
				</transform>
			</node>
			<node>
				<identifier>HP_Track_Exhaus_2</identifier>
				<transform>
					<row0>0.033236 0.999434 0.005179</row0>
					<row1>0.876217 -0.031630 0.480878</row1>
					<row2>0.480769 -0.011445 -0.876772</row2>
					<row3>4.048762 0.444700 -8.049568</row3>
				</transform>
			</node>
			<node>
				<identifier>HP_Track_Exhaus_3</identifier>
				<transform>
					<row0>0.006523 0.999886 -0.013626</row0>
					<row1>0.890205 -0.012013 -0.455402</row1>
					<row2>-0.455513 -0.009160 -0.890182</row2>
					<row3>-3.642409 0.963004 -8.332469</row3>
				</transform>
			</node>
			<node>
				<identifier>HP_Track_Exhaus_4</identifier>
				<transform>
					<row0>0.033236 0.999434 0.005179</row0>
					<row1>0.880754 -0.026839 -0.472812</row1>
					<row2>-0.472406 0.020275 -0.881148</row2>
					<row3>-4.047071 0.444700 -8.060917</row3>
				</transform>
			</node>
			<node>
				<identifier>HP_turretJoint</identifier>
				<transform>
					<row0>1.000000 0.000000 0.000000</row0>
					<row1>0.000000 1.000000 0.000000</row1>
					<row2>0.000000 0.000000 1.000000</row2>
					<row3>0.000002 1.251734 0.798828</row3>
				</transform>
			</node>
		</node>
		<node>
			<node>
				<identifier>HP_wp_01</identifier>
				<transform>
					<row0>0.999999 0.000000 0.000000</row0>
					<row1>-0.000000 0.999999 0.000000</row1>
					<row2>0.000000 0.000000 0.999999</row2>
					<row3>6.076620 -1.003440 -2.461545</row3>
				</transform>
			</node>
			<node>
				<identifier>HP_wp_02</identifier>
				<transform>
					<row0>0.999999 0.000000 0.000000</row0>
					<row1>-0.000000 0.999999 -0.000000</row1>
					<row2>0.000000 0.000000 0.999999</row2>
					<row3>6.140860 -1.038463 4.491432</row3>
				</transform>
			</node>
			<node>
				<identifier>HP_wp_08</identifier>
				<transform>
					<row0>-0.999999 0.000000 -0.000000</row0>
					<row1>0.000000 0.999998 0.000000</row1>
					<row2>0.000000 0.000000 -0.999998</row2>
					<row3>-6.141000 -1.038460 4.491430</row3>
				</transform>
			</node>
			<node>
				<identifier>HP_wp_09</identifier>
				<transform>
					<row0>-0.999998 0.000000 -0.000000</row0>
					<row1>0.000000 0.999999 0.000000</row1>
					<row2>0.000000 0.000000 -0.999998</row2>
					<row3>-6.077001 -1.003440 -2.461549</row3>
				</transform>
			</node>
			<node>
				<identifier>HP_wp_12</identifier>
				<transform>
					<row0>0.000000 0.743144 0.669129</row0>
					<row1>0.000000 0.669129 -0.743143</row1>
					<row2>-0.999997 -0.000000 0.000000</row2>
					<row3>-0.010079 0.057307 6.744062</row3>
				</transform>
			</node>
			<node>
				<identifier>HP_light5</identifier>
				<transform>
					<row0>0.000000 0.000000 1.000000</row0>
					<row1>0.000000 1.000000 0.000000</row1>
					<row2>-0.999999 0.000000 0.000000</row2>
					<row3>1.929673 0.579898 6.469681</row3>
				</transform>
			</node>
		</node>
	</node>
	<renderSet>
		<treatAsWorldSpaceObject>false</treatAsWorldSpaceObject>
		<node>Scene Root</node>
		<geometry>
			<vertices>vertices</vertices>
			<primitive>indices</primitive>
			<primitiveGroup>
				0
				<material>
					<identifier>tank_hull_01</identifier>
					<property>
						selfIllumination
						<Float>0.000000</Float>
					</property>
					<collisionFlags>0</collisionFlags>
					<materialKind>0</materialKind>
					<fx>shaders/std_effects/PBS_tank.fx</fx>
					<property>
						metallicGlossMap
						<Texture>halloween/vehicles/russian/R205_Rozanov_Boss_HW23/Rozanov_Boss_HW23_hull_01_GMM.dds</Texture>
					</property>
					<property>
						normalMap
						<Texture>halloween/vehicles/russian/R205_Rozanov_Boss_HW23/Rozanov_Boss_HW23_hull_01_ANM.dds</Texture>
					</property>
					<property>
						diffuseMap
						<Texture>halloween/vehicles/russian/R205_Rozanov_Boss_HW23/Rozanov_Boss_HW23_hull_01_AM.dds</Texture>
					</property>
					<property>
						excludeMaskAndAOMap
						<Texture>halloween/vehicles/russian/R205_Rozanov_Boss_HW23/Rozanov_Boss_HW23_hull_01_AO.dds</Texture>
					</property>
				</material>
				<groupOrigin>0.031879 -0.592743 1.013938</groupOrigin>
			</primitiveGroup>
			<primitiveGroup>
				1
				<material>
					<identifier>tank_equipment</identifier>
					<property>
						selfIllumination
						<Float>0.000000</Float>
					</property>
					<property>
						diffuseMap
						<Texture>halloween/vehicles/russian/R205_Rozanov_Boss_HW23/Rozanov_Boss_HW23_hull_01_2_AM.dds</Texture>
					</property>
					<collisionFlags>0</collisionFlags>
					<materialKind>0</materialKind>
					<fx>shaders/std_effects/PBS_tank.fx</fx>
					<property>
						colorIdMap
						<Texture>vehicles/russian/common/common_ID.dds</Texture>
					</property>
					<property>
						excludeMaskAndAOMap
						<Texture>halloween/vehicles/russian/R205_Rozanov_Boss_HW23/Rozanov_Boss_HW23_hull_01_2_AO.dds</Texture>
					</property>
					<property>
						g_detailUVTiling
						<Vector4>0.876712 0.876712 0.000000 0.000000</Vector4>
					</property>
					<property>
						metallicDetailMap
						<Texture>vehicles/russian/Tank_detail/Details_map.dds</Texture>
					</property>
					<property>
						metallicGlossMap
						<Texture>halloween/vehicles/russian/R205_Rozanov_Boss_HW23/Rozanov_Boss_HW23_hull_01_2_GMM.dds</Texture>
					</property>
					<property>
						normalMap
						<Texture>halloween/vehicles/russian/R205_Rozanov_Boss_HW23/Rozanov_Boss_HW23_hull_01_2_ANM.dds</Texture>
					</property>
				</material>
				<groupOrigin>0.024232 0.032246 1.408609</groupOrigin>
			</primitiveGroup>
			<primitiveGroup>
				2
				<material>
					<identifier>tank_chassis_01</identifier>
					<property>
						selfIllumination
						<Float>0.000000</Float>
					</property>
					<property>
						diffuseMap
						<Texture>halloween/vehicles/russian/R205_Rozanov_Boss_HW23/Rozanov_Boss_HW23_chassis_01_AM.dds</Texture>
					</property>
					<collisionFlags>0</collisionFlags>
					<materialKind>0</materialKind>
					<fx>shaders/std_effects/PBS_tank.fx</fx>
					<property>
						colorIdMap
						<Texture>vehicles/russian/common/common_ID.dds</Texture>
					</property>
					<property>
						excludeMaskAndAOMap
						<Texture>halloween/vehicles/russian/R205_Rozanov_Boss_HW23/Rozanov_Boss_HW23_chassis_01_AO.dds</Texture>
					</property>
					<property>
						metallicGlossMap
						<Texture>halloween/vehicles/russian/R205_Rozanov_Boss_HW23/Rozanov_Boss_HW23_chassis_01_GMM.dds</Texture>
					</property>
					<property>
						normalMap
						<Texture>halloween/vehicles/russian/R205_Rozanov_Boss_HW23/Rozanov_Boss_HW23_chassis_01_ANM.dds</Texture>
					</property>
					<property>
						metallicDetailMap
						<Texture>vehicles/russian/Tank_detail/Details_map.dds</Texture>
					</property>
				</material>
				<groupOrigin>0.000000 -0.938223 9.939678</groupOrigin>
			</primitiveGroup>
		</geometry>
	</renderSet>
	<boundingBox>
		<min>-6.608650 -2.741901 -9.207132</min>
		<max>6.672408 1.556415 12.126521</max>
	</boundingBox>
	<geometrySize>679798</geometrySize>
	<minUVDensity>0.000192</minUVDensity>
</root>
