<?xml version="1.0" encoding="utf-8"?>
<root>
	<node>
		<identifier>Scene Root</identifier>
		<transform>
			<row0>1.000000 0.000000 0.000000</row0>
			<row1>0.000000 1.000000 0.000000</row1>
			<row2>0.000000 0.000000 1.000000</row2>
			<row3>0.000000 0.000000 0.000000</row3>
		</transform>
		<node>
			<identifier>nodes_01</identifier>
			<transform>
				<row0>1.000000 0.000000 0.000000</row0>
				<row1>0.000000 1.000000 0.000000</row1>
				<row2>0.000000 0.000000 1.000000</row2>
				<row3>0.000000 0.000000 0.000000</row3>
			</transform>
			<node>
				<identifier>HP_Fire_1</identifier>
				<transform>
					<row0>1.000000 0.000000 0.000000</row0>
					<row1>0.000000 1.000000 0.000000</row1>
					<row2>0.000000 0.000000 1.000000</row2>
					<row3>0.000000 0.235951 -1.500000</row3>
				</transform>
			</node>
			<node>
				<identifier>HP_Fire_2</identifier>
				<transform>
					<row0>1.000000 0.000000 0.000000</row0>
					<row1>0.000000 1.000000 0.000000</row1>
					<row2>0.000000 0.000000 1.000000</row2>
					<row3>0.000000 0.235951 1.500000</row3>
				</transform>
			</node>
			<node>
				<identifier>HP_TrackUp_LFront</identifier>
				<transform>
					<row0>1.000000 0.000000 0.000000</row0>
					<row1>0.000000 0.730073 0.683369</row1>
					<row2>0.000000 -0.683369 0.730073</row2>
					<row3>-1.510974 0.112419 2.982851</row3>
				</transform>
			</node>
			<node>
				<identifier>HP_TrackUp_LRear</identifier>
				<transform>
					<row0>-1.000000 0.000000 0.000000</row0>
					<row1>0.000000 0.364636 -0.931150</row1>
					<row2>-0.000000 -0.931150 -0.364636</row2>
					<row3>-1.510974 0.012375 -3.004699</row3>
				</transform>
			</node>
			<node>
				<identifier>HP_TrackUp_RFront</identifier>
				<transform>
					<row0>1.000000 0.000000 0.000000</row0>
					<row1>0.000000 0.730073 0.683369</row1>
					<row2>0.000000 -0.683369 0.730073</row2>
					<row3>1.510974 0.112419 2.982851</row3>
				</transform>
			</node>
			<node>
				<identifier>HP_TrackUp_RRear</identifier>
				<transform>
					<row0>-1.000000 0.000000 0.000000</row0>
					<row1>0.000000 0.364636 -0.931150</row1>
					<row2>-0.000000 -0.931150 -0.364636</row2>
					<row3>1.510974 0.012384 -3.004699</row3>
				</transform>
			</node>
			<node>
				<identifier>HP_Track_Exhaus_1</identifier>
				<transform>
					<row0>0.012623 0.807512 -0.589716</row0>
					<row1>0.999855 -0.003466 0.016656</row1>
					<row2>0.011406 -0.589841 -0.807439</row2>
					<row3>-0.000000 0.386629 -3.178242</row3>
				</transform>
			</node>
			<node>
				<identifier>HP_turretJoint</identifier>
				<transform>
					<row0>1.000000 0.000000 0.000000</row0>
					<row1>0.000000 1.000000 0.000000</row1>
					<row2>0.000000 0.000000 1.000000</row2>
					<row3>0.000000 0.425000 0.367230</row3>
				</transform>
			</node>
		</node>
	</node>
	<renderSet>
		<treatAsWorldSpaceObject>false</treatAsWorldSpaceObject>
		<node>Scene Root</node>
		<geometry>
			<vertices>vertices</vertices>
			<primitive>indices</primitive>
			<primitiveGroup>
				0
				<material>
					<identifier>tank_proxy</identifier>
					<property>
						selfIllumination
						<Float>0.000000</Float>
					</property>
					<collisionFlags>0</collisionFlags>
					<materialKind>0</materialKind>
					<fx>shaders/std_effects/PBS_tank.fx</fx>
					<property>
						metallicGlossMap
						<Texture>vehicles/american/A83_T110E4/_skins/A83_T110E4_Dl_22_3Dst/T110E4_Dl_22_3Dst_proxy_GMM.dds</Texture>
					</property>
					<property>
						normalMap
						<Texture>vehicles/american/A83_T110E4/_skins/A83_T110E4_Dl_22_3Dst/T110E4_Dl_22_3Dst_proxy_ANM.dds</Texture>
					</property>
					<property>
						diffuseMap
						<Texture>vehicles/american/A83_T110E4/_skins/A83_T110E4_Dl_22_3Dst/T110E4_Dl_22_3Dst_proxy_AM.dds</Texture>
					</property>
					<property>
						excludeMaskAndAOMap
						<Texture>vehicles/american/A83_T110E4/_skins/A83_T110E4_Dl_22_3Dst/T110E4_Dl_22_3Dst_proxy_AO.dds</Texture>
					</property>
				</material>
				<groupOrigin>0.003157 0.120152 0.046233</groupOrigin>
			</primitiveGroup>
		</geometry>
	</renderSet>
	<boundingBox>
		<min>-1.998521 -0.717596 -3.226887</min>
		<max>2.004836 0.957900 3.319352</max>
	</boundingBox>
	<geometrySize>7576</geometrySize>
	<minUVDensity>0.001108</minUVDensity>
</root>
