<?xml version="1.0" encoding="utf-8"?>
<root>
	<node>
		<identifier>Scene Root</identifier>
		<transform>
			<row0>1.000000 0.000000 0.000000</row0>
			<row1>0.000000 1.000000 0.000000</row1>
			<row2>0.000000 0.000000 1.000000</row2>
			<row3>0.000000 0.000000 0.000000</row3>
		</transform>
		<node>
			<identifier>nodes_01</identifier>
			<transform>
				<row0>1.000000 0.000000 0.000000</row0>
				<row1>0.000000 1.000000 0.000000</row1>
				<row2>0.000000 0.000000 1.000000</row2>
				<row3>0.000000 0.000000 0.000000</row3>
			</transform>
			<node>
				<identifier>HP_Fire_1</identifier>
				<transform>
					<row0>1.000000 0.000000 0.000000</row0>
					<row1>0.000000 1.000000 0.000000</row1>
					<row2>0.000000 0.000000 1.000000</row2>
					<row3>0.000000 0.063289 -1.796929</row3>
				</transform>
			</node>
			<node>
				<identifier>HP_Fire_2</identifier>
				<transform>
					<row0>1.000000 0.000000 0.000000</row0>
					<row1>0.000000 1.000000 0.000000</row1>
					<row2>0.000000 0.000000 1.000000</row2>
					<row3>-0.571492 0.063289 1.189861</row3>
				</transform>
			</node>
			<node>
				<identifier>HP_TrackUp_LFront</identifier>
				<transform>
					<row0>1.000000 0.000000 0.000000</row0>
					<row1>0.000000 0.569165 0.822223</row1>
					<row2>0.000000 -0.822223 0.569165</row2>
					<row3>-1.225927 0.011900 2.635347</row3>
				</transform>
			</node>
			<node>
				<identifier>HP_TrackUp_LRear</identifier>
				<transform>
					<row0>-1.000000 0.000000 0.000000</row0>
					<row1>0.000000 0.990268 -0.139173</row1>
					<row2>-0.000000 -0.139173 -0.990268</row2>
					<row3>-1.225927 -0.037075 -2.611236</row3>
				</transform>
			</node>
			<node>
				<identifier>HP_TrackUp_RFront</identifier>
				<transform>
					<row0>1.000000 0.000000 0.000000</row0>
					<row1>0.000000 0.569165 0.822223</row1>
					<row2>0.000000 -0.822223 0.569165</row2>
					<row3>1.225927 0.011900 2.635347</row3>
				</transform>
			</node>
			<node>
				<identifier>HP_TrackUp_RRear</identifier>
				<transform>
					<row0>-1.000000 0.000000 0.000000</row0>
					<row1>0.000000 0.990268 -0.139173</row1>
					<row2>-0.000000 -0.139173 -0.990268</row2>
					<row3>1.225927 -0.037074 -2.611236</row3>
				</transform>
			</node>
			<node>
				<identifier>HP_Track_Exhaus_1</identifier>
				<transform>
					<row0>0.909700 0.377725 -0.172542</row0>
					<row1>0.032692 -0.479348 -0.877016</row1>
					<row2>-0.413978 0.792181 -0.448411</row2>
					<row3>0.045060 0.312450 -2.802070</row3>
				</transform>
			</node>
			<node>
				<identifier>HP_turretJoint</identifier>
				<transform>
					<row0>1.000000 0.000000 0.000000</row0>
					<row1>0.000000 1.000000 0.000000</row1>
					<row2>0.000000 0.000000 1.000000</row2>
					<row3>-0.017093 0.735952 -0.263046</row3>
				</transform>
			</node>
		</node>
	</node>
	<renderSet>
		<treatAsWorldSpaceObject>false</treatAsWorldSpaceObject>
		<node>Scene Root</node>
		<geometry>
			<vertices>vertices</vertices>
			<primitive>indices</primitive>
			<primitiveGroup>
				0
				<material>
					<identifier>tank_hull_01</identifier>
					<property>
						selfIllumination
						<Float>0.000000</Float>
					</property>
					<collisionFlags>0</collisionFlags>
					<materialKind>0</materialKind>
					<fx>shaders/std_effects/PBS_tank.fx</fx>
					<property>
						metallicGlossMap
						<Texture>vehicles/german/G170_PzKpfwIV_Ausf_F2/PzKpfwIV_Ausf_F2_hull_01_GMM.dds</Texture>
					</property>
					<property>
						normalMap
						<Texture>vehicles/german/G170_PzKpfwIV_Ausf_F2/PzKpfwIV_Ausf_F2_hull_01_ANM.dds</Texture>
					</property>
					<property>
						diffuseMap
						<Texture>vehicles/german/G170_PzKpfwIV_Ausf_F2/PzKpfwIV_Ausf_F2_hull_01_AM.dds</Texture>
					</property>
					<property>
						excludeMaskAndAOMap
						<Texture>vehicles/german/G170_PzKpfwIV_Ausf_F2/PzKpfwIV_Ausf_F2_hull_01_AO.dds</Texture>
					</property>
					<property>
						colorIdMap
						<Texture>vehicles/russian/common/common_ID.dds</Texture>
					</property>
					<property>
						g_useDetailMetallic
						<Bool>true</Bool>
					</property>
					<property>
						metallicDetailMap
						<Texture>vehicles/russian/Tank_detail/Details_map.dds</Texture>
					</property>
					<property>
						g_detailUVTiling
						<Vector4>7.013699 7.013699 0.000000 0.000000</Vector4>
					</property>
				</material>
				<groupOrigin>0.058361 0.063289 -0.110813</groupOrigin>
			</primitiveGroup>
			<primitiveGroup>
				1
				<material>
					<identifier>tank_equipment</identifier>
					<property>
						alphaReference
						<Int>64</Int>
					</property>
					<property>
						alphaTestEnable
						<Bool>true</Bool>
					</property>
					<property>
						selfIllumination
						<Float>0.000000</Float>
					</property>
					<property>
						diffuseMap
						<Texture>vehicles/german/G170_PzKpfwIV_Ausf_F2/PzKpfwIV_Ausf_F2_equipment_01_AM.dds</Texture>
					</property>
					<collisionFlags>0</collisionFlags>
					<materialKind>0</materialKind>
					<fx>shaders/std_effects/PBS_tank.fx</fx>
					<property>
						excludeMaskAndAOMap
						<Texture>vehicles/german/G170_PzKpfwIV_Ausf_F2/PzKpfwIV_Ausf_F2_equipment_01_AO.dds</Texture>
					</property>
					<property>
						metallicGlossMap
						<Texture>vehicles/german/G170_PzKpfwIV_Ausf_F2/PzKpfwIV_Ausf_F2_equipment_01_GMM.dds</Texture>
					</property>
					<property>
						normalMap
						<Texture>vehicles/german/G170_PzKpfwIV_Ausf_F2/PzKpfwIV_Ausf_F2_equipment_01_ANM.dds</Texture>
					</property>
					<property>
						g_useDetailMetallic
						<Bool>true</Bool>
					</property>
					<property>
						metallicDetailMap
						<Texture>vehicles/russian/Tank_detail/Details_map.dds</Texture>
					</property>
					<property>
						g_detailUVTiling
						<Vector4>1.750000 0.875000 0.000000 0.000000</Vector4>
					</property>
				</material>
				<groupOrigin>0.143024 0.034198 2.274443</groupOrigin>
			</primitiveGroup>
		</geometry>
	</renderSet>
	<boundingBox>
		<min>-1.465438 -0.682442 -3.065687</min>
		<max>1.582160 0.809020 2.951380</max>
	</boundingBox>
	<geometrySize>421780</geometrySize>
	<minUVDensity>0.002384</minUVDensity>
</root>
