<?xml version="1.0" encoding="utf-8"?>
<root>
	<node>
		<identifier>Scene Root</identifier>
		<transform>
			<row0>1.000000 0.000000 0.000000</row0>
			<row1>0.000000 1.000000 0.000000</row1>
			<row2>0.000000 0.000000 1.000000</row2>
			<row3>0.000000 0.000000 0.000000</row3>
		</transform>
		<node>
			<identifier>HP_Fire_1</identifier>
			<transform>
				<row0>1.000000 0.000000 0.000000</row0>
				<row1>0.000000 1.000000 0.000000</row1>
				<row2>0.000000 0.000000 1.000000</row2>
				<row3>0.000000 0.132142 -2.134043</row3>
			</transform>
		</node>
		<node>
			<identifier>HP_Fire_2</identifier>
			<transform>
				<row0>1.000000 0.000000 0.000000</row0>
				<row1>0.000000 1.000000 0.000000</row1>
				<row2>0.000000 0.000000 1.000000</row2>
				<row3>0.000000 0.117207 2.223849</row3>
			</transform>
		</node>
		<node>
			<identifier>HP_TrackUp_LFront</identifier>
			<transform>
				<row0>1.000000 0.000000 0.000000</row0>
				<row1>0.000000 0.583907 0.811821</row1>
				<row2>0.000000 -0.811821 0.583907</row2>
				<row3>-1.244318 -0.116717 3.186328</row3>
			</transform>
		</node>
		<node>
			<identifier>HP_TrackUp_LRear</identifier>
			<transform>
				<row0>-1.000000 0.000000 -0.000000</row0>
				<row1>0.000000 0.701598 -0.712573</row1>
				<row2>-0.000000 -0.712573 -0.701598</row2>
				<row3>-1.244318 -0.155584 -3.284067</row3>
			</transform>
		</node>
		<node>
			<identifier>HP_TrackUp_RFront</identifier>
			<transform>
				<row0>1.000000 0.000000 0.000000</row0>
				<row1>0.000000 0.583907 0.811821</row1>
				<row2>0.000000 -0.811821 0.583907</row2>
				<row3>1.244318 -0.116717 3.186328</row3>
			</transform>
		</node>
		<node>
			<identifier>HP_TrackUp_RRear</identifier>
			<transform>
				<row0>-1.000000 0.000000 -0.000000</row0>
				<row1>0.000000 0.701598 -0.712573</row1>
				<row2>-0.000000 -0.712573 -0.701598</row2>
				<row3>1.244318 -0.155584 -3.284067</row3>
			</transform>
		</node>
		<node>
			<identifier>HP_Track_Exhaus_1</identifier>
			<transform>
				<row0>0.000000 1.000000 0.000000</row0>
				<row1>0.798635 -0.000000 0.601815</row1>
				<row2>0.601815 -0.000000 -0.798635</row2>
				<row3>1.178297 0.606822 -2.358298</row3>
			</transform>
		</node>
		<node>
			<identifier>HP_Track_Exhaus_2</identifier>
			<transform>
				<row0>0.000000 1.000000 0.000000</row0>
				<row1>0.798635 -0.000000 -0.601815</row1>
				<row2>-0.601815 0.000000 -0.798635</row2>
				<row3>-1.178297 0.606822 -2.358298</row3>
			</transform>
		</node>
		<node>
			<identifier>HP_turretJoint</identifier>
			<transform>
				<row0>1.000000 0.000000 0.000000</row0>
				<row1>0.000000 1.000000 0.000000</row1>
				<row2>0.000000 0.000000 1.000000</row2>
				<row3>0.000389 0.595950 0.630888</row3>
			</transform>
		</node>
	</node>
	<renderSet>
		<treatAsWorldSpaceObject>false</treatAsWorldSpaceObject>
		<node>Scene Root</node>
		<geometry>
			<vertices>vertices</vertices>
			<primitive>indices</primitive>
			<primitiveGroup>
				0
				<material>
					<identifier>tank_hull_01</identifier>
					<property>
						selfIllumination
						<Float>0.000000</Float>
					</property>
					<collisionFlags>0</collisionFlags>
					<materialKind>0</materialKind>
					<fx>shaders/std_effects/PBS_tank.fx</fx>
					<property>
						metallicGlossMap
						<Texture>vehicles/russian/R115_IS-3_auto/_skins/R115_IS-3_auto_OCN_3DSt/IS-3_auto_OCN_3DSt_hull_01_GMM.dds</Texture>
					</property>
					<property>
						normalMap
						<Texture>vehicles/russian/R115_IS-3_auto/_skins/R115_IS-3_auto_OCN_3DSt/IS-3_auto_OCN_3DSt_hull_01_ANM.dds</Texture>
					</property>
					<property>
						diffuseMap
						<Texture>vehicles/russian/R115_IS-3_auto/_skins/R115_IS-3_auto_OCN_3DSt/IS-3_auto_OCN_3DSt_hull_01_AM.dds</Texture>
					</property>
					<property>
						excludeMaskAndAOMap
						<Texture>vehicles/russian/R115_IS-3_auto/_skins/R115_IS-3_auto_OCN_3DSt/IS-3_auto_OCN_3DSt_hull_01_AO.dds</Texture>
					</property>
					<property>
						g_useDetailMetallic
						<Bool>true</Bool>
					</property>
					<property>
						metallicDetailMap
						<Texture>vehicles/russian/Tank_detail/Details_map.dds</Texture>
					</property>
					<property>
						g_detailUVTiling
						<Vector4>7.013699 7.013699 0.000000 0.000000</Vector4>
					</property>
				</material>
				<groupOrigin>0.000000 0.083501 -0.091474</groupOrigin>
			</primitiveGroup>
			<primitiveGroup>
				1
				<material>
					<identifier>tank_equipment_01</identifier>
					<property>
						selfIllumination
						<Float>0.000000</Float>
					</property>
					<property>
						diffuseMap
						<Texture>vehicles/russian/R115_IS-3_auto/_skins/R115_IS-3_auto_OCN_3DSt/IS-3_auto_OCN_3DSt_equipment_01_AM.dds</Texture>
					</property>
					<collisionFlags>0</collisionFlags>
					<materialKind>0</materialKind>
					<fx>shaders/std_effects/PBS_tank.fx</fx>
					<property>
						excludeMaskAndAOMap
						<Texture>vehicles/russian/R115_IS-3_auto/_skins/R115_IS-3_auto_OCN_3DSt/IS-3_auto_OCN_3DSt_equipment_01_AO.dds</Texture>
					</property>
					<property>
						metallicGlossMap
						<Texture>vehicles/russian/R115_IS-3_auto/_skins/R115_IS-3_auto_OCN_3DSt/IS-3_auto_OCN_3DSt_equipment_01_GMM.dds</Texture>
					</property>
					<property>
						normalMap
						<Texture>vehicles/russian/R115_IS-3_auto/_skins/R115_IS-3_auto_OCN_3DSt/IS-3_auto_OCN_3DSt_equipment_01_ANM.dds</Texture>
					</property>
					<property>
						metallicDetailMap
						<Texture>vehicles/russian/Tank_detail/Details_map.dds</Texture>
					</property>
					<property>
						g_detailUVTiling
						<Vector4>7.013700 3.506850 0.000000 0.000000</Vector4>
					</property>
					<property>
						g_useDetailMetallic
						<Bool>true</Bool>
					</property>
				</material>
				<groupOrigin>-0.001983 0.269141 0.017513</groupOrigin>
			</primitiveGroup>
		</geometry>
	</renderSet>
	<boundingBox>
		<min>-1.620100 -0.616144 -3.592028</min>
		<max>1.616134 0.783145 3.409079</max>
	</boundingBox>
	<geometrySize>1435610</geometrySize>
	<minUVDensity>0.002249</minUVDensity>
</root>
