<?xml version="1.0" encoding="utf-8"?>
<root>
	<node>
		<identifier>Scene Root</identifier>
		<transform>
			<row0>1.000000 0.000000 0.000000</row0>
			<row1>0.000000 1.000000 0.000000</row1>
			<row2>0.000000 0.000000 1.000000</row2>
			<row3>0.000000 0.000000 0.000000</row3>
		</transform>
		<node>
			<identifier>carousel_07_root_jnt</identifier>
			<transform>
				<row0>1.000000 0.000000 0.000000</row0>
				<row1>0.000000 1.000000 0.000000</row1>
				<row2>0.000000 0.000000 1.000000</row2>
				<row3>0.000000 0.000000 0.000000</row3>
			</transform>
			<node>
				<identifier>carousel_07_base_jnt</identifier>
				<transform>
					<row0>1.000000 0.000000 0.000000</row0>
					<row1>0.000000 1.000000 0.000000</row1>
					<row2>0.000000 0.000000 1.000000</row2>
					<row3>0.000000 2.231242 0.000000</row3>
				</transform>
				<node>
					<identifier>carousel_07_seat_01_jnt</identifier>
					<transform>
						<row0>0.994993 -0.000000 0.099946</row0>
						<row1>0.000000 1.000000 0.000000</row1>
						<row2>-0.099946 -0.000000 0.994993</row2>
						<row3>3.305693 4.002527 0.332054</row3>
					</transform>
					<node>
						<identifier>carousel_07_seat_01s_jnt</identifier>
						<transform>
							<row0>1.000000 0.000000 0.000000</row0>
							<row1>0.000000 1.000000 -0.000000</row1>
							<row2>0.000000 0.000000 1.000000</row2>
							<row3>-0.000000 -5.241086 0.000000</row3>
						</transform>
						<node>
							<identifier>carousel_07_seat_01s_jnt_BlendBone</identifier>
							<transform>
								<row0>0.994993 0.000000 -0.099946</row0>
								<row1>-0.000000 1.000000 -0.000000</row1>
								<row2>-0.099946 -0.000000 -0.994993</row2>
								<row3>-3.322329 -0.992683 0.000000</row3>
							</transform>
						</node>
					</node>
					<node>
						<identifier>carousel_07_seat_01_jnt_BlendBone</identifier>
						<transform>
							<row0>0.994993 0.000000 -0.099946</row0>
							<row1>-0.000000 1.000000 -0.000000</row1>
							<row2>-0.099946 -0.000000 -0.994993</row2>
							<row3>-3.322329 -6.233769 0.000000</row3>
						</transform>
					</node>
				</node>
				<node>
					<identifier>carousel_07_seat_02_jnt</identifier>
					<transform>
						<row0>0.746219 -0.000000 0.665700</row0>
						<row1>0.000000 1.000000 0.000000</row1>
						<row2>-0.665700 -0.000000 0.746219</row2>
						<row3>2.479186 4.002527 2.211675</row3>
					</transform>
					<node>
						<identifier>carousel_07_seat_021s_jnt</identifier>
						<transform>
							<row0>1.000000 -0.000000 0.000000</row0>
							<row1>0.000000 1.000000 0.000000</row1>
							<row2>0.000000 -0.000000 1.000000</row2>
							<row3>0.000000 -5.241052 -0.000000</row3>
						</transform>
						<node>
							<identifier>carousel_07_seat_021s_jnt_BlendBone</identifier>
							<transform>
								<row0>0.746219 0.000000 -0.665700</row0>
								<row1>-0.000000 1.000000 -0.000000</row1>
								<row2>-0.665700 -0.000000 -0.746219</row2>
								<row3>-3.322329 -0.992717 0.000000</row3>
							</transform>
						</node>
					</node>
					<node>
						<identifier>carousel_07_seat_02_jnt_BlendBone</identifier>
						<transform>
							<row0>0.746219 0.000000 -0.665700</row0>
							<row1>-0.000000 1.000000 -0.000000</row1>
							<row2>-0.665700 -0.000000 -0.746219</row2>
							<row3>-3.322329 -6.233769 0.000000</row3>
						</transform>
					</node>
				</node>
				<node>
					<identifier>carousel_07_seat_03_jnt</identifier>
					<transform>
						<row0>0.212415 -0.000000 0.977179</row0>
						<row1>-0.000000 1.000000 0.000000</row1>
						<row2>-0.977179 -0.000000 0.212415</row2>
						<row3>0.705714 4.002527 3.246511</row3>
					</transform>
					<node>
						<identifier>carousel_07_seat_03s_jnt</identifier>
						<transform>
							<row0>1.000000 0.000000 -0.000000</row0>
							<row1>0.000000 1.000000 -0.000000</row1>
							<row2>-0.000000 -0.000001 1.000000</row2>
							<row3>0.000000 -5.241052 0.000000</row3>
						</transform>
						<node>
							<identifier>carousel_07_seat_03s_jnt_BlendBone</identifier>
							<transform>
								<row0>0.212415 -0.000000 -0.977179</row0>
								<row1>-0.000000 1.000000 -0.000000</row1>
								<row2>-0.977179 -0.000000 -0.212415</row2>
								<row3>-3.322329 -0.992717 0.000000</row3>
							</transform>
						</node>
					</node>
					<node>
						<identifier>carousel_07_seat_03_jnt_BlendBone</identifier>
						<transform>
							<row0>0.212415 -0.000000 -0.977179</row0>
							<row1>-0.000000 1.000000 -0.000000</row1>
							<row2>-0.977179 -0.000000 -0.212415</row2>
							<row3>-3.322329 -6.233769 0.000000</row3>
						</transform>
					</node>
				</node>
				<node>
					<identifier>carousel_07_seat_04_jnt</identifier>
					<transform>
						<row0>-0.402524 0.000000 0.915409</row0>
						<row1>-0.000000 1.000000 -0.000000</row1>
						<row2>-0.915409 -0.000000 -0.402524</row2>
						<row3>-1.337317 4.002527 3.041291</row3>
					</transform>
					<node>
						<identifier>carousel_07_seat_04s_jnt</identifier>
						<transform>
							<row0>1.000000 0.000000 0.000000</row0>
							<row1>-0.000000 1.000000 0.000000</row1>
							<row2>0.000000 -0.000000 1.000000</row2>
							<row3>0.000000 -5.241052 -0.000000</row3>
						</transform>
						<node>
							<identifier>carousel_07_seat_04s_jnt_BlendBone</identifier>
							<transform>
								<row0>-0.402524 -0.000000 -0.915409</row0>
								<row1>0.000000 1.000000 -0.000000</row1>
								<row2>-0.915409 0.000000 0.402524</row2>
								<row3>-3.322328 -0.992717 0.000000</row3>
							</transform>
						</node>
					</node>
					<node>
						<identifier>carousel_07_seat_04_jnt_BlendBone</identifier>
						<transform>
							<row0>-0.402524 -0.000000 -0.915409</row0>
							<row1>0.000000 1.000000 -0.000000</row1>
							<row2>-0.915409 0.000000 0.402524</row2>
							<row3>-3.322328 -6.233768 0.000000</row3>
						</transform>
					</node>
				</node>
				<node>
					<identifier>carousel_07_seat_05_jnt</identifier>
					<transform>
						<row0>-0.863713 0.000000 0.503984</row0>
						<row1>0.000000 1.000000 0.000000</row1>
						<row2>-0.503984 -0.000000 -0.863713</row2>
						<row3>-2.869538 4.002527 1.674401</row3>
					</transform>
					<node>
						<identifier>carousel_07_seat_05s_jnt</identifier>
						<transform>
							<row0>1.000000 0.000000 -0.000000</row0>
							<row1>0.000000 1.000000 -0.000000</row1>
							<row2>-0.000000 -0.000000 1.000000</row2>
							<row3>-0.000001 -5.241053 0.000000</row3>
						</transform>
						<node>
							<identifier>carousel_07_seat_05s_jnt_BlendBone</identifier>
							<transform>
								<row0>-0.863713 0.000000 -0.503984</row0>
								<row1>0.000000 1.000000 0.000000</row1>
								<row2>-0.503984 0.000000 0.863713</row2>
								<row3>-3.322328 -0.992717 0.000000</row3>
							</transform>
						</node>
					</node>
					<node>
						<identifier>carousel_07_seat_05_jnt_BlendBone</identifier>
						<transform>
							<row0>-0.863713 0.000000 -0.503984</row0>
							<row1>0.000000 1.000000 0.000000</row1>
							<row2>-0.503984 0.000000 0.863713</row2>
							<row3>-3.322328 -6.233769 0.000000</row3>
						</transform>
					</node>
				</node>
				<node>
					<identifier>carousel_07_seat_06_jnt</identifier>
					<transform>
						<row0>-0.994993 0.000000 -0.099946</row0>
						<row1>0.000000 1.000000 0.000000</row1>
						<row2>0.099946 0.000000 -0.994993</row2>
						<row3>-3.305693 4.002527 -0.332054</row3>
					</transform>
					<node>
						<identifier>carousel_07_seat_06s_jnt</identifier>
						<transform>
							<row0>1.000000 0.000000 0.000000</row0>
							<row1>0.000000 1.000000 0.000000</row1>
							<row2>0.000000 0.000000 1.000000</row2>
							<row3>-0.000000 -5.241052 0.000000</row3>
						</transform>
						<node>
							<identifier>carousel_07_seat_06s_jnt_BlendBone</identifier>
							<transform>
								<row0>-0.994993 0.000000 0.099946</row0>
								<row1>0.000000 1.000000 0.000000</row1>
								<row2>0.099946 0.000000 0.994993</row2>
								<row3>-3.322329 -0.992717 0.000000</row3>
							</transform>
						</node>
					</node>
					<node>
						<identifier>carousel_07_seat_06_jnt_BlendBone</identifier>
						<transform>
							<row0>-0.994993 0.000000 0.099946</row0>
							<row1>0.000000 1.000000 0.000000</row1>
							<row2>0.099946 0.000000 0.994993</row2>
							<row3>-3.322329 -6.233769 0.000000</row3>
						</transform>
					</node>
				</node>
				<node>
					<identifier>carousel_07_seat_07_jnt</identifier>
					<transform>
						<row0>-0.746219 0.000000 -0.665700</row0>
						<row1>0.000000 1.000000 0.000000</row1>
						<row2>0.665700 0.000000 -0.746219</row2>
						<row3>-2.479186 4.002527 -2.211675</row3>
					</transform>
					<node>
						<identifier>carousel_07_seat_07s_jnt</identifier>
						<transform>
							<row0>1.000000 0.000000 0.000000</row0>
							<row1>0.000000 1.000000 0.000000</row1>
							<row2>0.000000 0.000000 1.000000</row2>
							<row3>0.000000 -5.241052 -0.000000</row3>
						</transform>
						<node>
							<identifier>carousel_07_seat_07s_jnt_BlendBone</identifier>
							<transform>
								<row0>-0.746219 0.000000 0.665700</row0>
								<row1>0.000000 1.000000 0.000000</row1>
								<row2>0.665700 0.000000 0.746219</row2>
								<row3>-3.322329 -0.992717 0.000000</row3>
							</transform>
						</node>
					</node>
					<node>
						<identifier>carousel_07_seat_07_jnt_BlendBone</identifier>
						<transform>
							<row0>-0.746219 0.000000 0.665700</row0>
							<row1>0.000000 1.000000 0.000000</row1>
							<row2>0.665700 0.000000 0.746219</row2>
							<row3>-3.322329 -6.233769 0.000000</row3>
						</transform>
					</node>
				</node>
				<node>
					<identifier>carousel_07_seat_08_jnt</identifier>
					<transform>
						<row0>-0.212415 0.000000 -0.977179</row0>
						<row1>0.000000 1.000000 0.000000</row1>
						<row2>0.977179 0.000000 -0.212415</row2>
						<row3>-0.705714 4.002527 -3.246511</row3>
					</transform>
					<node>
						<identifier>carousel_07_seat_08s_jnt</identifier>
						<transform>
							<row0>1.000000 0.000000 -0.000000</row0>
							<row1>0.000000 1.000000 -0.000000</row1>
							<row2>-0.000000 -0.000001 1.000000</row2>
							<row3>0.000000 -5.241052 0.000000</row3>
						</transform>
						<node>
							<identifier>carousel_07_seat_08s_jnt_BlendBone</identifier>
							<transform>
								<row0>-0.212415 0.000000 0.977179</row0>
								<row1>0.000000 1.000000 0.000000</row1>
								<row2>0.977179 0.000000 0.212415</row2>
								<row3>-3.322329 -0.992717 0.000000</row3>
							</transform>
						</node>
					</node>
					<node>
						<identifier>carousel_07_seat_08_jnt_BlendBone</identifier>
						<transform>
							<row0>-0.212415 0.000000 0.977179</row0>
							<row1>0.000000 1.000000 0.000000</row1>
							<row2>0.977179 0.000000 0.212415</row2>
							<row3>-3.322329 -6.233769 0.000000</row3>
						</transform>
					</node>
				</node>
				<node>
					<identifier>carousel_07_seat_09_jnt</identifier>
					<transform>
						<row0>0.402524 0.000000 -0.915409</row0>
						<row1>0.000000 1.000000 0.000000</row1>
						<row2>0.915409 0.000000 0.402524</row2>
						<row3>1.337317 4.002527 -3.041291</row3>
					</transform>
					<node>
						<identifier>carousel_07_seat_09s_jnt</identifier>
						<transform>
							<row0>1.000000 0.000000 0.000000</row0>
							<row1>0.000000 1.000000 0.000000</row1>
							<row2>0.000000 0.000000 1.000000</row2>
							<row3>0.000000 -5.241052 -0.000000</row3>
						</transform>
						<node>
							<identifier>carousel_07_seat_09s_jnt_BlendBone</identifier>
							<transform>
								<row0>0.402524 0.000000 0.915409</row0>
								<row1>0.000000 1.000000 0.000000</row1>
								<row2>0.915409 0.000000 -0.402524</row2>
								<row3>-3.322328 -0.992717 0.000000</row3>
							</transform>
						</node>
					</node>
					<node>
						<identifier>carousel_07_seat_09_jnt_BlendBone</identifier>
						<transform>
							<row0>0.402524 0.000000 0.915409</row0>
							<row1>0.000000 1.000000 0.000000</row1>
							<row2>0.915409 0.000000 -0.402524</row2>
							<row3>-3.322328 -6.233768 0.000000</row3>
						</transform>
					</node>
				</node>
				<node>
					<identifier>carousel_07_seat_10_jnt</identifier>
					<transform>
						<row0>0.863713 0.000000 -0.503984</row0>
						<row1>0.000000 1.000000 0.000000</row1>
						<row2>0.503984 0.000000 0.863713</row2>
						<row3>2.869538 4.002527 -1.674401</row3>
					</transform>
					<node>
						<identifier>carousel_07_seat_10s_jnt</identifier>
						<transform>
							<row0>1.000000 0.000000 -0.000000</row0>
							<row1>0.000000 1.000000 -0.000000</row1>
							<row2>-0.000000 -0.000000 1.000000</row2>
							<row3>-0.000001 -5.241053 0.000000</row3>
						</transform>
						<node>
							<identifier>carousel_07_seat_10s_jnt_BlendBone</identifier>
							<transform>
								<row0>0.863713 0.000000 0.503984</row0>
								<row1>0.000000 1.000000 0.000000</row1>
								<row2>0.503984 0.000000 -0.863713</row2>
								<row3>-3.322328 -0.992717 0.000000</row3>
							</transform>
						</node>
					</node>
					<node>
						<identifier>carousel_07_seat_10_jnt_BlendBone</identifier>
						<transform>
							<row0>0.863713 0.000000 0.503984</row0>
							<row1>0.000000 1.000000 0.000000</row1>
							<row2>0.503984 0.000000 -0.863713</row2>
							<row3>-3.322328 -6.233769 0.000000</row3>
						</transform>
					</node>
				</node>
				<node>
					<identifier>carousel_07_base_jnt_BlendBone</identifier>
					<transform>
						<row0>1.000000 0.000000 0.000000</row0>
						<row1>0.000000 1.000000 0.000000</row1>
						<row2>0.000000 0.000000 -1.000000</row2>
						<row3>0.000000 -2.231242 0.000000</row3>
					</transform>
				</node>
			</node>
			<node>
				<identifier>carousel_07_root_jnt_BlendBone</identifier>
				<transform>
					<row0>1.000000 0.000000 0.000000</row0>
					<row1>0.000000 1.000000 0.000000</row1>
					<row2>0.000000 0.000000 -1.000000</row2>
					<row3>0.000000 0.000000 0.000000</row3>
				</transform>
			</node>
		</node>
	</node>
	<renderSet>
		<treatAsWorldSpaceObject>true</treatAsWorldSpaceObject>
		<node>carousel_07_root_jnt_BlendBone</node>
		<geometry>
			<vertices>sShape4.vertices</vertices>
			<primitive>sShape4.indices</primitive>
			<primitiveGroup>
				0
				<material>
					<identifier>NY22_Attraction_07_s_nd4_skinned</identifier>
					<fx>shaders/std_effects/PBS_ext_skinned.fx</fx>
					<materialKind>110</materialKind>
					<collisionFlags>255</collisionFlags>
					<property>
						diffuseMap
						<Texture>content/Hangars/h_newyear/customization/Tableful/Tent/NY19_Table_base_AM.dds</Texture>
					</property>
					<property>
						metallicGlossMap
						<Texture>content/Hangars/h_newyear/customization/Tableful/Tent/NY19_Table_base_GMM.dds</Texture>
					</property>
					<property>
						normalMap
						<Texture>content/Hangars/h_newyear/customization/Tableful/Tent/NY19_Table_base_ANM.dds</Texture>
					</property>
				</material>
				<groupOrigin>7.988995 2.675247 -4.488017</groupOrigin>
			</primitiveGroup>
		</geometry>
	</renderSet>
	<renderSet>
		<treatAsWorldSpaceObject>true</treatAsWorldSpaceObject>
		<node>carousel_07_root_jnt_BlendBone</node>
		<geometry>
			<vertices>sShape2.vertices</vertices>
			<primitive>sShape2.indices</primitive>
			<primitiveGroup>
				0
				<material>
					<identifier>NY22_Attraction_07_s_nd2_skinned</identifier>
					<fx>shaders/std_effects/PBS_ext_skinned.fx</fx>
					<materialKind>110</materialKind>
					<collisionFlags>255</collisionFlags>
					<property>
						alphaReference
						<Int>144</Int>
					</property>
					<property>
						alphaTestEnable
						<Bool>true</Bool>
					</property>
					<property>
						diffuseMap
						<Texture>content/Hangars/h_newyear/customization/Tableful/Attraction/NY22_Attraction_07_1_AM.dds</Texture>
					</property>
					<property>
						g_enableAO
						<Bool>true</Bool>
					</property>
					<property>
						metallicGlossMap
						<Texture>content/Hangars/h_newyear/customization/Tableful/Attraction/NY22_Attraction_07_1_GMM.dds</Texture>
					</property>
					<property>
						normalMap
						<Texture>content/Hangars/h_newyear/customization/Tableful/Attraction/NY22_Attraction_07_1_ANM.dds</Texture>
					</property>
					<property>
						g_enableTerrainBlending
						<Bool>true</Bool>
					</property>
				</material>
				<groupOrigin>0.226981 2.344678 0.000000</groupOrigin>
			</primitiveGroup>
		</geometry>
	</renderSet>
	<renderSet>
		<treatAsWorldSpaceObject>true</treatAsWorldSpaceObject>
		<node>carousel_07_base_jnt_BlendBone</node>
		<geometry>
			<vertices>s3Shape.vertices</vertices>
			<primitive>s3Shape.indices</primitive>
			<primitiveGroup>
				0
				<material>
					<identifier>NY22_Attraction_07_s_nd3_skinned</identifier>
					<fx>shaders/std_effects/glow_skinned.fx</fx>
					<materialKind>110</materialKind>
					<collisionFlags>255</collisionFlags>
					<property>
						alphaReference
						<Int>103</Int>
					</property>
					<property>
						alphaTestEnable
						<Bool>true</Bool>
					</property>
					<property>
						diffuseMap
						<Texture>content/Hangars/h_newyear/customization/Tableful/Attraction/NY22_Attraction_07_AM.dds</Texture>
					</property>
					<property>
						selfIllumination
						<Float>7.000000</Float>
					</property>
					<property>
						srcBlend
						<Int>3</Int>
					</property>
				</material>
				<groupOrigin>-0.000704 4.976369 -0.000004</groupOrigin>
			</primitiveGroup>
		</geometry>
	</renderSet>
	<renderSet>
		<treatAsWorldSpaceObject>true</treatAsWorldSpaceObject>
		<node>carousel_07_root_jnt_BlendBone</node>
		<node>carousel_07_base_jnt_BlendBone</node>
		<geometry>
			<vertices>s1Shape.vertices</vertices>
			<primitive>s1Shape.indices</primitive>
			<primitiveGroup>
				0
				<material>
					<identifier>NY22_Attraction_07_s_nd1_skinned</identifier>
					<fx>shaders/custom/emissive_playground_skinned.fx</fx>
					<materialKind>110</materialKind>
					<collisionFlags>255</collisionFlags>
					<property>
						doubleSided
						<Bool>true</Bool>
					</property>
					<property>
						emissionMap
						<Texture>content/Hangars/h_newyear/customization/Tableful/Attraction/NY22_Attraction_07_Garland_AM.dds</Texture>
					</property>
					<property>
						g_deferredMult
						<Float>40.000000</Float>
					</property>
					<property>
						g_offsetBlack
						<Float>0.010000</Float>
					</property>
					<property>
						phaseMap
						<Texture>content/Hangars/h_newyear/customization/Tableful/Attraction/NY22_Attraction_01_Garland_01_CM.dds</Texture>
					</property>
					<property>
						speed
						<Float>0.200000</Float>
					</property>
					<property>
						usePhaseMap
						<Bool>true</Bool>
					</property>
					<property>
						waveLen
						<Float>5.000000</Float>
					</property>
					<property>
						g_forwardMult
						<Float>5.000000</Float>
					</property>
					<property>
						g_offsetBlackFwd
						<Float>0.060000</Float>
					</property>
				</material>
				<groupOrigin>0.000000 4.715481 0.000000</groupOrigin>
			</primitiveGroup>
		</geometry>
	</renderSet>
	<renderSet>
		<treatAsWorldSpaceObject>true</treatAsWorldSpaceObject>
		<node>carousel_07_base_jnt_BlendBone</node>
		<node>carousel_07_root_jnt_BlendBone</node>
		<node>carousel_07_seat_06s_jnt_BlendBone</node>
		<node>carousel_07_seat_06_jnt_BlendBone</node>
		<node>carousel_07_seat_07s_jnt_BlendBone</node>
		<node>carousel_07_seat_07_jnt_BlendBone</node>
		<node>carousel_07_seat_08s_jnt_BlendBone</node>
		<node>carousel_07_seat_08_jnt_BlendBone</node>
		<node>carousel_07_seat_09s_jnt_BlendBone</node>
		<node>carousel_07_seat_09_jnt_BlendBone</node>
		<node>carousel_07_seat_10s_jnt_BlendBone</node>
		<node>carousel_07_seat_10_jnt_BlendBone</node>
		<node>carousel_07_seat_01s_jnt_BlendBone</node>
		<node>carousel_07_seat_01_jnt_BlendBone</node>
		<node>carousel_07_seat_021s_jnt_BlendBone</node>
		<node>carousel_07_seat_02_jnt_BlendBone</node>
		<node>carousel_07_seat_03s_jnt_BlendBone</node>
		<node>carousel_07_seat_03_jnt_BlendBone</node>
		<node>carousel_07_seat_04s_jnt_BlendBone</node>
		<node>carousel_07_seat_04_jnt_BlendBone</node>
		<node>carousel_07_seat_05s_jnt_BlendBone</node>
		<node>carousel_07_seat_05_jnt_BlendBone</node>
		<geometry>
			<vertices>s0Shape.vertices</vertices>
			<primitive>s0Shape.indices</primitive>
			<primitiveGroup>
				0
				<material>
					<identifier>NY22_Attraction_07_s_nd0_skinned</identifier>
					<fx>shaders/std_effects/PBS_ext_skinned.fx</fx>
					<materialKind>110</materialKind>
					<collisionFlags>255</collisionFlags>
					<property>
						alphaReference
						<Int>109</Int>
					</property>
					<property>
						alphaTestEnable
						<Bool>true</Bool>
					</property>
					<property>
						diffuseMap
						<Texture>content/Hangars/h_newyear/customization/Tableful/Attraction/NY22_Attraction_07_AM.dds</Texture>
					</property>
					<property>
						g_enableAO
						<Bool>true</Bool>
					</property>
					<property>
						metallicGlossMap
						<Texture>content/Hangars/h_newyear/customization/Tableful/Attraction/NY22_Attraction_07_GMM.dds</Texture>
					</property>
					<property>
						normalMap
						<Texture>content/Hangars/h_newyear/customization/Tableful/Attraction/NY22_Attraction_07_ANM.dds</Texture>
					</property>
					<property>
						g_enableTerrainBlending
						<Bool>true</Bool>
					</property>
				</material>
				<groupOrigin>0.000019 4.781556 -0.000004</groupOrigin>
			</primitiveGroup>
		</geometry>
	</renderSet>
	<constraints/>
	<boundingBox>
		<min>-9.162137 -0.000001 -9.162137</min>
		<max>9.616099 9.563112 9.162137</max>
	</boundingBox>
	<geometrySize>533070</geometrySize>
	<minUVDensity>0.007583</minUVDensity>
</root>
