<?xml version="1.0" encoding="utf-8"?>
<root>
	<node>
		<identifier>Scene Root</identifier>
		<transform>
			<row0>1.000000 0.000000 0.000000</row0>
			<row1>0.000000 1.000000 0.000000</row1>
			<row2>0.000000 0.000000 1.000000</row2>
			<row3>0.000000 0.000000 0.000000</row3>
		</transform>
		<node>
			<identifier>carousel_04_root_jnt</identifier>
			<transform>
				<row0>1.000000 0.000000 0.000000</row0>
				<row1>0.000000 1.000000 0.000000</row1>
				<row2>0.000000 0.000000 1.000000</row2>
				<row3>0.000000 0.000000 0.000000</row3>
			</transform>
			<node>
				<identifier>carousel_04_base_jnt</identifier>
				<transform>
					<row0>1.000000 0.000000 -0.000546</row0>
					<row1>0.000000 1.000000 0.000000</row1>
					<row2>0.000546 0.000000 1.000000</row2>
					<row3>0.000000 2.231242 0.000000</row3>
				</transform>
				<node>
					<identifier>carousel_04_seat_01_jnt</identifier>
					<transform>
						<row0>-0.500473 0.000127 0.865752</row0>
						<row1>0.000033 1.000000 -0.000128</row1>
						<row2>-0.865752 -0.000036 -0.500473</row2>
						<row3>2.867640 4.312114 1.655633</row3>
					</transform>
					<node>
						<identifier>carousel_04_seat_01s_jnt</identifier>
						<transform>
							<row0>1.000000 0.000000 0.000000</row0>
							<row1>-0.000000 1.000000 -0.000000</row1>
							<row2>0.000000 0.000000 1.000000</row2>
							<row3>-0.000000 -5.729099 0.000000</row3>
						</transform>
						<node>
							<identifier>carousel_04_seat_01s_jnt_BlendBone</identifier>
							<transform>
								<row0>-0.500000 0.000033 -0.866025</row0>
								<row1>0.000127 1.000000 -0.000036</row1>
								<row2>-0.866025 0.000128 0.500000</row2>
								<row3>0.000979 -0.814140 3.311498</row3>
							</transform>
						</node>
					</node>
					<node>
						<identifier>carousel_04_seat_01_jnt_BlendBone</identifier>
						<transform>
							<row0>-0.500000 0.000033 -0.866025</row0>
							<row1>0.000127 1.000000 -0.000036</row1>
							<row2>-0.866025 0.000128 0.500000</row2>
							<row3>0.000979 -6.543238 3.311498</row3>
						</transform>
					</node>
				</node>
				<node>
					<identifier>carousel_04_seat_02_jnt</identifier>
					<transform>
						<row0>-0.866298 0.000128 0.499527</row0>
						<row1>0.000095 1.000000 -0.000091</row1>
						<row2>-0.499527 -0.000031 -0.866298</row2>
						<row3>1.655633 4.312114 2.867640</row3>
					</transform>
					<node>
						<identifier>carousel_04_seat_02s_jnt</identifier>
						<transform>
							<row0>1.000000 -0.000000 0.000000</row0>
							<row1>0.000000 1.000000 -0.000000</row1>
							<row2>0.000000 0.000000 1.000000</row2>
							<row3>-0.000000 -5.729099 0.000000</row3>
						</transform>
						<node>
							<identifier>carousel_04_seat_02s_jnt_BlendBone</identifier>
							<transform>
								<row0>-0.866025 0.000095 -0.500000</row0>
								<row1>0.000128 1.000000 -0.000031</row1>
								<row2>-0.500000 0.000091 0.866025</row2>
								<row3>0.000970 -0.814156 3.311467</row3>
							</transform>
						</node>
					</node>
					<node>
						<identifier>carousel_04_seat_02_jnt_BlendBone</identifier>
						<transform>
							<row0>-0.866025 0.000095 -0.500000</row0>
							<row1>0.000128 1.000000 -0.000031</row1>
							<row2>-0.500000 0.000091 0.866025</row2>
							<row3>0.000971 -6.543254 3.311467</row3>
						</transform>
					</node>
				</node>
				<node>
					<identifier>carousel_04_seat_03_jnt</identifier>
					<transform>
						<row0>-1.000000 0.000112 -0.000546</row0>
						<row1>0.000112 1.000000 -0.000020</row1>
						<row2>0.000546 -0.000020 -1.000000</row2>
						<row3>-0.000000 4.312114 3.311266</row3>
					</transform>
					<node>
						<identifier>carousel_04_seat_03s_jnt</identifier>
						<transform>
							<row0>1.000000 -0.000000 0.000000</row0>
							<row1>0.000000 1.000000 -0.000000</row1>
							<row2>0.000000 -0.000000 1.000000</row2>
							<row3>0.000000 -5.729099 0.000000</row3>
						</transform>
						<node>
							<identifier>carousel_04_seat_03s_jnt_BlendBone</identifier>
							<transform>
								<row0>-1.000000 0.000112 -0.000000</row0>
								<row1>0.000112 1.000000 -0.000020</row1>
								<row2>-0.000000 0.000020 1.000000</row2>
								<row3>0.001078 -0.814192 3.311395</row3>
							</transform>
						</node>
					</node>
					<node>
						<identifier>carousel_04_seat_03_jnt_BlendBone</identifier>
						<transform>
							<row0>-1.000000 0.000112 -0.000000</row0>
							<row1>0.000112 1.000000 -0.000020</row1>
							<row2>-0.000000 0.000020 1.000000</row2>
							<row3>0.001078 -6.543290 3.311395</row3>
						</transform>
					</node>
				</node>
				<node>
					<identifier>carousel_04_seat_04_jnt</identifier>
					<transform>
						<row0>-0.865752 0.000131 -0.500473</row0>
						<row1>0.000122 1.000000 0.000050</row1>
						<row2>0.500473 -0.000017 -0.865752</row2>
						<row3>-1.655633 4.312114 2.867640</row3>
					</transform>
					<node>
						<identifier>carousel_04_seat_04s_jnt</identifier>
						<transform>
							<row0>1.000000 0.000000 0.000000</row0>
							<row1>0.000000 1.000000 0.000000</row1>
							<row2>-0.000000 0.000000 1.000000</row2>
							<row3>-0.000000 -5.729098 0.000000</row3>
						</transform>
						<node>
							<identifier>carousel_04_seat_04s_jnt_BlendBone</identifier>
							<transform>
								<row0>-0.866025 0.000122 0.500000</row0>
								<row1>0.000131 1.000000 -0.000017</row1>
								<row2>0.500000 -0.000050 0.866025</row2>
								<row3>0.000954 -0.814201 3.311378</row3>
							</transform>
						</node>
					</node>
					<node>
						<identifier>carousel_04_seat_04_jnt_BlendBone</identifier>
						<transform>
							<row0>-0.866025 0.000122 0.500000</row0>
							<row1>0.000131 1.000000 -0.000017</row1>
							<row2>0.500000 -0.000050 0.866025</row2>
							<row3>0.000954 -6.543298 3.311379</row3>
						</transform>
					</node>
				</node>
				<node>
					<identifier>carousel_04_seat_05_jnt</identifier>
					<transform>
						<row0>-0.499527 0.000113 -0.866298</row0>
						<row1>0.000065 1.000000 0.000093</row1>
						<row2>0.866298 -0.000010 -0.499527</row2>
						<row3>-2.867640 4.312114 1.655633</row3>
					</transform>
					<node>
						<identifier>carousel_04_seat_05s_jnt</identifier>
						<transform>
							<row0>1.000000 0.000000 -0.000000</row0>
							<row1>0.000000 1.000000 0.000000</row1>
							<row2>-0.000000 -0.000000 1.000000</row2>
							<row3>0.000000 -5.729098 -0.000000</row3>
						</transform>
						<node>
							<identifier>carousel_04_seat_05s_jnt_BlendBone</identifier>
							<transform>
								<row0>-0.500000 0.000065 0.866025</row0>
								<row1>0.000113 1.000000 -0.000010</row1>
								<row2>0.866025 -0.000093 0.500000</row2>
								<row3>0.001069 -0.814226 3.311328</row3>
							</transform>
						</node>
					</node>
					<node>
						<identifier>carousel_04_seat_05_jnt_BlendBone</identifier>
						<transform>
							<row0>-0.500000 0.000065 0.866025</row0>
							<row1>0.000113 1.000000 -0.000010</row1>
							<row2>0.866025 -0.000093 0.500000</row2>
							<row3>0.001069 -6.543324 3.311328</row3>
						</transform>
					</node>
				</node>
				<node>
					<identifier>carousel_04_seat_06_jnt</identifier>
					<transform>
						<row0>0.000546 0.000132 -1.000000</row0>
						<row1>0.000003 1.000000 0.000132</row1>
						<row2>1.000000 -0.000003 0.000546</row2>
						<row3>-3.311266 4.312114 -0.000000</row3>
					</transform>
					<node>
						<identifier>carousel_04_seat_06s_jnt</identifier>
						<transform>
							<row0>1.000000 0.000000 0.000000</row0>
							<row1>-0.000000 1.000000 0.000000</row1>
							<row2>-0.000000 -0.000000 1.000000</row2>
							<row3>0.000000 -5.729098 0.000000</row3>
						</transform>
						<node>
							<identifier>carousel_04_seat_06s_jnt_BlendBone</identifier>
							<transform>
								<row0>0.000000 0.000003 1.000000</row0>
								<row1>0.000132 1.000000 -0.000003</row1>
								<row2>1.000000 -0.000132 -0.000000</row2>
								<row3>0.000947 -0.814249 3.311284</row3>
							</transform>
						</node>
					</node>
					<node>
						<identifier>carousel_04_seat_06_jnt_BlendBone</identifier>
						<transform>
							<row0>0.000000 0.000003 1.000000</row0>
							<row1>0.000132 1.000000 -0.000003</row1>
							<row2>1.000000 -0.000132 -0.000000</row2>
							<row3>0.000947 -6.543347 3.311284</row3>
						</transform>
					</node>
				</node>
				<node>
					<identifier>carousel_04_seat_07_jnt</identifier>
					<transform>
						<row0>0.500473 0.000132 -0.865752</row0>
						<row1>-0.000068 1.000000 0.000113</row1>
						<row2>0.865752 0.000002 0.500473</row2>
						<row3>-2.867640 4.312114 -1.655633</row3>
					</transform>
					<node>
						<identifier>carousel_04_seat_07s_jnt</identifier>
						<transform>
							<row0>1.000000 0.000000 0.000000</row0>
							<row1>0.000000 1.000000 -0.000000</row1>
							<row2>0.000000 0.000000 1.000000</row2>
							<row3>-0.000000 -5.729099 0.000000</row3>
						</transform>
						<node>
							<identifier>carousel_04_seat_07s_jnt_BlendBone</identifier>
							<transform>
								<row0>0.500000 -0.000068 0.866025</row0>
								<row1>0.000132 1.000000 0.000002</row1>
								<row2>0.866025 -0.000113 -0.500000</row2>
								<row3>0.000947 -0.814266 3.311250</row3>
							</transform>
						</node>
					</node>
					<node>
						<identifier>carousel_04_seat_07_jnt_BlendBone</identifier>
						<transform>
							<row0>0.500000 -0.000068 0.866025</row0>
							<row1>0.000132 1.000000 0.000002</row1>
							<row2>0.866025 -0.000113 -0.500000</row2>
							<row3>0.000947 -6.543364 3.311250</row3>
						</transform>
					</node>
				</node>
				<node>
					<identifier>carousel_04_seat_08_jnt</identifier>
					<transform>
						<row0>0.866298 0.000113 -0.499527</row0>
						<row1>-0.000101 1.000000 0.000050</row1>
						<row2>0.499527 0.000007 0.866298</row2>
						<row3>-1.655633 4.312114 -2.867640</row3>
					</transform>
					<node>
						<identifier>carousel_04_seat_08s_jnt</identifier>
						<transform>
							<row0>1.000000 0.000000 0.000000</row0>
							<row1>0.000000 1.000000 -0.000000</row1>
							<row2>0.000000 -0.000000 1.000000</row2>
							<row3>-0.000000 -5.729098 0.000000</row3>
						</transform>
						<node>
							<identifier>carousel_04_seat_08s_jnt_BlendBone</identifier>
							<transform>
								<row0>0.866025 -0.000101 0.500000</row0>
								<row1>0.000113 1.000000 0.000007</row1>
								<row2>0.500000 -0.000050 -0.866025</row2>
								<row3>0.001068 -0.814281 3.311219</row3>
							</transform>
						</node>
					</node>
					<node>
						<identifier>carousel_04_seat_08_jnt_BlendBone</identifier>
						<transform>
							<row0>0.866025 -0.000101 0.500000</row0>
							<row1>0.000113 1.000000 0.000007</row1>
							<row2>0.500000 -0.000050 -0.866025</row2>
							<row3>0.001068 -6.543379 3.311219</row3>
						</transform>
					</node>
				</node>
				<node>
					<identifier>carousel_04_seat_09_jnt</identifier>
					<transform>
						<row0>1.000000 0.000131 0.000546</row0>
						<row1>-0.000131 1.000000 -0.000013</row1>
						<row2>-0.000546 0.000013 1.000000</row2>
						<row3>0.000000 4.312114 -3.311266</row3>
					</transform>
					<node>
						<identifier>carousel_04_seat_09s_jnt</identifier>
						<transform>
							<row0>1.000000 -0.000000 0.000000</row0>
							<row1>0.000000 1.000000 0.000000</row1>
							<row2>0.000000 0.000000 1.000000</row2>
							<row3>0.000000 -5.729098 0.000000</row3>
						</transform>
						<node>
							<identifier>carousel_04_seat_09s_jnt_BlendBone</identifier>
							<transform>
								<row0>1.000000 -0.000131 -0.000000</row0>
								<row1>0.000131 1.000000 0.000013</row1>
								<row2>-0.000000 0.000013 -1.000000</row2>
								<row3>0.000951 -0.814302 3.311178</row3>
							</transform>
						</node>
					</node>
					<node>
						<identifier>carousel_04_seat_09_jnt_BlendBone</identifier>
						<transform>
							<row0>1.000000 -0.000131 -0.000000</row0>
							<row1>0.000131 1.000000 0.000013</row1>
							<row2>-0.000000 0.000013 -1.000000</row2>
							<row3>0.000951 -6.543400 3.311179</row3>
						</transform>
					</node>
				</node>
				<node>
					<identifier>carousel_04_seat_10_jnt</identifier>
					<transform>
						<row0>0.866026 0.000000 0.500000</row0>
						<row1>0.000000 1.000000 0.000000</row1>
						<row2>-0.500000 0.000000 0.866025</row2>
						<row3>1.655633 4.312114 -2.867640</row3>
					</transform>
					<node>
						<identifier>carousel_04_seat_10s_jnt</identifier>
						<transform>
							<row0>1.000000 0.000000 0.000000</row0>
							<row1>0.000000 1.000000 0.000000</row1>
							<row2>-0.000000 0.000000 1.000000</row2>
							<row3>-0.000000 -5.729098 -0.000001</row3>
						</transform>
						<node>
							<identifier>carousel_04_seat_10s_jnt_BlendBone</identifier>
							<transform>
								<row0>0.866298 0.000000 -0.499527</row0>
								<row1>0.000000 1.000000 0.000000</row1>
								<row2>-0.499527 0.000000 -0.866298</row2>
								<row3>0.000000 -0.814258 3.311266</row3>
							</transform>
						</node>
					</node>
					<node>
						<identifier>carousel_04_seat_10_jnt_BlendBone</identifier>
						<transform>
							<row0>0.866298 0.000000 -0.499527</row0>
							<row1>0.000000 1.000000 0.000000</row1>
							<row2>-0.499527 0.000000 -0.866298</row2>
							<row3>0.000000 -6.543357 3.311266</row3>
						</transform>
					</node>
				</node>
				<node>
					<identifier>carousel_04_seat_11_jnt</identifier>
					<transform>
						<row0>0.500000 0.000000 0.866025</row0>
						<row1>0.000000 1.000000 0.000000</row1>
						<row2>-0.866025 0.000000 0.500000</row2>
						<row3>2.867640 4.312114 -1.655633</row3>
					</transform>
					<node>
						<identifier>carousel_04_seat_11s_jnt</identifier>
						<transform>
							<row0>1.000000 0.000000 0.000000</row0>
							<row1>0.000000 1.000000 -0.000000</row1>
							<row2>-0.000000 0.000000 1.000000</row2>
							<row3>0.000000 -5.729098 0.000000</row3>
						</transform>
						<node>
							<identifier>carousel_04_seat_11s_jnt_BlendBone</identifier>
							<transform>
								<row0>0.500473 0.000000 -0.865752</row0>
								<row1>0.000000 1.000000 0.000000</row1>
								<row2>-0.865752 0.000000 -0.500473</row2>
								<row3>-0.000000 -0.814258 3.311265</row3>
							</transform>
						</node>
					</node>
					<node>
						<identifier>carousel_04_seat_11_jnt_BlendBone</identifier>
						<transform>
							<row0>0.500473 0.000000 -0.865752</row0>
							<row1>0.000000 1.000000 0.000000</row1>
							<row2>-0.865752 0.000000 -0.500473</row2>
							<row3>-0.000000 -6.543356 3.311265</row3>
						</transform>
					</node>
				</node>
				<node>
					<identifier>carousel_04_seat_12_jnt</identifier>
					<transform>
						<row0>-0.000546 0.000126 1.000000</row0>
						<row1>-0.000039 1.000000 -0.000126</row1>
						<row2>-1.000000 -0.000039 -0.000546</row2>
						<row3>3.311266 4.312114 0.000000</row3>
					</transform>
					<node>
						<identifier>carousel_04_seat_12s_jnt</identifier>
						<transform>
							<row0>1.000000 -0.000000 0.000000</row0>
							<row1>0.000000 1.000000 -0.000000</row1>
							<row2>0.000000 0.000000 1.000000</row2>
							<row3>0.000000 -5.729098 0.000001</row3>
						</transform>
						<node>
							<identifier>carousel_04_seat_12s_jnt_BlendBone</identifier>
							<transform>
								<row0>-0.000000 -0.000039 -1.000000</row0>
								<row1>0.000126 1.000000 -0.000039</row1>
								<row2>-1.000000 0.000126 0.000000</row2>
								<row3>0.000986 -0.814127 3.311523</row3>
							</transform>
						</node>
					</node>
					<node>
						<identifier>carousel_04_seat_12_jnt_BlendBone</identifier>
						<transform>
							<row0>-0.000000 -0.000039 -1.000000</row0>
							<row1>0.000126 1.000000 -0.000039</row1>
							<row2>-1.000000 0.000126 0.000000</row2>
							<row3>0.000986 -6.543226 3.311523</row3>
						</transform>
					</node>
				</node>
				<node>
					<identifier>carousel_04_base_jnt_BlendBone</identifier>
					<transform>
						<row0>1.000000 0.000000 0.000546</row0>
						<row1>0.000000 1.000000 0.000000</row1>
						<row2>0.000546 0.000000 -1.000000</row2>
						<row3>0.000000 -2.231242 0.000000</row3>
					</transform>
				</node>
			</node>
			<node>
				<identifier>carousel_04_root_jnt_BlendBone</identifier>
				<transform>
					<row0>1.000000 0.000000 0.000000</row0>
					<row1>0.000000 1.000000 0.000000</row1>
					<row2>0.000000 0.000000 -1.000000</row2>
					<row3>0.000000 0.000000 0.000000</row3>
				</transform>
			</node>
		</node>
	</node>
	<renderSet>
		<treatAsWorldSpaceObject>true</treatAsWorldSpaceObject>
		<node>carousel_04_base_jnt_BlendBone</node>
		<geometry>
			<vertices>s5Shape.vertices</vertices>
			<primitive>s5Shape.indices</primitive>
			<primitiveGroup>
				0
				<material>
					<identifier>NY22_Attraction_04_s_nd5_skinned</identifier>
					<fx>shaders/std_effects/glow_skinned.fx</fx>
					<materialKind>110</materialKind>
					<collisionFlags>255</collisionFlags>
					<property>
						diffuseMap
						<Texture>content/Hangars/h_newyear/customization/Tableful/Tent/NY19_Trees_00_AM.dds</Texture>
					</property>
					<property>
						alphaReference
						<Int>30</Int>
					</property>
					<property>
						alphaTestEnable
						<Bool>true</Bool>
					</property>
					<property>
						selfIllumination
						<Float>1.500000</Float>
					</property>
					<property>
						srcBlend
						<Int>3</Int>
					</property>
				</material>
				<groupOrigin>-0.000000 2.115256 -0.000000</groupOrigin>
			</primitiveGroup>
		</geometry>
	</renderSet>
	<renderSet>
		<treatAsWorldSpaceObject>true</treatAsWorldSpaceObject>
		<node>carousel_04_base_jnt_BlendBone</node>
		<node>carousel_04_root_jnt_BlendBone</node>
		<geometry>
			<vertices>s4Shape.vertices</vertices>
			<stream>s4Shape.colour</stream>
			<primitive>s4Shape.indices</primitive>
			<primitiveGroup>
				0
				<material>
					<identifier>NY22_Attraction_04_s_nd4_skinned</identifier>
					<fx>shaders/std_effects/PBS_ext_skinned.fx</fx>
					<materialKind>110</materialKind>
					<collisionFlags>255</collisionFlags>
					<property>
						diffuseMap
						<Texture>content/Hangars/h_newyear/customization/Tableful/Tent/NY19_Table_base_AM.dds</Texture>
					</property>
					<property>
						metallicGlossMap
						<Texture>content/Hangars/h_newyear/customization/Tableful/Tent/NY19_Table_base_GMM.dds</Texture>
					</property>
					<property>
						normalMap
						<Texture>content/Hangars/h_newyear/customization/Tableful/Tent/NY19_Table_base_ANM.dds</Texture>
					</property>
				</material>
				<groupOrigin>2.798473 3.884120 -1.140263</groupOrigin>
			</primitiveGroup>
		</geometry>
	</renderSet>
	<renderSet>
		<treatAsWorldSpaceObject>true</treatAsWorldSpaceObject>
		<node>carousel_04_base_jnt_BlendBone</node>
		<node>carousel_04_root_jnt_BlendBone</node>
		<geometry>
			<vertices>s3Shape.vertices</vertices>
			<primitive>s3Shape.indices</primitive>
			<primitiveGroup>
				0
				<material>
					<identifier>NY22_Attraction_04_s_nd3_skinned</identifier>
					<fx>shaders/custom/emissive_playground_skinned.fx</fx>
					<materialKind>110</materialKind>
					<collisionFlags>255</collisionFlags>
					<property>
						doubleSided
						<Bool>true</Bool>
					</property>
					<property>
						emissionMap
						<Texture>content/Hangars/h_newyear/customization/Tableful/Tent/NY19_Trees_00_AM.dds</Texture>
					</property>
					<property>
						g_deferredMult
						<Float>10.000000</Float>
					</property>
					<property>
						g_offsetBlack
						<Float>0.040000</Float>
					</property>
					<property>
						pattern
						<Texture>content/Hangars/h_newyear/customization/Tableful/Attraction/NY22_Attraction_04_CM.dds</Texture>
					</property>
					<property>
						phaseMap
						<Texture>content/Hangars/h_newyear/customization/Tableful/Attraction/NY22_Attraction_04_CM.dds</Texture>
					</property>
					<property>
						speed
						<Float>0.600000</Float>
					</property>
					<property>
						usePhaseMap
						<Bool>true</Bool>
					</property>
					<property>
						waveLen
						<Float>4.000000</Float>
					</property>
					<property>
						g_forwardMult
						<Float>2.000000</Float>
					</property>
					<property>
						g_offsetBlackFwd
						<Float>0.220000</Float>
					</property>
				</material>
				<groupOrigin>2.273811 5.561915 -0.590889</groupOrigin>
			</primitiveGroup>
		</geometry>
	</renderSet>
	<renderSet>
		<treatAsWorldSpaceObject>true</treatAsWorldSpaceObject>
		<node>carousel_04_root_jnt_BlendBone</node>
		<geometry>
			<vertices>s1Shape.vertices</vertices>
			<primitive>s1Shape.indices</primitive>
			<primitiveGroup>
				0
				<material>
					<identifier>NY22_Attraction_04_s_nd1_skinned</identifier>
					<fx>shaders/std_effects/PBS_ext_skinned.fx</fx>
					<materialKind>110</materialKind>
					<collisionFlags>255</collisionFlags>
					<property>
						diffuseMap
						<Texture>content/Hangars/h_newyear/customization/Tableful/Attraction/NY22_Attraction_04_Kiosk_AM.dds</Texture>
					</property>
					<property>
						alphaReference
						<Int>64</Int>
					</property>
					<property>
						alphaTestEnable
						<Bool>true</Bool>
					</property>
					<property>
						g_enableAO
						<Bool>true</Bool>
					</property>
					<property>
						metallicGlossMap
						<Texture>content/Hangars/h_newyear/customization/Tableful/Attraction/NY22_Attraction_04_Kiosk_GMM.dds</Texture>
					</property>
					<property>
						normalMap
						<Texture>content/Hangars/h_newyear/customization/Tableful/Attraction/NY22_Attraction_04_Kiosk_ANM.dds</Texture>
					</property>
					<property>
						g_enableTerrainBlending
						<Bool>true</Bool>
					</property>
				</material>
				<groupOrigin>0.129048 2.286080 0.014356</groupOrigin>
			</primitiveGroup>
		</geometry>
	</renderSet>
	<renderSet>
		<treatAsWorldSpaceObject>true</treatAsWorldSpaceObject>
		<node>carousel_04_base_jnt_BlendBone</node>
		<node>carousel_04_seat_03_jnt_BlendBone</node>
		<geometry>
			<vertices>s0Shape_split_1.vertices</vertices>
			<primitive>s0Shape_split_1.indices</primitive>
			<primitiveGroup>
				0
				<material>
					<identifier>NY22_Attraction_04_s_nd0_skinned</identifier>
					<fx>shaders/std_effects/PBS_ext_skinned.fx</fx>
					<materialKind>110</materialKind>
					<collisionFlags>255</collisionFlags>
					<property>
						diffuseMap
						<Texture>content/Hangars/h_newyear/customization/Tableful/Attraction/NY22_Attraction_04_Carousel_AM.dds</Texture>
					</property>
					<property>
						alphaReference
						<Int>70</Int>
					</property>
					<property>
						alphaTestEnable
						<Bool>true</Bool>
					</property>
					<property>
						g_enableAO
						<Bool>true</Bool>
					</property>
					<property>
						metallicGlossMap
						<Texture>content/Hangars/h_newyear/customization/Tableful/Attraction/NY22_Attraction_04_Carousel_GMM.dds</Texture>
					</property>
					<property>
						normalMap
						<Texture>content/Hangars/h_newyear/customization/Tableful/Attraction/NY22_Attraction_04_Carousel_ANM.dds</Texture>
					</property>
					<property>
						g_enableTerrainBlending
						<Bool>true</Bool>
					</property>
				</material>
				<groupOrigin>0.000001 4.913253 0.000000</groupOrigin>
			</primitiveGroup>
		</geometry>
	</renderSet>
	<renderSet>
		<treatAsWorldSpaceObject>true</treatAsWorldSpaceObject>
		<node>carousel_04_seat_08s_jnt_BlendBone</node>
		<node>carousel_04_root_jnt_BlendBone</node>
		<node>carousel_04_seat_09_jnt_BlendBone</node>
		<node>carousel_04_seat_09s_jnt_BlendBone</node>
		<node>carousel_04_seat_10_jnt_BlendBone</node>
		<node>carousel_04_seat_10s_jnt_BlendBone</node>
		<node>carousel_04_seat_11_jnt_BlendBone</node>
		<node>carousel_04_seat_11s_jnt_BlendBone</node>
		<node>carousel_04_seat_12_jnt_BlendBone</node>
		<node>carousel_04_seat_12s_jnt_BlendBone</node>
		<node>carousel_04_seat_01_jnt_BlendBone</node>
		<node>carousel_04_seat_01s_jnt_BlendBone</node>
		<node>carousel_04_seat_02_jnt_BlendBone</node>
		<node>carousel_04_seat_02s_jnt_BlendBone</node>
		<node>carousel_04_seat_03s_jnt_BlendBone</node>
		<node>carousel_04_seat_04_jnt_BlendBone</node>
		<node>carousel_04_seat_04s_jnt_BlendBone</node>
		<node>carousel_04_seat_05_jnt_BlendBone</node>
		<node>carousel_04_seat_05s_jnt_BlendBone</node>
		<node>carousel_04_seat_06_jnt_BlendBone</node>
		<node>carousel_04_seat_06s_jnt_BlendBone</node>
		<node>carousel_04_seat_07_jnt_BlendBone</node>
		<node>carousel_04_seat_07s_jnt_BlendBone</node>
		<node>carousel_04_seat_08_jnt_BlendBone</node>
		<geometry>
			<vertices>s0Shape_split_0.vertices</vertices>
			<primitive>s0Shape_split_0.indices</primitive>
			<primitiveGroup>
				0
				<material>
					<identifier>NY22_Attraction_04_s_nd0_skinned</identifier>
					<fx>shaders/std_effects/PBS_ext_skinned.fx</fx>
					<materialKind>110</materialKind>
					<collisionFlags>255</collisionFlags>
					<property>
						diffuseMap
						<Texture>content/Hangars/h_newyear/customization/Tableful/Attraction/NY22_Attraction_04_Carousel_AM.dds</Texture>
					</property>
					<property>
						alphaReference
						<Int>70</Int>
					</property>
					<property>
						alphaTestEnable
						<Bool>true</Bool>
					</property>
					<property>
						g_enableAO
						<Bool>true</Bool>
					</property>
					<property>
						metallicGlossMap
						<Texture>content/Hangars/h_newyear/customization/Tableful/Attraction/NY22_Attraction_04_Carousel_GMM.dds</Texture>
					</property>
					<property>
						normalMap
						<Texture>content/Hangars/h_newyear/customization/Tableful/Attraction/NY22_Attraction_04_Carousel_ANM.dds</Texture>
					</property>
					<property>
						g_enableTerrainBlending
						<Bool>true</Bool>
					</property>
				</material>
				<groupOrigin>0.000000 3.081050 0.000001</groupOrigin>
			</primitiveGroup>
		</geometry>
	</renderSet>
	<constraints/>
	<boundingBox>
		<min>-9.308691 -0.412266 -9.310328</min>
		<max>9.566787 9.676702 9.281616</max>
	</boundingBox>
	<geometrySize>972480</geometrySize>
	<minUVDensity>0.005342</minUVDensity>
</root>
