<?xml version="1.0" encoding="utf-8"?>
<root>
	<node>
		<identifier>Scene Root</identifier>
		<transform>
			<row0>1.000000 0.000000 0.000000</row0>
			<row1>0.000000 1.000000 0.000000</row1>
			<row2>0.000000 0.000000 1.000000</row2>
			<row3>0.000000 0.000000 0.000000</row3>
		</transform>
		<node>
			<identifier>nodes_01</identifier>
			<transform>
				<row0>1.000000 0.000000 0.000000</row0>
				<row1>0.000000 1.000000 0.000000</row1>
				<row2>0.000000 0.000000 1.000000</row2>
				<row3>0.000000 0.000000 0.000000</row3>
			</transform>
			<node>
				<identifier>HP_Fire_1</identifier>
				<transform>
					<row0>1.000000 0.000000 0.000000</row0>
					<row1>0.000000 1.000000 0.000000</row1>
					<row2>0.000000 0.000000 1.000000</row2>
					<row3>-0.625013 -0.173393 -0.463190</row3>
				</transform>
			</node>
			<node>
				<identifier>HP_Fire_2</identifier>
				<transform>
					<row0>1.000000 0.000000 0.000000</row0>
					<row1>0.000000 1.000000 0.000000</row1>
					<row2>0.000000 0.000000 1.000000</row2>
					<row3>-0.485150 -0.173393 0.940379</row3>
				</transform>
			</node>
			<node>
				<identifier>HP_TrackUp_LFront</identifier>
				<transform>
					<row0>1.000000 0.000000 0.000000</row0>
					<row1>0.000000 0.800277 0.599630</row1>
					<row2>0.000000 -0.599630 0.800277</row2>
					<row3>-1.303246 0.077679 3.027227</row3>
				</transform>
			</node>
			<node>
				<identifier>HP_TrackUp_LRear</identifier>
				<transform>
					<row0>-1.000000 0.000000 0.000000</row0>
					<row1>0.000000 0.734389 -0.678729</row1>
					<row2>-0.000000 -0.678729 -0.734389</row2>
					<row3>-1.303246 -0.361348 -2.915902</row3>
				</transform>
			</node>
			<node>
				<identifier>HP_TrackUp_RFront</identifier>
				<transform>
					<row0>1.000000 0.000000 0.000000</row0>
					<row1>0.000000 0.800277 0.599630</row1>
					<row2>0.000000 -0.599630 0.800277</row2>
					<row3>1.303246 0.077679 3.027227</row3>
				</transform>
			</node>
			<node>
				<identifier>HP_TrackUp_RRear</identifier>
				<transform>
					<row0>-1.000000 0.000000 0.000000</row0>
					<row1>0.000000 0.734389 -0.678729</row1>
					<row2>-0.000000 -0.678729 -0.734389</row2>
					<row3>1.303246 -0.361348 -2.915902</row3>
				</transform>
			</node>
			<node>
				<identifier>HP_Track_Exhaus_1</identifier>
				<transform>
					<row0>-0.999969 -0.003920 0.006838</row0>
					<row1>-0.000006 0.867951 0.496649</row1>
					<row2>-0.007882 0.496634 -0.867924</row2>
					<row3>1.341247 0.243430 1.645730</row3>
				</transform>
			</node>
			<node>
				<identifier>HP_Track_Exhaus_2</identifier>
				<transform>
					<row0>-0.999975 -0.003507 0.006194</row0>
					<row1>0.000005 0.869885 0.493255</row1>
					<row2>-0.007118 0.493243 -0.869863</row2>
					<row3>-1.338109 0.243686 1.645542</row3>
				</transform>
			</node>
			<node>
				<identifier>HP_Track_Exhaus_3</identifier>
				<transform>
					<row0>-0.999975 -0.007118 0.000000</row0>
					<row1>0.000005 -0.000583 1.000000</row1>
					<row2>-0.007118 0.999974 0.000583</row2>
					<row3>-0.000000 0.243686 1.843855</row3>
				</transform>
			</node>
			<node>
				<identifier>HP_hull_anim</identifier>
				<transform>
					<row0>1.000000 0.000000 0.000000</row0>
					<row1>0.000000 1.000000 0.000000</row1>
					<row2>0.000000 0.000000 1.000000</row2>
					<row3>0.000000 -0.938000 0.000000</row3>
				</transform>
			</node>
			<node>
				<identifier>HP_hull_effects</identifier>
				<transform>
					<row0>1.000000 0.000000 0.000000</row0>
					<row1>0.000000 1.000000 0.000000</row1>
					<row2>0.000000 0.000000 1.000000</row2>
					<row3>0.000000 0.000000 0.000000</row3>
				</transform>
			</node>
			<node>
				<identifier>HP_turretJoint</identifier>
				<transform>
					<row0>1.000000 0.000000 0.000000</row0>
					<row1>0.000000 1.000000 0.000000</row1>
					<row2>0.000000 0.000000 1.000000</row2>
					<row3>0.000000 0.313589 -1.160698</row3>
				</transform>
			</node>
		</node>
	</node>
	<renderSet>
		<treatAsWorldSpaceObject>false</treatAsWorldSpaceObject>
		<node>Scene Root</node>
		<geometry>
			<vertices>vertices</vertices>
			<primitive>indices</primitive>
			<primitiveGroup>
				0
				<material>
					<identifier>tank_hull_01</identifier>
					<fx>shaders/std_effects/PBS_tank.fx</fx>
					<materialKind>0</materialKind>
					<collisionFlags>0</collisionFlags>
					<property>
						colorIdMap
						<Texture>vehicles/russian/common/common_ID.dds</Texture>
					</property>
					<property>
						diffuseMap
						<Texture>vehicles/russian/R144_K_91/_skin/R144_K_91_3dst_MT/K_91_3dst_MT_hull_01_AM.dds</Texture>
					</property>
					<property>
						excludeMaskAndAOMap
						<Texture>vehicles/russian/R144_K_91/_skin/R144_K_91_3dst_MT/K_91_3dst_MT_hull_01_AO.dds</Texture>
					</property>
					<property>
						g_detailUVTiling
						<Vector4>10.000000 9.000000 0.000000 0.000000</Vector4>
					</property>
					<property>
						g_useDetailMetallic
						<Bool>true</Bool>
					</property>
					<property>
						metallicDetailMap
						<Texture>vehicles/russian/Tank_detail/BP12_details_map.dds</Texture>
					</property>
					<property>
						metallicGlossMap
						<Texture>vehicles/russian/R144_K_91/_skin/R144_K_91_3dst_MT/K_91_3dst_MT_hull_01_GMM.dds</Texture>
					</property>
					<property>
						normalMap
						<Texture>vehicles/russian/R144_K_91/_skin/R144_K_91_3dst_MT/K_91_3dst_MT_hull_01_ANM.dds</Texture>
					</property>
				</material>
				<groupOrigin>0.000000 -0.139822 -0.023296</groupOrigin>
			</primitiveGroup>
		</geometry>
	</renderSet>
	<boundingBox>
		<min>-2.116738 -0.697847 -3.576312</min>
		<max>2.116738 0.418203 3.529719</max>
	</boundingBox>
	<geometrySize>1120474</geometrySize>
	<minUVDensity>0.003679</minUVDensity>
</root>
