<?xml version="1.0" encoding="utf-8"?>
<root>
	<node>
		<identifier>Scene Root</identifier>
		<transform>
			<row0>1.000000 0.000000 0.000000</row0>
			<row1>0.000000 1.000000 0.000000</row1>
			<row2>0.000000 0.000000 1.000000</row2>
			<row3>0.000000 0.000000 0.000000</row3>
		</transform>
		<node>
			<identifier>nodes_01</identifier>
			<transform>
				<row0>1.000000 0.000000 0.000000</row0>
				<row1>0.000000 1.000000 0.000000</row1>
				<row2>0.000000 0.000000 1.000000</row2>
				<row3>0.000000 0.000000 0.000000</row3>
			</transform>
			<node>
				<identifier>HP_Track_LFront</identifier>
				<transform>
					<row0>1.000000 0.000000 0.000000</row0>
					<row1>0.000000 0.993847 -0.110758</row1>
					<row2>0.000000 0.110758 0.993847</row2>
					<row3>-0.876920 0.000000 0.968220</row3>
				</transform>
			</node>
			<node>
				<identifier>HP_Track_LRear</identifier>
				<transform>
					<row0>-1.000000 0.000000 0.000000</row0>
					<row1>0.000000 0.994751 0.102324</row1>
					<row2>-0.000000 0.102324 -0.994751</row2>
					<row3>-0.876920 0.000000 -0.968226</row3>
				</transform>
			</node>
			<node>
				<identifier>HP_Track_RFront</identifier>
				<transform>
					<row0>1.000000 0.000000 0.000000</row0>
					<row1>0.000000 0.993847 -0.110758</row1>
					<row2>0.000000 0.110758 0.993847</row2>
					<row3>0.876922 0.000000 0.968220</row3>
				</transform>
			</node>
			<node>
				<identifier>HP_Track_RRear</identifier>
				<transform>
					<row0>-1.000000 0.000000 0.000000</row0>
					<row1>0.000000 0.994751 0.102324</row1>
					<row2>-0.000000 0.102324 -0.994751</row2>
					<row3>0.876922 0.000000 -0.968226</row3>
				</transform>
			</node>
			<node>
				<identifier>HP_gui</identifier>
				<transform>
					<row0>1.000000 0.000000 0.000000</row0>
					<row1>0.000000 0.000000 -1.000000</row1>
					<row2>0.000000 1.000000 0.000000</row2>
					<row3>0.000000 2.836291 -0.286079</row3>
				</transform>
			</node>
			<node>
				<identifier>Tank</identifier>
				<transform>
					<row0>1.000000 0.000000 0.000000</row0>
					<row1>0.000000 1.000000 0.000000</row1>
					<row2>0.000000 0.000000 1.000000</row2>
					<row3>0.000000 0.500000 0.000000</row3>
				</transform>
				<node>
					<identifier>Track_L0</identifier>
					<transform>
						<row0>1.000000 0.000000 0.000000</row0>
						<row1>0.000000 1.000000 0.000000</row1>
						<row2>0.000000 0.000000 1.000000</row2>
						<row3>-0.876920 -0.500000 0.962700</row3>
					</transform>
					<node>
						<identifier>W_L0</identifier>
						<transform>
							<row0>1.000000 0.000000 0.000000</row0>
							<row1>0.000000 0.597159 -0.802123</row1>
							<row2>0.000000 0.802123 0.597159</row2>
							<row3>0.000000 0.281219 0.000000</row3>
						</transform>
						<node>
							<identifier>W_L0_BlendBone</identifier>
							<transform>
								<row0>1.000000 0.000000 0.000000</row0>
								<row1>0.000000 0.597159 0.802123</row1>
								<row2>0.000000 0.802123 -0.597159</row2>
								<row3>0.876920 0.604271 -0.800457</row3>
							</transform>
						</node>
					</node>
					<node>
						<identifier>Track_L0_BlendBone</identifier>
						<transform>
							<row0>1.000000 0.000000 0.000000</row0>
							<row1>0.000000 1.000000 0.000000</row1>
							<row2>0.000000 0.000000 -1.000000</row2>
							<row3>0.876920 0.000000 -0.962700</row3>
						</transform>
					</node>
				</node>
				<node>
					<identifier>Track_L1</identifier>
					<transform>
						<row0>1.000000 0.000000 0.000000</row0>
						<row1>0.000000 1.000000 0.000000</row1>
						<row2>0.000000 0.000000 1.000000</row2>
						<row3>-0.876920 -0.500000 0.287679</row3>
					</transform>
					<node>
						<identifier>W_L1</identifier>
						<transform>
							<row0>1.000000 0.000000 0.000000</row0>
							<row1>0.000000 0.597159 -0.802123</row1>
							<row2>0.000000 0.802123 0.597159</row2>
							<row3>0.000000 0.281219 0.000000</row3>
						</transform>
						<node>
							<identifier>W_L1_BlendBone</identifier>
							<transform>
								<row0>1.000000 0.000000 0.000000</row0>
								<row1>0.000000 0.597159 0.802123</row1>
								<row2>0.000000 0.802123 -0.597159</row2>
								<row3>0.876920 0.062822 -0.397363</row3>
							</transform>
						</node>
					</node>
					<node>
						<identifier>Track_L1_BlendBone</identifier>
						<transform>
							<row0>1.000000 0.000000 0.000000</row0>
							<row1>0.000000 1.000000 0.000000</row1>
							<row2>0.000000 0.000000 -1.000000</row2>
							<row3>0.876920 0.000000 -0.287679</row3>
						</transform>
					</node>
				</node>
				<node>
					<identifier>Track_L2</identifier>
					<transform>
						<row0>1.000000 0.000000 0.000000</row0>
						<row1>0.000000 1.000000 0.000000</row1>
						<row2>0.000000 0.000000 1.000000</row2>
						<row3>-0.876920 -0.500000 -0.289031</row3>
					</transform>
					<node>
						<identifier>W_L2</identifier>
						<transform>
							<row0>1.000000 0.000000 0.000000</row0>
							<row1>0.000000 0.597159 -0.802123</row1>
							<row2>0.000000 0.802123 0.597159</row2>
							<row3>0.000000 0.281219 0.000000</row3>
						</transform>
						<node>
							<identifier>W_L2_BlendBone</identifier>
							<transform>
								<row0>1.000000 0.000000 0.000000</row0>
								<row1>0.000000 0.597159 0.802123</row1>
								<row2>0.000000 0.802123 -0.597159</row2>
								<row3>0.876920 -0.399771 -0.052975</row3>
							</transform>
						</node>
					</node>
					<node>
						<identifier>Track_L2_BlendBone</identifier>
						<transform>
							<row0>1.000000 0.000000 0.000000</row0>
							<row1>0.000000 1.000000 0.000000</row1>
							<row2>0.000000 0.000000 -1.000000</row2>
							<row3>0.876920 0.000000 0.289031</row3>
						</transform>
					</node>
				</node>
				<node>
					<identifier>Track_L3</identifier>
					<transform>
						<row0>1.000000 0.000000 0.000000</row0>
						<row1>0.000000 1.000000 0.000000</row1>
						<row2>0.000000 0.000000 1.000000</row2>
						<row3>-0.876920 -0.500000 -0.964052</row3>
					</transform>
					<node>
						<identifier>W_L3</identifier>
						<transform>
							<row0>1.000000 0.000000 -0.000000</row0>
							<row1>0.000000 0.597159 -0.802123</row1>
							<row2>0.000000 0.802123 0.597159</row2>
							<row3>0.000000 0.281219 0.000000</row3>
						</transform>
						<node>
							<identifier>W_L3_BlendBone</identifier>
							<transform>
								<row0>1.000000 0.000000 0.000000</row0>
								<row1>0.000000 0.597159 0.802123</row1>
								<row2>0.000000 0.802123 -0.597159</row2>
								<row3>0.876920 -0.941221 0.350119</row3>
							</transform>
						</node>
					</node>
					<node>
						<identifier>Track_L3_BlendBone</identifier>
						<transform>
							<row0>1.000000 0.000000 0.000000</row0>
							<row1>0.000000 1.000000 0.000000</row1>
							<row2>0.000000 0.000000 -1.000000</row2>
							<row3>0.876920 0.000000 0.964052</row3>
						</transform>
					</node>
				</node>
				<node>
					<identifier>Track_R0</identifier>
					<transform>
						<row0>1.000000 0.000000 0.000000</row0>
						<row1>0.000000 1.000000 0.000000</row1>
						<row2>0.000000 0.000000 1.000000</row2>
						<row3>0.876922 -0.500000 0.962700</row3>
					</transform>
					<node>
						<identifier>W_R0</identifier>
						<transform>
							<row0>1.000000 0.000000 0.000000</row0>
							<row1>0.000000 0.597159 -0.802123</row1>
							<row2>-0.000000 0.802123 0.597159</row2>
							<row3>-0.000000 0.281219 -0.000000</row3>
						</transform>
						<node>
							<identifier>W_R0_BlendBone</identifier>
							<transform>
								<row0>1.000000 0.000000 0.000000</row0>
								<row1>0.000000 0.597159 0.802123</row1>
								<row2>0.000000 0.802123 -0.597159</row2>
								<row3>-0.876922 0.604271 -0.800457</row3>
							</transform>
						</node>
					</node>
					<node>
						<identifier>Track_R0_BlendBone</identifier>
						<transform>
							<row0>1.000000 0.000000 0.000000</row0>
							<row1>0.000000 1.000000 0.000000</row1>
							<row2>0.000000 0.000000 -1.000000</row2>
							<row3>-0.876922 0.000000 -0.962700</row3>
						</transform>
					</node>
				</node>
				<node>
					<identifier>Track_R1</identifier>
					<transform>
						<row0>1.000000 0.000000 0.000000</row0>
						<row1>0.000000 1.000000 0.000000</row1>
						<row2>0.000000 0.000000 1.000000</row2>
						<row3>0.876922 -0.500000 0.287679</row3>
					</transform>
					<node>
						<identifier>W_R1</identifier>
						<transform>
							<row0>1.000000 0.000000 0.000000</row0>
							<row1>0.000000 0.597159 -0.802123</row1>
							<row2>0.000000 0.802123 0.597159</row2>
							<row3>0.000000 0.281219 0.000000</row3>
						</transform>
						<node>
							<identifier>W_R1_BlendBone</identifier>
							<transform>
								<row0>1.000000 0.000000 0.000000</row0>
								<row1>0.000000 0.597159 0.802123</row1>
								<row2>0.000000 0.802123 -0.597159</row2>
								<row3>-0.876922 0.062822 -0.397363</row3>
							</transform>
						</node>
					</node>
					<node>
						<identifier>Track_R1_BlendBone</identifier>
						<transform>
							<row0>1.000000 0.000000 0.000000</row0>
							<row1>0.000000 1.000000 0.000000</row1>
							<row2>0.000000 0.000000 -1.000000</row2>
							<row3>-0.876922 0.000000 -0.287679</row3>
						</transform>
					</node>
				</node>
				<node>
					<identifier>Track_R2</identifier>
					<transform>
						<row0>1.000000 0.000000 0.000000</row0>
						<row1>0.000000 1.000000 0.000000</row1>
						<row2>0.000000 0.000000 1.000000</row2>
						<row3>0.876922 -0.500000 -0.289031</row3>
					</transform>
					<node>
						<identifier>W_R2</identifier>
						<transform>
							<row0>1.000000 0.000000 0.000000</row0>
							<row1>0.000000 0.597159 -0.802123</row1>
							<row2>0.000000 0.802123 0.597159</row2>
							<row3>0.000000 0.281219 0.000000</row3>
						</transform>
						<node>
							<identifier>W_R2_BlendBone</identifier>
							<transform>
								<row0>1.000000 0.000000 0.000000</row0>
								<row1>0.000000 0.597159 0.802123</row1>
								<row2>0.000000 0.802123 -0.597159</row2>
								<row3>-0.876922 -0.399771 -0.052975</row3>
							</transform>
						</node>
					</node>
					<node>
						<identifier>Track_R2_BlendBone</identifier>
						<transform>
							<row0>1.000000 0.000000 0.000000</row0>
							<row1>0.000000 1.000000 0.000000</row1>
							<row2>0.000000 0.000000 -1.000000</row2>
							<row3>-0.876922 0.000000 0.289031</row3>
						</transform>
					</node>
				</node>
				<node>
					<identifier>Track_R3</identifier>
					<transform>
						<row0>1.000000 0.000000 0.000000</row0>
						<row1>0.000000 1.000000 0.000000</row1>
						<row2>0.000000 0.000000 1.000000</row2>
						<row3>0.876922 -0.500000 -0.964052</row3>
					</transform>
					<node>
						<identifier>W_R3</identifier>
						<transform>
							<row0>1.000000 0.000000 0.000000</row0>
							<row1>0.000000 0.597159 -0.802123</row1>
							<row2>-0.000000 0.802123 0.597159</row2>
							<row3>0.000000 0.281219 0.000000</row3>
						</transform>
						<node>
							<identifier>W_R3_BlendBone</identifier>
							<transform>
								<row0>1.000000 0.000000 0.000000</row0>
								<row1>0.000000 0.597159 0.802123</row1>
								<row2>0.000000 0.802123 -0.597159</row2>
								<row3>-0.876922 -0.941221 0.350119</row3>
							</transform>
						</node>
					</node>
					<node>
						<identifier>Track_R3_BlendBone</identifier>
						<transform>
							<row0>1.000000 0.000000 0.000000</row0>
							<row1>0.000000 1.000000 0.000000</row1>
							<row2>0.000000 0.000000 -1.000000</row2>
							<row3>-0.876922 0.000000 0.964052</row3>
						</transform>
					</node>
				</node>
				<node>
					<identifier>V</identifier>
					<transform>
						<row0>1.000000 0.000000 0.000000</row0>
						<row1>0.000000 1.000000 0.000000</row1>
						<row2>0.000000 0.000000 1.000000</row2>
						<row3>0.000000 0.208251 0.000000</row3>
					</transform>
					<node>
						<identifier>Track_VD_L0</identifier>
						<transform>
							<row0>1.000000 0.000000 0.000000</row0>
							<row1>0.000000 1.000000 0.000000</row1>
							<row2>0.000000 0.000000 1.000000</row2>
							<row3>-0.876920 -0.539840 1.411780</row3>
						</transform>
						<node>
							<identifier>Track_VD_L0_BlendBone</identifier>
							<transform>
								<row0>1.000000 0.000000 0.000000</row0>
								<row1>0.000000 1.000000 0.000000</row1>
								<row2>0.000000 0.000000 -1.000000</row2>
								<row3>0.876920 -0.168411 -1.411780</row3>
							</transform>
						</node>
					</node>
					<node>
						<identifier>Track_VD_L1</identifier>
						<transform>
							<row0>1.000000 0.000000 0.000000</row0>
							<row1>0.000000 1.000000 0.000000</row1>
							<row2>0.000000 0.000000 1.000000</row2>
							<row3>-0.876920 -0.564624 -1.378278</row3>
						</transform>
						<node>
							<identifier>Track_VD_L1_BlendBone</identifier>
							<transform>
								<row0>1.000000 0.000000 0.000000</row0>
								<row1>0.000000 1.000000 0.000000</row1>
								<row2>0.000000 0.000000 -1.000000</row2>
								<row3>0.876920 -0.143627 1.378278</row3>
							</transform>
						</node>
					</node>
					<node>
						<identifier>Track_VD_R0</identifier>
						<transform>
							<row0>1.000000 0.000000 0.000000</row0>
							<row1>0.000000 1.000000 0.000000</row1>
							<row2>0.000000 0.000000 1.000000</row2>
							<row3>0.876922 -0.539840 1.411780</row3>
						</transform>
						<node>
							<identifier>Track_VD_R0_BlendBone</identifier>
							<transform>
								<row0>1.000000 0.000000 0.000000</row0>
								<row1>0.000000 1.000000 0.000000</row1>
								<row2>0.000000 0.000000 -1.000000</row2>
								<row3>-0.876922 -0.168411 -1.411780</row3>
							</transform>
						</node>
					</node>
					<node>
						<identifier>Track_VD_R1</identifier>
						<transform>
							<row0>1.000000 0.000000 0.000000</row0>
							<row1>0.000000 1.000000 0.000000</row1>
							<row2>0.000000 0.000000 1.000000</row2>
							<row3>0.876922 -0.564624 -1.378278</row3>
						</transform>
						<node>
							<identifier>Track_VD_R1_BlendBone</identifier>
							<transform>
								<row0>1.000000 0.000000 0.000000</row0>
								<row1>0.000000 1.000000 0.000000</row1>
								<row2>0.000000 0.000000 -1.000000</row2>
								<row3>-0.876922 -0.143627 1.378278</row3>
							</transform>
						</node>
					</node>
					<node>
						<identifier>Track_VT_L0</identifier>
						<transform>
							<row0>1.000000 0.000000 0.000000</row0>
							<row1>0.000000 1.000000 0.000000</row1>
							<row2>0.000000 0.000000 1.000000</row2>
							<row3>-0.876920 0.095888 1.122419</row3>
						</transform>
						<node>
							<identifier>Track_VT_L0_BlendBone</identifier>
							<transform>
								<row0>1.000000 0.000000 0.000000</row0>
								<row1>0.000000 1.000000 0.000000</row1>
								<row2>0.000000 0.000000 -1.000000</row2>
								<row3>0.876920 -0.804138 -1.122419</row3>
							</transform>
						</node>
					</node>
					<node>
						<identifier>Track_VT_L1</identifier>
						<transform>
							<row0>1.000000 0.000000 0.000000</row0>
							<row1>0.000000 1.000000 0.000000</row1>
							<row2>0.000000 0.000000 1.000000</row2>
							<row3>-0.876920 0.076160 0.000909</row3>
						</transform>
						<node>
							<identifier>Track_VT_L1_BlendBone</identifier>
							<transform>
								<row0>1.000000 0.000000 0.000000</row0>
								<row1>0.000000 1.000000 0.000000</row1>
								<row2>0.000000 0.000000 -1.000000</row2>
								<row3>0.876920 -0.784411 -0.000909</row3>
							</transform>
						</node>
					</node>
					<node>
						<identifier>Track_VT_L2</identifier>
						<transform>
							<row0>1.000000 0.000000 0.000000</row0>
							<row1>0.000000 1.000000 0.000000</row1>
							<row2>0.000000 0.000000 1.000000</row2>
							<row3>-0.876920 0.045901 -1.063912</row3>
						</transform>
						<node>
							<identifier>Track_VT_L2_BlendBone</identifier>
							<transform>
								<row0>1.000000 0.000000 0.000000</row0>
								<row1>0.000000 1.000000 0.000000</row1>
								<row2>0.000000 0.000000 -1.000000</row2>
								<row3>0.876920 -0.754151 1.063912</row3>
							</transform>
						</node>
					</node>
					<node>
						<identifier>Track_VT_R0</identifier>
						<transform>
							<row0>1.000000 0.000000 0.000000</row0>
							<row1>0.000000 1.000000 0.000000</row1>
							<row2>0.000000 0.000000 1.000000</row2>
							<row3>0.876922 0.095888 1.122419</row3>
						</transform>
						<node>
							<identifier>Track_VT_R0_BlendBone</identifier>
							<transform>
								<row0>1.000000 0.000000 0.000000</row0>
								<row1>0.000000 1.000000 0.000000</row1>
								<row2>0.000000 0.000000 -1.000000</row2>
								<row3>-0.876922 -0.804138 -1.122419</row3>
							</transform>
						</node>
					</node>
					<node>
						<identifier>Track_VT_R1</identifier>
						<transform>
							<row0>1.000000 0.000000 0.000000</row0>
							<row1>0.000000 1.000000 0.000000</row1>
							<row2>0.000000 0.000000 1.000000</row2>
							<row3>0.876922 0.076160 0.000909</row3>
						</transform>
						<node>
							<identifier>Track_VT_R1_BlendBone</identifier>
							<transform>
								<row0>1.000000 0.000000 0.000000</row0>
								<row1>0.000000 1.000000 0.000000</row1>
								<row2>0.000000 0.000000 -1.000000</row2>
								<row3>-0.876922 -0.784411 -0.000909</row3>
							</transform>
						</node>
					</node>
					<node>
						<identifier>Track_VT_R2</identifier>
						<transform>
							<row0>1.000000 0.000000 0.000000</row0>
							<row1>0.000000 1.000000 0.000000</row1>
							<row2>0.000000 0.000000 1.000000</row2>
							<row3>0.876922 0.045901 -1.063912</row3>
						</transform>
						<node>
							<identifier>Track_VT_R2_BlendBone</identifier>
							<transform>
								<row0>1.000000 0.000000 0.000000</row0>
								<row1>0.000000 1.000000 0.000000</row1>
								<row2>0.000000 0.000000 -1.000000</row2>
								<row3>-0.876922 -0.754151 1.063912</row3>
							</transform>
						</node>
					</node>
					<node>
						<identifier>WD_L0</identifier>
						<transform>
							<row0>1.000000 0.000000 0.000000</row0>
							<row1>0.000000 0.597159 -0.802123</row1>
							<row2>0.000000 0.802123 0.597159</row2>
							<row3>-0.876920 -0.170857 1.617100</row3>
						</transform>
						<node>
							<identifier>WD_L0_BlendBone</identifier>
							<transform>
								<row0>1.000000 0.000000 0.000000</row0>
								<row1>0.000000 0.597159 0.802123</row1>
								<row2>0.000000 0.802123 -0.597159</row2>
								<row3>0.876920 0.976204 -1.396721</row3>
							</transform>
						</node>
					</node>
					<node>
						<identifier>WD_L1</identifier>
						<transform>
							<row0>1.000000 0.000000 0.000000</row0>
							<row1>0.000000 0.597159 -0.802123</row1>
							<row2>0.000000 0.802123 0.597159</row2>
							<row3>-0.876920 -0.035573 0.627738</row3>
						</transform>
						<node>
							<identifier>WD_L1_BlendBone</identifier>
							<transform>
								<row0>1.000000 0.000000 0.000000</row0>
								<row1>0.000000 0.597159 0.802123</row1>
								<row2>0.000000 0.802123 -0.597159</row2>
								<row3>0.876920 0.101828 -0.914430</row3>
							</transform>
						</node>
					</node>
					<node>
						<identifier>WD_L2</identifier>
						<transform>
							<row0>1.000000 0.000000 0.000000</row0>
							<row1>0.000000 0.597159 -0.802123</row1>
							<row2>0.000000 0.802123 0.597159</row2>
							<row3>-0.876920 -0.060466 -0.625919</row3>
						</transform>
						<node>
							<identifier>WD_L2_BlendBone</identifier>
							<transform>
								<row0>1.000000 0.000000 0.000000</row0>
								<row1>0.000000 0.597159 0.802123</row1>
								<row2>0.000000 0.802123 -0.597159</row2>
								<row3>0.876920 -0.888894 -0.145830</row3>
							</transform>
						</node>
					</node>
					<node>
						<identifier>WD_L3</identifier>
						<transform>
							<row0>1.000000 0.000000 0.000000</row0>
							<row1>0.000000 0.597159 -0.802123</row1>
							<row2>0.000000 0.802123 0.597159</row2>
							<row3>-0.876920 -0.237087 -1.501905</row3>
						</transform>
						<node>
							<identifier>WD_L3_BlendBone</identifier>
							<transform>
								<row0>1.000000 0.000000 0.000000</row0>
								<row1>0.000000 0.597159 0.802123</row1>
								<row2>0.000000 0.802123 -0.597159</row2>
								<row3>0.876920 -1.486072 0.518944</row3>
							</transform>
						</node>
					</node>
					<node>
						<identifier>WD_R0</identifier>
						<transform>
							<row0>1.000000 0.000000 0.000000</row0>
							<row1>0.000000 0.597159 -0.802123</row1>
							<row2>0.000000 0.802123 0.597159</row2>
							<row3>0.876922 -0.170857 1.617100</row3>
						</transform>
						<node>
							<identifier>WD_R0_BlendBone</identifier>
							<transform>
								<row0>1.000000 0.000000 0.000000</row0>
								<row1>0.000000 0.597159 0.802123</row1>
								<row2>0.000000 0.802123 -0.597159</row2>
								<row3>-0.876922 0.976204 -1.396721</row3>
							</transform>
						</node>
					</node>
					<node>
						<identifier>WD_R1</identifier>
						<transform>
							<row0>1.000000 0.000000 0.000000</row0>
							<row1>0.000000 0.597159 -0.802123</row1>
							<row2>0.000000 0.802123 0.597159</row2>
							<row3>0.876922 -0.035573 0.627738</row3>
						</transform>
						<node>
							<identifier>WD_R1_BlendBone</identifier>
							<transform>
								<row0>1.000000 0.000000 0.000000</row0>
								<row1>0.000000 0.597159 0.802123</row1>
								<row2>0.000000 0.802123 -0.597159</row2>
								<row3>-0.876922 0.101828 -0.914430</row3>
							</transform>
						</node>
					</node>
					<node>
						<identifier>WD_R2</identifier>
						<transform>
							<row0>1.000000 0.000000 0.000000</row0>
							<row1>0.000000 0.597159 -0.802123</row1>
							<row2>0.000000 0.802123 0.597159</row2>
							<row3>0.876922 -0.060466 -0.625919</row3>
						</transform>
						<node>
							<identifier>WD_R2_BlendBone</identifier>
							<transform>
								<row0>1.000000 0.000000 0.000000</row0>
								<row1>0.000000 0.597159 0.802123</row1>
								<row2>0.000000 0.802123 -0.597159</row2>
								<row3>-0.876922 -0.888894 -0.145830</row3>
							</transform>
						</node>
					</node>
					<node>
						<identifier>WD_R3</identifier>
						<transform>
							<row0>1.000000 0.000000 0.000000</row0>
							<row1>0.000000 0.597159 -0.802123</row1>
							<row2>0.000000 0.802123 0.597159</row2>
							<row3>0.876922 -0.237087 -1.501905</row3>
						</transform>
						<node>
							<identifier>WD_R3_BlendBone</identifier>
							<transform>
								<row0>1.000000 0.000000 0.000000</row0>
								<row1>0.000000 0.597159 0.802123</row1>
								<row2>0.000000 0.802123 -0.597159</row2>
								<row3>-0.876922 -1.486072 0.518944</row3>
							</transform>
						</node>
					</node>
					<node>
						<identifier>V_BlendBone</identifier>
						<transform>
							<row0>1.000000 0.000000 0.000000</row0>
							<row1>0.000000 1.000000 0.000000</row1>
							<row2>0.000000 0.000000 -1.000000</row2>
							<row3>0.000000 -0.708251 0.000000</row3>
						</transform>
					</node>
				</node>
			</node>
		</node>
	</node>
	<renderSet>
		<treatAsWorldSpaceObject>true</treatAsWorldSpaceObject>
		<node>Track_L3_BlendBone</node>
		<node>Track_L2_BlendBone</node>
		<node>Track_L1_BlendBone</node>
		<node>Track_L0_BlendBone</node>
		<node>V_BlendBone</node>
		<node>Track_VD_L0_BlendBone</node>
		<node>Track_VT_L0_BlendBone</node>
		<node>Track_VT_L1_BlendBone</node>
		<node>Track_VT_L2_BlendBone</node>
		<node>Track_VD_L1_BlendBone</node>
		<geometry>
			<vertices>track_L_Shape.vertices</vertices>
			<stream>track_L_Shape.uv2</stream>
			<primitive>track_L_Shape.indices</primitive>
			<primitiveGroup>
				0
				<material>
					<identifier>track_mat_L_skinned</identifier>
					<collisionFlags>0</collisionFlags>
					<materialKind>0</materialKind>
					<fx>shaders/std_effects/PBS_tank_uvtransform_skinned_ao.fx</fx>
					<property>
						alphaReference
						<Int>64</Int>
					</property>
					<property>
						g_useNormalPackDXT1
						<Bool>false</Bool>
					</property>
					<property>
						g_detailUVTiling
						<Vector4>
							2.80548 0.70137 0.000000 0.000000
							<!--BW_String-->
						</Vector4>
					</property>
					<property>
						doubleSided
						<Bool>true</Bool>
					</property>
					<property>
						alphaTestEnable
						<Bool>true</Bool>
					</property>
					<property>
						g_useDetailMetallic
						<Bool>true</Bool>
					</property>
					<property>
						diffuseMap
						<Texture>vehicles/poland/tracks/4TP_track_AM.dds</Texture>
					</property>
					<property>
						normalMap
						<Texture>vehicles/poland/tracks/4TP_track_ANM.dds</Texture>
					</property>
					<property>
						metallicGlossMap
						<Texture>vehicles/poland/tracks/4TP_track_GMM.dds</Texture>
					</property>
					<property>
						metallicDetailMap
						<Texture>vehicles/russian/Tank_detail/Details_map.dds</Texture>
					</property>
				</material>
				<groupOrigin>-0.876920 0.415831 -0.063053</groupOrigin>
			</primitiveGroup>
		</geometry>
	</renderSet>
	<renderSet>
		<treatAsWorldSpaceObject>true</treatAsWorldSpaceObject>
		<node>Track_R3_BlendBone</node>
		<node>Track_R2_BlendBone</node>
		<node>Track_R1_BlendBone</node>
		<node>Track_R0_BlendBone</node>
		<node>V_BlendBone</node>
		<node>Track_VD_R0_BlendBone</node>
		<node>Track_VT_R0_BlendBone</node>
		<node>Track_VT_R1_BlendBone</node>
		<node>Track_VT_R2_BlendBone</node>
		<node>Track_VD_R1_BlendBone</node>
		<geometry>
			<vertices>track_R_Shape.vertices</vertices>
			<stream>track_R_Shape.uv2</stream>
			<primitive>track_R_Shape.indices</primitive>
			<primitiveGroup>
				0
				<material>
					<identifier>track_mat_R_skinned</identifier>
					<collisionFlags>0</collisionFlags>
					<materialKind>0</materialKind>
					<fx>shaders/std_effects/PBS_tank_uvtransform_skinned_ao.fx</fx>
					<property>
						alphaReference
						<Int>64</Int>
					</property>
					<property>
						g_useNormalPackDXT1
						<Bool>false</Bool>
					</property>
					<property>
						g_detailUVTiling
						<Vector4>
							2.80548 0.70137 0.000000 0.000000
							<!--BW_String-->
						</Vector4>
					</property>
					<property>
						doubleSided
						<Bool>true</Bool>
					</property>
					<property>
						alphaTestEnable
						<Bool>true</Bool>
					</property>
					<property>
						g_useDetailMetallic
						<Bool>true</Bool>
					</property>
					<property>
						diffuseMap
						<Texture>vehicles/poland/tracks/4TP_track_AM.dds</Texture>
					</property>
					<property>
						normalMap
						<Texture>vehicles/poland/tracks/4TP_track_ANM.dds</Texture>
					</property>
					<property>
						metallicGlossMap
						<Texture>vehicles/poland/tracks/4TP_track_GMM.dds</Texture>
					</property>
					<property>
						metallicDetailMap
						<Texture>vehicles/russian/Tank_detail/Details_map.dds</Texture>
					</property>
				</material>
				<groupOrigin>0.876922 0.415831 -0.063053</groupOrigin>
			</primitiveGroup>
		</geometry>
	</renderSet>
	<renderSet>
		<treatAsWorldSpaceObject>true</treatAsWorldSpaceObject>
		<node>WD_L3_BlendBone</node>
		<node>WD_L2_BlendBone</node>
		<node>WD_L1_BlendBone</node>
		<node>WD_L0_BlendBone</node>
		<node>W_L3_BlendBone</node>
		<node>W_L2_BlendBone</node>
		<node>W_L1_BlendBone</node>
		<node>W_L0_BlendBone</node>
		<node>V_BlendBone</node>
		<node>Track_L3_BlendBone</node>
		<node>Track_L2_BlendBone</node>
		<node>Track_L1_BlendBone</node>
		<node>Track_L0_BlendBone</node>
		<geometry>
			<vertices>exportChassL1_Shape.vertices</vertices>
			<primitive>exportChassL1_Shape.indices</primitive>
			<primitiveGroup>
				0
				<material>
					<identifier>tank_chassis_01_skinned</identifier>
					<collisionFlags>0</collisionFlags>
					<materialKind>0</materialKind>
					<fx>shaders/std_effects/PBS_tank_skinned.fx</fx>
					<property>
						g_useNormalPackDXT1
						<Bool>false</Bool>
					</property>
					<property>
						g_detailUVTiling
						<Vector4>
							1.40274 1.40274 0.000000 0.000000
							<!--BW_String-->
						</Vector4>
					</property>
					<property>
						alphaTestEnable
						<Bool>false</Bool>
					</property>
					<property>
						g_useDetailMetallic
						<Bool>true</Bool>
					</property>
					<property>
						diffuseMap
						<Texture>vehicles/poland/Pl14_4TP/4TP_chassis_01_AM.dds</Texture>
					</property>
					<property>
						normalMap
						<Texture>vehicles/poland/Pl14_4TP/4TP_chassis_01_ANM.dds</Texture>
					</property>
					<property>
						metallicGlossMap
						<Texture>vehicles/poland/Pl14_4TP/4TP_chassis_01_GMM.dds</Texture>
					</property>
					<property>
						excludeMaskAndAOMap
						<Texture>vehicles/poland/Pl14_4TP/4TP_chassis_01_AO.dds</Texture>
					</property>
					<property>
						colorIdMap
						<Texture>vehicles/russian/common/common_ID.dds</Texture>
					</property>
					<property>
						metallicDetailMap
						<Texture>vehicles/russian/Tank_detail/Details_map.dds</Texture>
					</property>
				</material>
				<groupOrigin>-0.849496 0.434288 -0.080224</groupOrigin>
			</primitiveGroup>
		</geometry>
	</renderSet>
	<renderSet>
		<treatAsWorldSpaceObject>true</treatAsWorldSpaceObject>
		<node>WD_R3_BlendBone</node>
		<node>WD_R2_BlendBone</node>
		<node>WD_R1_BlendBone</node>
		<node>WD_R0_BlendBone</node>
		<node>W_R3_BlendBone</node>
		<node>W_R2_BlendBone</node>
		<node>W_R1_BlendBone</node>
		<node>W_R0_BlendBone</node>
		<node>V_BlendBone</node>
		<node>Track_R3_BlendBone</node>
		<node>Track_R2_BlendBone</node>
		<node>Track_R1_BlendBone</node>
		<node>Track_R0_BlendBone</node>
		<geometry>
			<vertices>exportChassR1_Shape.vertices</vertices>
			<primitive>exportChassR1_Shape.indices</primitive>
			<primitiveGroup>
				0
				<material>
					<identifier>tank_chassis_01_skinned</identifier>
					<collisionFlags>0</collisionFlags>
					<materialKind>0</materialKind>
					<fx>shaders/std_effects/PBS_tank_skinned.fx</fx>
					<property>
						g_useNormalPackDXT1
						<Bool>false</Bool>
					</property>
					<property>
						g_detailUVTiling
						<Vector4>
							1.40274 1.40274 0.000000 0.000000
							<!--BW_String-->
						</Vector4>
					</property>
					<property>
						alphaTestEnable
						<Bool>false</Bool>
					</property>
					<property>
						g_useDetailMetallic
						<Bool>true</Bool>
					</property>
					<property>
						diffuseMap
						<Texture>vehicles/poland/Pl14_4TP/4TP_chassis_01_AM.dds</Texture>
					</property>
					<property>
						normalMap
						<Texture>vehicles/poland/Pl14_4TP/4TP_chassis_01_ANM.dds</Texture>
					</property>
					<property>
						metallicGlossMap
						<Texture>vehicles/poland/Pl14_4TP/4TP_chassis_01_GMM.dds</Texture>
					</property>
					<property>
						excludeMaskAndAOMap
						<Texture>vehicles/poland/Pl14_4TP/4TP_chassis_01_AO.dds</Texture>
					</property>
					<property>
						colorIdMap
						<Texture>vehicles/russian/common/common_ID.dds</Texture>
					</property>
					<property>
						metallicDetailMap
						<Texture>vehicles/russian/Tank_detail/Details_map.dds</Texture>
					</property>
				</material>
				<groupOrigin>0.849498 0.434290 -0.080154</groupOrigin>
			</primitiveGroup>
		</geometry>
	</renderSet>
	<constraints/>
	<boundingBox>
		<min>-1.035075 -0.001574 -1.786481</min>
		<max>1.035077 0.833236 1.912586</max>
	</boundingBox>
	<geometrySize>591704</geometrySize>
	<minUVDensity>0.123545</minUVDensity>
</root>
