<?xml version="1.0" encoding="utf-8"?>
<root>
	<node>
		<identifier>Scene Root</identifier>
		<transform>
			<row0>1.000000 0.000000 0.000000</row0>
			<row1>0.000000 1.000000 0.000000</row1>
			<row2>0.000000 0.000000 1.000000</row2>
			<row3>0.000000 0.000000 0.000000</row3>
		</transform>
		<node>
			<identifier>Lamppost_Root</identifier>
			<transform>
				<row0>0.000000 1.000000 0.000000</row0>
				<row1>-1.000000 0.000000 0.000000</row1>
				<row2>0.000000 0.000000 1.000000</row2>
				<row3>0.000000 -0.000000 0.000000</row3>
			</transform>
			<node>
				<identifier>hd_env_AM_018_Lamppost_Animated:Lamppost_Pole01</identifier>
				<transform>
					<row0>0.999999 -0.001534 0.000000</row0>
					<row1>0.001534 0.999988 -0.004583</row1>
					<row2>0.000007 0.004583 0.999990</row2>
					<row3>1.089101 0.000000 0.000000</row3>
				</transform>
				<node>
					<identifier>hd_env_AM_018_Lamppost_Animated:Lamppost_Pole02</identifier>
					<transform>
						<row0>-0.002103 -0.999998 -0.000000</row0>
						<row1>0.999995 -0.002103 -0.002225</row1>
						<row2>0.002225 -0.000005 0.999998</row2>
						<row3>2.187411 -0.000000 0.000000</row3>
					</transform>
					<node>
						<identifier>hd_env_AM_018_Lamppost_Animated:Lamppost_LampRoot</identifier>
						<transform>
							<row0>-0.005875 0.003978 0.999975</row0>
							<row1>0.499995 0.866028 -0.000508</row1>
							<row2>-0.866008 0.499980 -0.007077</row2>
							<row3>0.000297 2.004011 0.057880</row3>
						</transform>
						<node>
							<identifier>hd_env_AM_018_Lamppost_Animated:Lamppost_Lamp</identifier>
							<transform>
								<row0>0.498827 -0.866683 -0.003535</row0>
								<row1>0.866673 0.498833 -0.006143</row1>
								<row2>0.007087 -0.000013 0.999971</row2>
								<row3>0.209391 -0.000001 -0.000000</row3>
							</transform>
							<node>
								<identifier>hd_env_AM_018_Lamppost_Animated:Lamppost_Lamp_BlendBone</identifier>
								<transform>
									<row0>-0.438220 0.247251 -0.864193</row0>
									<row1>-0.747671 0.433409 0.503135</row1>
									<row2>-0.498950 -0.866616 0.005066</row2>
									<row3>3.821746 -2.519104 -2.648837</row3>
								</transform>
							</node>
						</node>
						<node>
							<identifier>hd_env_AM_018_Lamppost_Animated:Lamppost_LampRoot_BlendBone</identifier>
							<transform>
								<row0>-0.010435 0.503147 -0.864138</row0>
								<row1>0.006231 0.864201 0.503109</row1>
								<row2>-0.999926 0.000135 0.012153</row2>
								<row3>-0.086231 -4.568898 -2.646838</row3>
							</transform>
						</node>
					</node>
					<node>
						<identifier>hd_env_AM_018_Lamppost_Animated:Lamppost_Sign</identifier>
						<transform>
							<row0>-0.011634 -0.999932 0.000000</row0>
							<row1>0.999932 -0.011634 0.000000</row1>
							<row2>0.000000 0.000000 1.000000</row2>
							<row3>-0.000843 1.037056 -1.037977</row3>
						</transform>
						<node>
							<identifier>hd_env_AM_018_Lamppost_Animated:Lamppost_Sign_BlendBone</identifier>
							<transform>
								<row0>-0.015280 0.999873 -0.004574</row0>
								<row1>-0.999881 -0.015270 0.002232</row1>
								<row2>-0.002162 -0.004608 -0.999987</row2>
								<row3>4.313146 0.059586 1.030680</row3>
							</transform>
						</node>
					</node>
					<node>
						<identifier>hd_env_AM_018_Lamppost_Animated:Lamppost_SignLight01</identifier>
						<transform>
							<row0>-0.999988 0.000019 -0.004950</row0>
							<row1>-0.000005 0.999988 0.004950</row1>
							<row2>0.004950 0.004950 -0.999976</row2>
							<row3>-0.200299 1.138489 -1.037977</row3>
						</transform>
						<node>
							<identifier>hd_env_AM_018_Lamppost_Animated:Lamppost_SignLight01_BlendBone</identifier>
							<transform>
								<row0>-0.999948 0.003619 0.009542</row0>
								<row1>0.003645 0.999990 0.002700</row1>
								<row2>0.009532 -0.002734 0.999951</row2>
								<row3>-0.214043 -4.409825 -1.051473</row3>
							</transform>
						</node>
					</node>
					<node>
						<identifier>hd_env_AM_018_Lamppost_Animated:Lamppost_SignLight02</identifier>
						<transform>
							<row0>1.000000 0.000000 0.000000</row0>
							<row1>0.000000 1.000000 -0.000000</row1>
							<row2>0.000000 0.000000 1.000000</row2>
							<row3>0.200299 1.138489 -1.037977</row3>
						</transform>
						<node>
							<identifier>hd_env_AM_018_Lamppost_Animated:Lamppost_SignLight02_BlendBone</identifier>
							<transform>
								<row0>0.999983 0.003647 -0.004574</row0>
								<row1>-0.003637 0.999991 0.002232</row1>
								<row2>-0.004583 0.002215 -0.999987</row2>
								<row3>-0.191739 -4.414980 1.030680</row3>
							</transform>
						</node>
					</node>
					<node>
						<identifier>hd_env_AM_018_Lamppost_Animated:Lamppost_Pole02_BlendBone</identifier>
						<transform>
							<row0>0.999983 0.003647 -0.004574</row0>
							<row1>-0.003637 0.999991 0.002232</row1>
							<row2>-0.004583 0.002215 -0.999987</row2>
							<row3>0.008560 -3.276491 -0.007297</row3>
						</transform>
					</node>
				</node>
			</node>
			<node>
				<identifier>Lamppost_Root_BlendBone</identifier>
				<transform>
					<row0>0.000000 -1.000000 0.000000</row0>
					<row1>1.000000 0.000000 0.000000</row1>
					<row2>0.000000 0.000000 -1.000000</row2>
					<row3>0.000000 0.000000 0.000000</row3>
				</transform>
			</node>
		</node>
		<node>
			<identifier>hd_env_AM_018_Lamppost</identifier>
			<transform>
				<row0>1.000000 0.000000 0.000000</row0>
				<row1>0.000000 1.000000 0.000000</row1>
				<row2>0.000000 0.000000 1.000000</row2>
				<row3>0.000000 0.000000 0.000000</row3>
			</transform>
			<node>
				<identifier>HP_module0</identifier>
				<transform>
					<row0>1.000000 0.000000 0.000000</row0>
					<row1>0.000000 1.000000 0.000000</row1>
					<row2>0.000000 0.000000 1.000000</row2>
					<row3>0.040000 0.800000 0.000000</row3>
				</transform>
			</node>
			<node>
				<identifier>lod0</identifier>
				<transform>
					<row0>1.000000 0.000000 0.000000</row0>
					<row1>0.000000 1.000000 0.000000</row1>
					<row2>0.000000 0.000000 1.000000</row2>
					<row3>0.000000 0.000000 0.000000</row3>
				</transform>
				<node>
					<identifier>n0</identifier>
					<transform>
						<row0>1.000000 0.000000 0.000000</row0>
						<row1>0.000000 1.000000 0.000000</row1>
						<row2>0.000000 0.000000 1.000000</row2>
						<row3>0.000000 0.000000 0.000000</row3>
					</transform>
				</node>
			</node>
			<node>
				<identifier>lod1</identifier>
				<transform>
					<row0>1.000000 0.000000 0.000000</row0>
					<row1>0.000000 1.000000 0.000000</row1>
					<row2>0.000000 0.000000 1.000000</row2>
					<row3>0.000000 0.000000 0.000000</row3>
				</transform>
				<node>
					<identifier>d0</identifier>
					<transform>
						<row0>1.000000 0.000000 0.000000</row0>
						<row1>0.000000 1.000000 0.000000</row1>
						<row2>0.000000 0.000000 1.000000</row2>
						<row3>0.000000 0.000000 0.000000</row3>
					</transform>
				</node>
			</node>
		</node>
	</node>
	<renderSet>
		<treatAsWorldSpaceObject>false</treatAsWorldSpaceObject>
		<node>d0</node>
		<geometry>
			<vertices>d0Shape.vertices</vertices>
			<primitive>d0Shape.indices</primitive>
			<primitiveGroup>
				0
				<material>
					<identifier>d_metal0</identifier>
					<collisionFlags>255</collisionFlags>
					<materialKind>87</materialKind>
					<fx>shaders/std_effects/PBS_ext.fx</fx>
					<property>
						alphaReference
						<Int>0</Int>
					</property>
					<property>
						doubleSided
						<Bool>false</Bool>
					</property>
					<property>
						alphaTestEnable
						<Bool>false</Bool>
					</property>
					<property>
						diffuseMap
						<Texture>content/Environment/hd_env_AM_018_Lamppost/hd_env_AM_018_Lamppost_AM.dds</Texture>
					</property>
					<property>
						normalMap
						<Texture>content/Environment/hd_env_AM_018_Lamppost/hd_env_AM_018_Lamppost_ANM.dds</Texture>
					</property>
					<property>
						metallicGlossMap
						<Texture>content/Environment/hd_env_AM_018_Lamppost/hd_env_AM_018_Lamppost_GMM.dds</Texture>
					</property>
				</material>
				<groupOrigin>0.051884 0.060742 0.091037</groupOrigin>
			</primitiveGroup>
		</geometry>
	</renderSet>
	<renderSet>
		<treatAsWorldSpaceObject>true</treatAsWorldSpaceObject>
		<node>hd_env_AM_018_Lamppost_Animated:Lamppost_Lamp_BlendBone</node>
		<node>hd_env_AM_018_Lamppost_Animated:Lamppost_LampRoot_BlendBone</node>
		<node>hd_env_AM_018_Lamppost_Animated:Lamppost_Pole02_BlendBone</node>
		<node>hd_env_AM_018_Lamppost_Animated:Lamppost_SignLight02_BlendBone</node>
		<node>Lamppost_Root_BlendBone</node>
		<node>hd_env_AM_018_Lamppost_Animated:Lamppost_Sign_BlendBone</node>
		<node>hd_env_AM_018_Lamppost_Animated:Lamppost_SignLight01_BlendBone</node>
		<geometry>
			<vertices>n1Shape.vertices</vertices>
			<primitive>n1Shape.indices</primitive>
			<primitiveGroup>
				0
				<material>
					<identifier>n_metal1_skinned</identifier>
					<collisionFlags>255</collisionFlags>
					<materialKind>73</materialKind>
					<fx>shaders/std_effects/PBS_ext_skinned.fx</fx>
					<property>
						alphaReference
						<Int>0</Int>
					</property>
					<property>
						doubleSided
						<Bool>false</Bool>
					</property>
					<property>
						alphaTestEnable
						<Bool>false</Bool>
					</property>
					<property>
						diffuseMap
						<Texture>content/Environment/hd_env_AM_018_Lamppost/hd_env_AM_018_Lamppost_AM.dds</Texture>
					</property>
					<property>
						normalMap
						<Texture>content/Environment/hd_env_AM_018_Lamppost/hd_env_AM_018_Lamppost_ANM.dds</Texture>
					</property>
					<property>
						metallicGlossMap
						<Texture>content/Environment/hd_env_AM_018_Lamppost/hd_env_AM_018_Lamppost_GMM.dds</Texture>
					</property>
				</material>
				<groupOrigin>0.010229 2.683698 0.797069</groupOrigin>
			</primitiveGroup>
		</geometry>
	</renderSet>
	<renderSet>
		<treatAsWorldSpaceObject>false</treatAsWorldSpaceObject>
		<node>n0</node>
		<geometry>
			<vertices>n0Shape.vertices</vertices>
			<primitive>n0Shape.indices</primitive>
			<primitiveGroup>
				0
				<material>
					<identifier>n_metal0</identifier>
					<collisionFlags>131</collisionFlags>
					<materialKind>73</materialKind>
				</material>
				<groupOrigin>0.000000 2.666043 -0.778159</groupOrigin>
			</primitiveGroup>
		</geometry>
	</renderSet>
	<constraints/>
	<boundingBox>
		<min>-0.683520 -0.273087 -2.179382</min>
		<max>0.705392 5.640483 0.604016</max>
	</boundingBox>
	<geometrySize>47816</geometrySize>
	<minUVDensity>0.027443</minUVDensity>
</root>
