<?xml version="1.0" encoding="utf-8"?>
<root>
	<node>
		<identifier>Scene Root</identifier>
		<transform>
			<row0>1.000000 0.000000 0.000000</row0>
			<row1>0.000000 1.000000 0.000000</row1>
			<row2>0.000000 0.000000 1.000000</row2>
			<row3>0.000000 0.000000 0.000000</row3>
		</transform>
		<node>
			<identifier>nodes_01</identifier>
			<transform>
				<row0>1.000000 0.000000 0.000000</row0>
				<row1>0.000000 1.000000 0.000000</row1>
				<row2>0.000000 0.000000 1.000000</row2>
				<row3>0.000000 0.000000 0.000000</row3>
			</transform>
			<node>
				<identifier>HP_Fire_1</identifier>
				<transform>
					<row0>1.000000 0.000000 0.000000</row0>
					<row1>0.000000 1.000000 0.000000</row1>
					<row2>0.000000 0.000000 1.000000</row2>
					<row3>0.000000 -0.110646 -2.583070</row3>
				</transform>
			</node>
			<node>
				<identifier>HP_Fire_2</identifier>
				<transform>
					<row0>1.000000 0.000000 0.000000</row0>
					<row1>0.000000 1.000000 0.000000</row1>
					<row2>0.000000 0.000000 1.000000</row2>
					<row3>-0.501744 0.054992 1.688729</row3>
				</transform>
			</node>
			<node>
				<identifier>HP_TrackUp_LFront</identifier>
				<transform>
					<row0>1.000000 0.000000 0.000000</row0>
					<row1>0.000000 0.978148 0.207912</row1>
					<row2>0.000000 -0.207912 0.978148</row2>
					<row3>-1.441508 0.112380 2.989711</row3>
				</transform>
			</node>
			<node>
				<identifier>HP_TrackUp_LRear</identifier>
				<transform>
					<row0>-1.000000 0.000000 0.000000</row0>
					<row1>0.000000 0.961413 -0.275109</row1>
					<row2>-0.000000 -0.275109 -0.961413</row2>
					<row3>-1.441508 -0.141436 -3.103493</row3>
				</transform>
			</node>
			<node>
				<identifier>HP_TrackUp_RFront</identifier>
				<transform>
					<row0>1.000000 0.000000 0.000000</row0>
					<row1>0.000000 0.978148 0.207912</row1>
					<row2>0.000000 -0.207912 0.978148</row2>
					<row3>1.441508 0.112380 2.989711</row3>
				</transform>
			</node>
			<node>
				<identifier>HP_TrackUp_RRear</identifier>
				<transform>
					<row0>-1.000000 0.000000 0.000000</row0>
					<row1>0.000000 0.961413 -0.275109</row1>
					<row2>-0.000000 -0.275109 -0.961413</row2>
					<row3>1.441508 -0.141436 -3.103493</row3>
				</transform>
			</node>
			<node>
				<identifier>HP_Track_Exhaus_1</identifier>
				<transform>
					<row0>0.002223 -0.979304 0.202380</row0>
					<row1>-0.999973 -0.003603 -0.006451</row1>
					<row2>0.007047 -0.202360 -0.979286</row2>
					<row3>-0.365513 0.638364 -4.057465</row3>
				</transform>
			</node>
			<node>
				<identifier>HP_Track_Exhaus_2</identifier>
				<transform>
					<row0>0.050571 -0.469536 -0.881464</row0>
					<row1>-0.998709 -0.027930 -0.042420</row1>
					<row2>-0.004702 0.882471 -0.470343</row2>
					<row3>0.365513 0.678454 -4.120587</row3>
				</transform>
			</node>
			<node>
				<identifier>HP_turretJoint</identifier>
				<transform>
					<row0>1.000000 0.000000 0.000000</row0>
					<row1>0.000000 1.000000 0.000000</row1>
					<row2>0.000000 0.000000 1.000000</row2>
					<row3>0.000000 0.710970 -0.161100</row3>
				</transform>
			</node>
		</node>
	</node>
	<renderSet>
		<treatAsWorldSpaceObject>false</treatAsWorldSpaceObject>
		<node>Scene Root</node>
		<geometry>
			<vertices>vertices</vertices>
			<primitive>indices</primitive>
			<primitiveGroup>
				0
				<material>
					<identifier>tank_proxy</identifier>
					<property>
						selfIllumination
						<Float>0.000000</Float>
					</property>
					<collisionFlags>0</collisionFlags>
					<materialKind>0</materialKind>
					<fx>shaders/std_effects/PBS_tank.fx</fx>
					<property>
						metallicGlossMap
						<Texture>vehicles/german/G55_E-75/_skins/G55_E-75_MDXXIII4_3DSt/E-75_MDXXIII4_3DSt_proxy_GMM.dds</Texture>
					</property>
					<property>
						normalMap
						<Texture>vehicles/german/G55_E-75/_skins/G55_E-75_MDXXIII4_3DSt/E-75_MDXXIII4_3DSt_proxy_ANM.dds</Texture>
					</property>
					<property>
						diffuseMap
						<Texture>vehicles/german/G55_E-75/_skins/G55_E-75_MDXXIII4_3DSt/E-75_MDXXIII4_3DSt_proxy_AM.dds</Texture>
					</property>
					<property>
						excludeMaskAndAOMap
						<Texture>vehicles/german/G55_E-75/_skins/G55_E-75_MDXXIII4_3DSt/E-75_MDXXIII4_3DSt_proxy_AO.dds</Texture>
					</property>
					<property>
						colorIdMap
						<Texture>vehicles/russian/common/common_ID.dds</Texture>
					</property>
					<property>
						crashTileMap
						<Texture>vehicles/russian/Tank_detail/crash_tile.dds</Texture>
					</property>
				</material>
				<groupOrigin>-0.112713 0.030481 -0.251289</groupOrigin>
			</primitiveGroup>
		</geometry>
	</renderSet>
	<boundingBox>
		<min>-2.106602 -0.746613 -4.097915</min>
		<max>1.881175 0.807576 3.595336</max>
	</boundingBox>
	<geometrySize>3796</geometrySize>
	<minUVDensity>0.001942</minUVDensity>
</root>
