<?xml version="1.0" encoding="utf-8"?>
<root>
	<node>
		<identifier>Scene Root</identifier>
		<transform>
			<row0>1.000000 0.000000 0.000000</row0>
			<row1>0.000000 1.000000 0.000000</row1>
			<row2>0.000000 0.000000 1.000000</row2>
			<row3>0.000000 0.000000 0.000000</row3>
		</transform>
		<node>
			<identifier>nodes_01</identifier>
			<transform>
				<row0>1.000000 0.000000 0.000000</row0>
				<row1>0.000000 1.000000 0.000000</row1>
				<row2>0.000000 0.000000 1.000000</row2>
				<row3>0.000000 0.000000 0.000000</row3>
			</transform>
			<node>
				<identifier>HP_Track_LFront</identifier>
				<transform>
					<row0>1.000000 0.000000 0.000000</row0>
					<row1>0.000000 0.993847 -0.110758</row1>
					<row2>0.000000 0.110758 0.993847</row2>
					<row3>-1.147532 0.000000 1.750800</row3>
				</transform>
			</node>
			<node>
				<identifier>HP_Track_LRear</identifier>
				<transform>
					<row0>-1.000000 0.000000 0.000000</row0>
					<row1>0.000000 0.994751 0.102324</row1>
					<row2>-0.000000 0.102324 -0.994751</row2>
					<row3>-1.147532 0.000000 -1.750870</row3>
				</transform>
			</node>
			<node>
				<identifier>HP_Track_RFront</identifier>
				<transform>
					<row0>1.000000 0.000000 0.000000</row0>
					<row1>0.000000 0.993847 -0.110758</row1>
					<row2>0.000000 0.110758 0.993847</row2>
					<row3>1.147532 0.000000 1.750800</row3>
				</transform>
			</node>
			<node>
				<identifier>HP_Track_RRear</identifier>
				<transform>
					<row0>-1.000000 0.000000 0.000000</row0>
					<row1>0.000000 0.994751 0.102324</row1>
					<row2>-0.000000 0.102324 -0.994751</row2>
					<row3>1.147532 0.000000 -1.750870</row3>
				</transform>
			</node>
			<node>
				<identifier>HP_gui</identifier>
				<transform>
					<row0>1.000000 0.000000 0.000000</row0>
					<row1>0.000000 0.000000 -1.000000</row1>
					<row2>0.000000 1.000000 0.000000</row2>
					<row3>0.000000 4.000000 0.000000</row3>
				</transform>
			</node>
			<node>
				<identifier>Tank</identifier>
				<transform>
					<row0>1.000000 0.000000 0.000000</row0>
					<row1>0.000000 1.000000 0.000000</row1>
					<row2>0.000000 0.000000 1.000000</row2>
					<row3>0.000000 0.500000 0.000000</row3>
				</transform>
				<node>
					<identifier>V</identifier>
					<transform>
						<row0>1.000000 0.000000 0.000000</row0>
						<row1>0.000000 1.000000 0.000000</row1>
						<row2>0.000000 0.000000 1.000000</row2>
						<row3>0.000000 0.526583 0.000000</row3>
					</transform>
					<node>
						<identifier>Lever_Start_L0</identifier>
						<transform>
							<row0>1.000000 0.000000 0.000000</row0>
							<row1>0.000000 0.939394 -0.342840</row1>
							<row2>0.000000 0.342840 0.939394</row2>
							<row3>-1.147532 -0.528499 2.041237</row3>
						</transform>
						<node>
							<identifier>Lever_Joint_L0</identifier>
							<transform>
								<row0>1.000000 0.000000 0.000000</row0>
								<row1>0.000000 0.939394 0.342840</row1>
								<row2>0.000000 -0.342840 0.939394</row2>
								<row3>-0.000000 -0.000059 -0.325609</row3>
							</transform>
							<node>
								<identifier>Track_L0</identifier>
								<transform>
									<row0>1.000000 0.000000 0.000000</row0>
									<row1>0.000000 1.000000 0.000000</row1>
									<row2>0.000000 -0.000000 1.000000</row2>
									<row3>-0.000000 -0.386396 0.000000</row3>
								</transform>
								<node>
									<identifier>Track_L0_BlendBone</identifier>
									<transform>
										<row0>1.000000 0.000000 0.000000</row0>
										<row1>0.000000 1.000000 0.000000</row1>
										<row2>0.000000 0.000000 -1.000000</row2>
										<row3>1.147532 0.000000 -1.735382</row3>
									</transform>
								</node>
							</node>
							<node>
								<identifier>W_L0</identifier>
								<transform>
									<row0>1.000000 0.000000 0.000000</row0>
									<row1>0.000000 1.000000 0.000000</row1>
									<row2>0.000000 -0.000000 1.000000</row2>
									<row3>-0.070000 -0.000000 0.000000</row3>
								</transform>
								<node>
									<identifier>W_L0_BlendBone</identifier>
									<transform>
										<row0>1.000000 0.000000 0.000000</row0>
										<row1>0.000000 1.000000 0.000000</row1>
										<row2>0.000000 0.000000 -1.000000</row2>
										<row3>1.217532 -0.386396 -1.735382</row3>
									</transform>
								</node>
							</node>
							<node>
								<identifier>Lever_Joint_L0_BlendBone</identifier>
								<transform>
									<row0>1.000000 0.000000 0.000000</row0>
									<row1>0.000000 1.000000 0.000000</row1>
									<row2>0.000000 0.000000 -1.000000</row2>
									<row3>1.147532 -0.386396 -1.735382</row3>
								</transform>
							</node>
						</node>
						<node>
							<identifier>Lever_Start_L0_BlendBone</identifier>
							<transform>
								<row0>1.000000 0.000000 0.000000</row0>
								<row1>0.000000 0.939394 0.342840</row1>
								<row2>0.000000 0.342840 -0.939394</row2>
								<row3>1.147532 0.231921 -2.088288</row3>
							</transform>
						</node>
					</node>
					<node>
						<identifier>Lever_Start_L1</identifier>
						<transform>
							<row0>1.000000 0.000000 0.000000</row0>
							<row1>0.000000 0.939394 -0.342840</row1>
							<row2>0.000000 0.342840 0.939394</row2>
							<row3>-1.147532 -0.528499 1.155642</row3>
						</transform>
						<node>
							<identifier>Lever_Joint_L1</identifier>
							<transform>
								<row0>1.000000 0.000000 0.000000</row0>
								<row1>0.000000 0.939394 0.342840</row1>
								<row2>0.000000 -0.342840 0.939394</row2>
								<row3>0.000000 0.000062 -0.325940</row3>
							</transform>
							<node>
								<identifier>Track_L1</identifier>
								<transform>
									<row0>1.000000 0.000000 -0.000000</row0>
									<row1>0.000000 1.000000 0.000000</row1>
									<row2>0.000000 0.000000 1.000000</row2>
									<row3>0.000000 -0.386396 0.000000</row3>
								</transform>
								<node>
									<identifier>Track_L1_BlendBone</identifier>
									<transform>
										<row0>1.000000 0.000000 0.000000</row0>
										<row1>0.000000 1.000000 0.000000</row1>
										<row2>0.000000 0.000000 -1.000000</row2>
										<row3>1.147532 0.000000 -0.849435</row3>
									</transform>
								</node>
							</node>
							<node>
								<identifier>W_L1</identifier>
								<transform>
									<row0>1.000000 0.000000 -0.000000</row0>
									<row1>0.000000 1.000000 0.000000</row1>
									<row2>0.000000 0.000000 1.000000</row2>
									<row3>-0.070000 0.000000 0.000000</row3>
								</transform>
								<node>
									<identifier>W_L1_BlendBone</identifier>
									<transform>
										<row0>1.000000 0.000000 0.000000</row0>
										<row1>0.000000 1.000000 0.000000</row1>
										<row2>0.000000 0.000000 -1.000000</row2>
										<row3>1.217532 -0.386396 -0.849435</row3>
									</transform>
								</node>
							</node>
							<node>
								<identifier>Lever_Joint_L1_BlendBone</identifier>
								<transform>
									<row0>1.000000 0.000000 0.000000</row0>
									<row1>0.000000 1.000000 0.000000</row1>
									<row2>0.000000 0.000000 -1.000000</row2>
									<row3>1.147532 -0.386396 -0.849435</row3>
								</transform>
							</node>
						</node>
						<node>
							<identifier>Lever_Start_L1_BlendBone</identifier>
							<transform>
								<row0>1.000000 0.000000 0.000000</row0>
								<row1>0.000000 0.939394 0.342840</row1>
								<row2>0.000000 0.342840 -0.939394</row2>
								<row3>1.147532 -0.071696 -1.256366</row3>
							</transform>
						</node>
					</node>
					<node>
						<identifier>Lever_Start_L2</identifier>
						<transform>
							<row0>1.000000 0.000000 0.000000</row0>
							<row1>0.000000 0.939394 -0.342840</row1>
							<row2>0.000000 0.342840 0.939394</row2>
							<row3>-1.147532 -0.528499 0.296625</row3>
						</transform>
						<node>
							<identifier>Lever_Joint_L2</identifier>
							<transform>
								<row0>1.000000 0.000000 0.000000</row0>
								<row1>0.000000 0.939394 0.342840</row1>
								<row2>0.000000 -0.342840 0.939394</row2>
								<row3>0.000000 0.000331 -0.326676</row3>
							</transform>
							<node>
								<identifier>Track_L2</identifier>
								<transform>
									<row0>1.000000 0.000000 0.000000</row0>
									<row1>0.000000 1.000000 0.000000</row1>
									<row2>0.000000 0.000000 1.000000</row2>
									<row3>0.000000 -0.386396 0.000000</row3>
								</transform>
								<node>
									<identifier>Track_L2_BlendBone</identifier>
									<transform>
										<row0>1.000000 0.000000 0.000000</row0>
										<row1>0.000000 1.000000 0.000000</row1>
										<row2>0.000000 0.000000 -1.000000</row2>
										<row3>1.147532 0.000000 0.010366</row3>
									</transform>
								</node>
							</node>
							<node>
								<identifier>W_L2</identifier>
								<transform>
									<row0>1.000000 0.000000 0.000000</row0>
									<row1>0.000000 1.000000 0.000000</row1>
									<row2>0.000000 0.000000 1.000000</row2>
									<row3>-0.070000 0.000000 0.000000</row3>
								</transform>
								<node>
									<identifier>W_L2_BlendBone</identifier>
									<transform>
										<row0>1.000000 0.000000 0.000000</row0>
										<row1>0.000000 1.000000 0.000000</row1>
										<row2>0.000000 0.000000 -1.000000</row2>
										<row3>1.217532 -0.386396 0.010366</row3>
									</transform>
								</node>
							</node>
							<node>
								<identifier>Lever_Joint_L2_BlendBone</identifier>
								<transform>
									<row0>1.000000 0.000000 0.000000</row0>
									<row1>0.000000 1.000000 0.000000</row1>
									<row2>0.000000 0.000000 -1.000000</row2>
									<row3>1.147532 -0.386396 0.010366</row3>
								</transform>
							</node>
						</node>
						<node>
							<identifier>Lever_Start_L2_BlendBone</identifier>
							<transform>
								<row0>1.000000 0.000000 0.000000</row0>
								<row1>0.000000 0.939394 0.342840</row1>
								<row2>0.000000 0.342840 -0.939394</row2>
								<row3>1.147532 -0.366202 -0.449410</row3>
							</transform>
						</node>
					</node>
					<node>
						<identifier>Lever_Start_L3</identifier>
						<transform>
							<row0>1.000000 0.000000 0.000000</row0>
							<row1>0.000000 0.939394 -0.342840</row1>
							<row2>0.000000 0.342840 0.939394</row2>
							<row3>-1.147532 -0.528500 -0.533723</row3>
						</transform>
						<node>
							<identifier>Lever_Joint_L3</identifier>
							<transform>
								<row0>1.000000 -0.000000 0.000000</row0>
								<row1>0.000000 0.939394 0.342840</row1>
								<row2>0.000000 -0.342840 0.939394</row2>
								<row3>0.000000 0.000144 -0.326164</row3>
							</transform>
							<node>
								<identifier>Track_L3</identifier>
								<transform>
									<row0>1.000000 0.000000 0.000000</row0>
									<row1>0.000000 1.000000 0.000000</row1>
									<row2>0.000000 0.000000 1.000000</row2>
									<row3>0.000000 -0.386396 0.000000</row3>
								</transform>
								<node>
									<identifier>Track_L3_BlendBone</identifier>
									<transform>
										<row0>1.000000 0.000000 0.000000</row0>
										<row1>0.000000 1.000000 0.000000</row1>
										<row2>0.000000 0.000000 -1.000000</row2>
										<row3>1.147532 0.000000 0.840168</row3>
									</transform>
								</node>
							</node>
							<node>
								<identifier>W_L3</identifier>
								<transform>
									<row0>1.000000 0.000000 0.000000</row0>
									<row1>0.000000 1.000000 0.000000</row1>
									<row2>0.000000 0.000000 1.000000</row2>
									<row3>-0.070000 0.000000 0.000000</row3>
								</transform>
								<node>
									<identifier>W_L3_BlendBone</identifier>
									<transform>
										<row0>1.000000 0.000000 0.000000</row0>
										<row1>0.000000 1.000000 0.000000</row1>
										<row2>0.000000 0.000000 -1.000000</row2>
										<row3>1.217532 -0.386396 0.840168</row3>
									</transform>
								</node>
							</node>
							<node>
								<identifier>Lever_Joint_L3_BlendBone</identifier>
								<transform>
									<row0>1.000000 0.000000 0.000000</row0>
									<row1>0.000000 1.000000 0.000000</row1>
									<row2>0.000000 0.000000 -1.000000</row2>
									<row3>1.147532 -0.386396 0.840168</row3>
								</transform>
							</node>
						</node>
						<node>
							<identifier>Lever_Start_L3_BlendBone</identifier>
							<transform>
								<row0>1.000000 0.000000 0.000000</row0>
								<row1>0.000000 0.939394 0.342840</row1>
								<row2>0.000000 0.342840 -0.939394</row2>
								<row3>1.147532 -0.650878 0.330613</row3>
							</transform>
						</node>
					</node>
					<node>
						<identifier>Lever_Start_L4</identifier>
						<transform>
							<row0>1.000000 0.000000 0.000000</row0>
							<row1>0.000000 0.939394 -0.342840</row1>
							<row2>0.000000 0.342840 0.939394</row2>
							<row3>-1.147532 -0.528500 -1.433209</row3>
						</transform>
						<node>
							<identifier>Lever_Joint_L4</identifier>
							<transform>
								<row0>1.000000 0.000000 0.000000</row0>
								<row1>0.000000 0.939394 0.342840</row1>
								<row2>0.000000 -0.342840 0.939394</row2>
								<row3>0.000000 0.000337 -0.326692</row3>
							</transform>
							<node>
								<identifier>Track_L4</identifier>
								<transform>
									<row0>1.000000 0.000000 0.000000</row0>
									<row1>0.000000 1.000000 0.000000</row1>
									<row2>0.000000 -0.000000 1.000000</row2>
									<row3>-0.000000 -0.386396 0.000000</row3>
								</transform>
								<node>
									<identifier>Track_L4_BlendBone</identifier>
									<transform>
										<row0>1.000000 0.000000 0.000000</row0>
										<row1>0.000000 1.000000 0.000000</row1>
										<row2>0.000000 0.000000 -1.000000</row2>
										<row3>1.147532 0.000000 1.740217</row3>
									</transform>
								</node>
							</node>
							<node>
								<identifier>W_L4</identifier>
								<transform>
									<row0>1.000000 0.000000 0.000000</row0>
									<row1>0.000000 1.000000 0.000000</row1>
									<row2>0.000000 -0.000000 1.000000</row2>
									<row3>-0.070000 0.000000 0.000000</row3>
								</transform>
								<node>
									<identifier>W_L4_BlendBone</identifier>
									<transform>
										<row0>1.000000 0.000000 0.000000</row0>
										<row1>0.000000 1.000000 0.000000</row1>
										<row2>0.000000 0.000000 -1.000000</row2>
										<row3>1.217532 -0.386396 1.740217</row3>
									</transform>
								</node>
							</node>
							<node>
								<identifier>Lever_Joint_L4_BlendBone</identifier>
								<transform>
									<row0>1.000000 0.000000 0.000000</row0>
									<row1>0.000000 1.000000 0.000000</row1>
									<row2>0.000000 0.000000 -1.000000</row2>
									<row3>1.147532 -0.386396 1.740217</row3>
								</transform>
							</node>
						</node>
						<node>
							<identifier>Lever_Start_L4_BlendBone</identifier>
							<transform>
								<row0>1.000000 0.000000 0.000000</row0>
								<row1>0.000000 0.939394 0.342840</row1>
								<row2>0.000000 0.342840 -0.939394</row2>
								<row3>1.147532 -0.959257 1.175585</row3>
							</transform>
						</node>
					</node>
					<node>
						<identifier>Lever_Start_R0</identifier>
						<transform>
							<row0>1.000000 0.000000 0.000000</row0>
							<row1>0.000000 0.939394 -0.342840</row1>
							<row2>0.000000 0.342840 0.939394</row2>
							<row3>1.147532 -0.528499 2.041237</row3>
						</transform>
						<node>
							<identifier>Lever_Joint_R0</identifier>
							<transform>
								<row0>1.000000 0.000000 0.000000</row0>
								<row1>0.000000 0.939394 0.342840</row1>
								<row2>-0.000000 -0.342840 0.939394</row2>
								<row3>0.000000 -0.000059 -0.325609</row3>
							</transform>
							<node>
								<identifier>Track_R0</identifier>
								<transform>
									<row0>1.000000 0.000000 0.000000</row0>
									<row1>0.000000 1.000000 0.000000</row1>
									<row2>-0.000000 -0.000000 1.000000</row2>
									<row3>0.000000 -0.386396 0.000000</row3>
								</transform>
								<node>
									<identifier>Track_R0_BlendBone</identifier>
									<transform>
										<row0>1.000000 0.000000 0.000000</row0>
										<row1>0.000000 1.000000 0.000000</row1>
										<row2>0.000000 0.000000 -1.000000</row2>
										<row3>-1.147532 0.000000 -1.735382</row3>
									</transform>
								</node>
							</node>
							<node>
								<identifier>W_R0</identifier>
								<transform>
									<row0>1.000000 0.000000 0.000000</row0>
									<row1>0.000000 1.000000 0.000000</row1>
									<row2>-0.000000 -0.000000 1.000000</row2>
									<row3>0.070000 -0.000000 0.000000</row3>
								</transform>
								<node>
									<identifier>W_R0_BlendBone</identifier>
									<transform>
										<row0>1.000000 0.000000 0.000000</row0>
										<row1>0.000000 1.000000 0.000000</row1>
										<row2>0.000000 0.000000 -1.000000</row2>
										<row3>-1.217532 -0.386396 -1.735382</row3>
									</transform>
								</node>
							</node>
							<node>
								<identifier>Lever_Joint_R0_BlendBone</identifier>
								<transform>
									<row0>1.000000 0.000000 0.000000</row0>
									<row1>0.000000 1.000000 0.000000</row1>
									<row2>0.000000 0.000000 -1.000000</row2>
									<row3>-1.147532 -0.386396 -1.735382</row3>
								</transform>
							</node>
						</node>
						<node>
							<identifier>Lever_Start_R0_BlendBone</identifier>
							<transform>
								<row0>1.000000 0.000000 0.000000</row0>
								<row1>0.000000 0.939394 0.342840</row1>
								<row2>0.000000 0.342840 -0.939394</row2>
								<row3>-1.147532 0.231921 -2.088288</row3>
							</transform>
						</node>
					</node>
					<node>
						<identifier>Lever_Start_R1</identifier>
						<transform>
							<row0>1.000000 0.000000 0.000000</row0>
							<row1>0.000000 0.939394 -0.342840</row1>
							<row2>0.000000 0.342840 0.939394</row2>
							<row3>1.147532 -0.528499 1.155642</row3>
						</transform>
						<node>
							<identifier>Lever_Joint_R1</identifier>
							<transform>
								<row0>1.000000 0.000000 0.000000</row0>
								<row1>-0.000000 0.939394 0.342840</row1>
								<row2>-0.000000 -0.342840 0.939394</row2>
								<row3>0.000000 0.000062 -0.325940</row3>
							</transform>
							<node>
								<identifier>Track_R1</identifier>
								<transform>
									<row0>1.000000 0.000000 0.000000</row0>
									<row1>0.000000 1.000000 0.000000</row1>
									<row2>0.000000 0.000000 1.000000</row2>
									<row3>0.000000 -0.386396 0.000000</row3>
								</transform>
								<node>
									<identifier>Track_R1_BlendBone</identifier>
									<transform>
										<row0>1.000000 0.000000 0.000000</row0>
										<row1>0.000000 1.000000 0.000000</row1>
										<row2>0.000000 0.000000 -1.000000</row2>
										<row3>-1.147532 0.000000 -0.849435</row3>
									</transform>
								</node>
							</node>
							<node>
								<identifier>W_R1</identifier>
								<transform>
									<row0>1.000000 0.000000 0.000000</row0>
									<row1>0.000000 1.000000 0.000000</row1>
									<row2>0.000000 0.000000 1.000000</row2>
									<row3>0.070000 0.000000 0.000000</row3>
								</transform>
								<node>
									<identifier>W_R1_BlendBone</identifier>
									<transform>
										<row0>1.000000 0.000000 0.000000</row0>
										<row1>0.000000 1.000000 0.000000</row1>
										<row2>0.000000 0.000000 -1.000000</row2>
										<row3>-1.217532 -0.386396 -0.849435</row3>
									</transform>
								</node>
							</node>
							<node>
								<identifier>Lever_Joint_R1_BlendBone</identifier>
								<transform>
									<row0>1.000000 0.000000 0.000000</row0>
									<row1>0.000000 1.000000 0.000000</row1>
									<row2>0.000000 0.000000 -1.000000</row2>
									<row3>-1.147532 -0.386396 -0.849435</row3>
								</transform>
							</node>
						</node>
						<node>
							<identifier>Lever_Start_R1_BlendBone</identifier>
							<transform>
								<row0>1.000000 0.000000 0.000000</row0>
								<row1>0.000000 0.939394 0.342840</row1>
								<row2>0.000000 0.342840 -0.939394</row2>
								<row3>-1.147532 -0.071696 -1.256366</row3>
							</transform>
						</node>
					</node>
					<node>
						<identifier>Lever_Start_R2</identifier>
						<transform>
							<row0>1.000000 0.000000 0.000000</row0>
							<row1>0.000000 0.939394 -0.342840</row1>
							<row2>0.000000 0.342840 0.939394</row2>
							<row3>1.147532 -0.528499 0.296625</row3>
						</transform>
						<node>
							<identifier>Lever_Joint_R2</identifier>
							<transform>
								<row0>1.000000 0.000000 0.000000</row0>
								<row1>0.000000 0.939394 0.342840</row1>
								<row2>0.000000 -0.342840 0.939394</row2>
								<row3>0.000000 0.000331 -0.326676</row3>
							</transform>
							<node>
								<identifier>Track_R2</identifier>
								<transform>
									<row0>1.000000 0.000000 -0.000000</row0>
									<row1>0.000000 1.000000 0.000000</row1>
									<row2>0.000000 0.000000 1.000000</row2>
									<row3>0.000000 -0.386396 0.000000</row3>
								</transform>
								<node>
									<identifier>Track_R2_BlendBone</identifier>
									<transform>
										<row0>1.000000 0.000000 0.000000</row0>
										<row1>0.000000 1.000000 0.000000</row1>
										<row2>0.000000 0.000000 -1.000000</row2>
										<row3>-1.147532 0.000000 0.010366</row3>
									</transform>
								</node>
							</node>
							<node>
								<identifier>W_R2</identifier>
								<transform>
									<row0>1.000000 0.000000 -0.000000</row0>
									<row1>0.000000 1.000000 0.000000</row1>
									<row2>0.000000 0.000000 1.000000</row2>
									<row3>0.070000 0.000000 0.000000</row3>
								</transform>
								<node>
									<identifier>W_R2_BlendBone</identifier>
									<transform>
										<row0>1.000000 0.000000 0.000000</row0>
										<row1>0.000000 1.000000 0.000000</row1>
										<row2>0.000000 0.000000 -1.000000</row2>
										<row3>-1.217532 -0.386396 0.010366</row3>
									</transform>
								</node>
							</node>
							<node>
								<identifier>Lever_Joint_R2_BlendBone</identifier>
								<transform>
									<row0>1.000000 0.000000 0.000000</row0>
									<row1>0.000000 1.000000 0.000000</row1>
									<row2>0.000000 0.000000 -1.000000</row2>
									<row3>-1.147532 -0.386396 0.010366</row3>
								</transform>
							</node>
						</node>
						<node>
							<identifier>Lever_Start_R2_BlendBone</identifier>
							<transform>
								<row0>1.000000 0.000000 0.000000</row0>
								<row1>0.000000 0.939394 0.342840</row1>
								<row2>0.000000 0.342840 -0.939394</row2>
								<row3>-1.147532 -0.366202 -0.449410</row3>
							</transform>
						</node>
					</node>
					<node>
						<identifier>Lever_Start_R3</identifier>
						<transform>
							<row0>1.000000 0.000000 0.000000</row0>
							<row1>0.000000 0.939394 -0.342840</row1>
							<row2>0.000000 0.342840 0.939394</row2>
							<row3>1.147532 -0.528500 -0.533723</row3>
						</transform>
						<node>
							<identifier>Lever_Joint_R3</identifier>
							<transform>
								<row0>1.000000 0.000000 0.000000</row0>
								<row1>0.000000 0.939394 0.342840</row1>
								<row2>0.000000 -0.342840 0.939394</row2>
								<row3>0.000000 0.000144 -0.326164</row3>
							</transform>
							<node>
								<identifier>Track_R3</identifier>
								<transform>
									<row0>1.000000 0.000000 0.000000</row0>
									<row1>0.000000 1.000000 0.000000</row1>
									<row2>0.000000 0.000000 1.000000</row2>
									<row3>0.000000 -0.386396 0.000000</row3>
								</transform>
								<node>
									<identifier>Track_R3_BlendBone</identifier>
									<transform>
										<row0>1.000000 0.000000 0.000000</row0>
										<row1>0.000000 1.000000 0.000000</row1>
										<row2>0.000000 0.000000 -1.000000</row2>
										<row3>-1.147532 0.000000 0.840168</row3>
									</transform>
								</node>
							</node>
							<node>
								<identifier>W_R3</identifier>
								<transform>
									<row0>1.000000 0.000000 0.000000</row0>
									<row1>0.000000 1.000000 0.000000</row1>
									<row2>0.000000 0.000000 1.000000</row2>
									<row3>0.070000 0.000000 0.000000</row3>
								</transform>
								<node>
									<identifier>W_R3_BlendBone</identifier>
									<transform>
										<row0>1.000000 0.000000 0.000000</row0>
										<row1>0.000000 1.000000 0.000000</row1>
										<row2>0.000000 0.000000 -1.000000</row2>
										<row3>-1.217532 -0.386396 0.840168</row3>
									</transform>
								</node>
							</node>
							<node>
								<identifier>Lever_Joint_R3_BlendBone</identifier>
								<transform>
									<row0>1.000000 0.000000 0.000000</row0>
									<row1>0.000000 1.000000 0.000000</row1>
									<row2>0.000000 0.000000 -1.000000</row2>
									<row3>-1.147532 -0.386396 0.840168</row3>
								</transform>
							</node>
						</node>
						<node>
							<identifier>Lever_Start_R3_BlendBone</identifier>
							<transform>
								<row0>1.000000 0.000000 0.000000</row0>
								<row1>0.000000 0.939394 0.342840</row1>
								<row2>0.000000 0.342840 -0.939394</row2>
								<row3>-1.147532 -0.650878 0.330613</row3>
							</transform>
						</node>
					</node>
					<node>
						<identifier>Lever_Start_R4</identifier>
						<transform>
							<row0>1.000000 0.000000 0.000000</row0>
							<row1>0.000000 0.939394 -0.342840</row1>
							<row2>0.000000 0.342840 0.939394</row2>
							<row3>1.147532 -0.528500 -1.433209</row3>
						</transform>
						<node>
							<identifier>Lever_Joint_R4</identifier>
							<transform>
								<row0>1.000000 0.000000 0.000000</row0>
								<row1>0.000000 0.939394 0.342840</row1>
								<row2>-0.000000 -0.342840 0.939394</row2>
								<row3>0.000000 0.000337 -0.326692</row3>
							</transform>
							<node>
								<identifier>Track_R4</identifier>
								<transform>
									<row0>1.000000 0.000000 0.000000</row0>
									<row1>0.000000 1.000000 0.000000</row1>
									<row2>-0.000000 -0.000000 1.000000</row2>
									<row3>0.000000 -0.386396 0.000000</row3>
								</transform>
								<node>
									<identifier>Track_R4_BlendBone</identifier>
									<transform>
										<row0>1.000000 0.000000 0.000000</row0>
										<row1>0.000000 1.000000 0.000000</row1>
										<row2>0.000000 0.000000 -1.000000</row2>
										<row3>-1.147532 0.000000 1.740217</row3>
									</transform>
								</node>
							</node>
							<node>
								<identifier>W_R4</identifier>
								<transform>
									<row0>1.000000 0.000000 0.000000</row0>
									<row1>0.000000 1.000000 0.000000</row1>
									<row2>-0.000000 -0.000000 1.000000</row2>
									<row3>0.070000 0.000000 0.000000</row3>
								</transform>
								<node>
									<identifier>W_R4_BlendBone</identifier>
									<transform>
										<row0>1.000000 0.000000 0.000000</row0>
										<row1>0.000000 1.000000 0.000000</row1>
										<row2>0.000000 0.000000 -1.000000</row2>
										<row3>-1.217532 -0.386396 1.740217</row3>
									</transform>
								</node>
							</node>
							<node>
								<identifier>Lever_Joint_R4_BlendBone</identifier>
								<transform>
									<row0>1.000000 0.000000 0.000000</row0>
									<row1>0.000000 1.000000 0.000000</row1>
									<row2>0.000000 0.000000 -1.000000</row2>
									<row3>-1.147532 -0.386396 1.740217</row3>
								</transform>
							</node>
						</node>
						<node>
							<identifier>Lever_Start_R4_BlendBone</identifier>
							<transform>
								<row0>1.000000 0.000000 0.000000</row0>
								<row1>0.000000 0.939394 0.342840</row1>
								<row2>0.000000 0.342840 -0.939394</row2>
								<row3>-1.147532 -0.959257 1.175585</row3>
							</transform>
						</node>
					</node>
					<node>
						<identifier>Track_VT_L0</identifier>
						<transform>
							<row0>1.000000 0.000000 0.000000</row0>
							<row1>0.000000 1.000000 0.000000</row1>
							<row2>0.000000 0.000000 1.000000</row2>
							<row3>-1.151644 0.104661 1.862235</row3>
						</transform>
						<node>
							<identifier>Track_VT_L0_BlendBone</identifier>
							<transform>
								<row0>1.000000 0.000000 0.000000</row0>
								<row1>0.000000 1.000000 0.000000</row1>
								<row2>0.000000 0.000000 -1.000000</row2>
								<row3>1.151644 -1.131243 -1.862235</row3>
							</transform>
						</node>
					</node>
					<node>
						<identifier>Track_VT_L1</identifier>
						<transform>
							<row0>1.000000 0.000000 0.000000</row0>
							<row1>0.000000 1.000000 0.000000</row1>
							<row2>0.000000 0.000000 1.000000</row2>
							<row3>-1.151899 0.095921 -0.015060</row3>
						</transform>
						<node>
							<identifier>Track_VT_L1_BlendBone</identifier>
							<transform>
								<row0>1.000000 0.000000 0.000000</row0>
								<row1>0.000000 1.000000 0.000000</row1>
								<row2>0.000000 0.000000 -1.000000</row2>
								<row3>1.151899 -1.122503 0.015060</row3>
							</transform>
						</node>
					</node>
					<node>
						<identifier>Track_VT_L2</identifier>
						<transform>
							<row0>1.000000 0.000000 0.000000</row0>
							<row1>0.000000 1.000000 0.000000</row1>
							<row2>0.000000 0.000000 1.000000</row2>
							<row3>-1.151899 0.095564 -1.887337</row3>
						</transform>
						<node>
							<identifier>Track_VT_L2_BlendBone</identifier>
							<transform>
								<row0>1.000000 0.000000 0.000000</row0>
								<row1>0.000000 1.000000 0.000000</row1>
								<row2>0.000000 0.000000 -1.000000</row2>
								<row3>1.151899 -1.122146 1.887337</row3>
							</transform>
						</node>
					</node>
					<node>
						<identifier>Track_VT_R0</identifier>
						<transform>
							<row0>1.000000 0.000000 0.000000</row0>
							<row1>0.000000 1.000000 0.000000</row1>
							<row2>0.000000 0.000000 1.000000</row2>
							<row3>1.143421 0.104661 1.862260</row3>
						</transform>
						<node>
							<identifier>Track_VT_R0_BlendBone</identifier>
							<transform>
								<row0>1.000000 0.000000 0.000000</row0>
								<row1>0.000000 1.000000 0.000000</row1>
								<row2>0.000000 0.000000 -1.000000</row2>
								<row3>-1.143421 -1.131243 -1.862260</row3>
							</transform>
						</node>
					</node>
					<node>
						<identifier>Track_VT_R1</identifier>
						<transform>
							<row0>1.000000 0.000000 0.000000</row0>
							<row1>0.000000 1.000000 0.000000</row1>
							<row2>0.000000 0.000000 1.000000</row2>
							<row3>1.143166 0.095921 -0.015036</row3>
						</transform>
						<node>
							<identifier>Track_VT_R1_BlendBone</identifier>
							<transform>
								<row0>1.000000 0.000000 0.000000</row0>
								<row1>0.000000 1.000000 0.000000</row1>
								<row2>0.000000 0.000000 -1.000000</row2>
								<row3>-1.143166 -1.122503 0.015036</row3>
							</transform>
						</node>
					</node>
					<node>
						<identifier>Track_VT_R2</identifier>
						<transform>
							<row0>1.000000 0.000000 0.000000</row0>
							<row1>0.000000 1.000000 0.000000</row1>
							<row2>0.000000 0.000000 1.000000</row2>
							<row3>1.143166 0.095564 -1.887338</row3>
						</transform>
						<node>
							<identifier>Track_VT_R2_BlendBone</identifier>
							<transform>
								<row0>1.000000 0.000000 0.000000</row0>
								<row1>0.000000 1.000000 0.000000</row1>
								<row2>0.000000 0.000000 -1.000000</row2>
								<row3>-1.143166 -1.122146 1.887338</row3>
							</transform>
						</node>
					</node>
					<node>
						<identifier>WD_L0</identifier>
						<transform>
							<row0>1.000000 0.000000 0.000000</row0>
							<row1>0.000000 1.000000 0.000000</row1>
							<row2>0.000000 0.000000 1.000000</row2>
							<row3>-1.147532 -0.227850 2.489487</row3>
						</transform>
						<node>
							<identifier>WD_L0_BlendBone</identifier>
							<transform>
								<row0>1.000000 0.000000 0.000000</row0>
								<row1>0.000000 1.000000 0.000000</row1>
								<row2>0.000000 0.000000 -1.000000</row2>
								<row3>1.147532 -0.798733 -2.489487</row3>
							</transform>
						</node>
					</node>
					<node>
						<identifier>WD_L1</identifier>
						<transform>
							<row0>1.000000 0.000000 0.000000</row0>
							<row1>0.000000 1.000000 0.000000</row1>
							<row2>0.000000 0.000000 1.000000</row2>
							<row3>-1.147532 -0.079801 1.234983</row3>
						</transform>
						<node>
							<identifier>WD_L1_BlendBone</identifier>
							<transform>
								<row0>1.000000 0.000000 0.000000</row0>
								<row1>0.000000 1.000000 0.000000</row1>
								<row2>0.000000 0.000000 -1.000000</row2>
								<row3>1.147532 -0.946782 -1.234983</row3>
							</transform>
						</node>
					</node>
					<node>
						<identifier>WD_L2</identifier>
						<transform>
							<row0>1.000000 0.000000 0.000000</row0>
							<row1>0.000000 1.000000 0.000000</row1>
							<row2>0.000000 0.000000 1.000000</row2>
							<row3>-1.147532 -0.079801 -1.265103</row3>
						</transform>
						<node>
							<identifier>WD_L2_BlendBone</identifier>
							<transform>
								<row0>1.000000 0.000000 0.000000</row0>
								<row1>0.000000 1.000000 0.000000</row1>
								<row2>0.000000 0.000000 -1.000000</row2>
								<row3>1.147532 -0.946782 1.265103</row3>
							</transform>
						</node>
					</node>
					<node>
						<identifier>WD_L3</identifier>
						<transform>
							<row0>1.000000 0.000000 0.000000</row0>
							<row1>0.000000 1.000000 0.000000</row1>
							<row2>0.000000 0.000000 1.000000</row2>
							<row3>-1.147532 -0.205040 -2.509572</row3>
						</transform>
						<node>
							<identifier>WD_L3_BlendBone</identifier>
							<transform>
								<row0>1.000000 0.000000 0.000000</row0>
								<row1>0.000000 1.000000 0.000000</row1>
								<row2>0.000000 0.000000 -1.000000</row2>
								<row3>1.147532 -0.821542 2.509572</row3>
							</transform>
						</node>
					</node>
					<node>
						<identifier>WD_R0</identifier>
						<transform>
							<row0>1.000000 0.000000 0.000000</row0>
							<row1>0.000000 1.000000 0.000000</row1>
							<row2>0.000000 0.000000 1.000000</row2>
							<row3>1.147532 -0.227850 2.489487</row3>
						</transform>
						<node>
							<identifier>WD_R0_BlendBone</identifier>
							<transform>
								<row0>1.000000 0.000000 0.000000</row0>
								<row1>0.000000 1.000000 0.000000</row1>
								<row2>0.000000 0.000000 -1.000000</row2>
								<row3>-1.147532 -0.798733 -2.489487</row3>
							</transform>
						</node>
					</node>
					<node>
						<identifier>WD_R1</identifier>
						<transform>
							<row0>1.000000 0.000000 0.000000</row0>
							<row1>0.000000 1.000000 0.000000</row1>
							<row2>0.000000 0.000000 1.000000</row2>
							<row3>1.147532 -0.089675 1.235032</row3>
						</transform>
						<node>
							<identifier>WD_R1_BlendBone</identifier>
							<transform>
								<row0>1.000000 0.000000 0.000000</row0>
								<row1>0.000000 1.000000 0.000000</row1>
								<row2>0.000000 0.000000 -1.000000</row2>
								<row3>-1.147532 -0.936908 -1.235032</row3>
							</transform>
						</node>
					</node>
					<node>
						<identifier>WD_R2</identifier>
						<transform>
							<row0>1.000000 0.000000 0.000000</row0>
							<row1>0.000000 1.000000 0.000000</row1>
							<row2>0.000000 0.000000 1.000000</row2>
							<row3>1.147532 -0.079802 -1.265105</row3>
						</transform>
						<node>
							<identifier>WD_R2_BlendBone</identifier>
							<transform>
								<row0>1.000000 0.000000 0.000000</row0>
								<row1>0.000000 1.000000 0.000000</row1>
								<row2>0.000000 0.000000 -1.000000</row2>
								<row3>-1.147532 -0.946781 1.265105</row3>
							</transform>
						</node>
					</node>
					<node>
						<identifier>WD_R3</identifier>
						<transform>
							<row0>1.000000 0.000000 0.000000</row0>
							<row1>0.000000 1.000000 0.000000</row1>
							<row2>0.000000 0.000000 1.000000</row2>
							<row3>1.147532 -0.205040 -2.509572</row3>
						</transform>
						<node>
							<identifier>WD_R3_BlendBone</identifier>
							<transform>
								<row0>1.000000 0.000000 0.000000</row0>
								<row1>0.000000 1.000000 0.000000</row1>
								<row2>0.000000 0.000000 -1.000000</row2>
								<row3>-1.147532 -0.821542 2.509572</row3>
							</transform>
						</node>
					</node>
					<node>
						<identifier>V_BlendBone</identifier>
						<transform>
							<row0>1.000000 0.000000 0.000000</row0>
							<row1>0.000000 1.000000 0.000000</row1>
							<row2>0.000000 0.000000 -1.000000</row2>
							<row3>0.000000 -1.026583 0.000000</row3>
						</transform>
					</node>
				</node>
				<node>
					<identifier>Tank_BlendBone</identifier>
					<transform>
						<row0>1.000000 0.000000 0.000000</row0>
						<row1>0.000000 1.000000 0.000000</row1>
						<row2>0.000000 0.000000 -1.000000</row2>
						<row3>0.000000 -0.500000 0.000000</row3>
					</transform>
				</node>
			</node>
		</node>
	</node>
	<renderSet>
		<treatAsWorldSpaceObject>true</treatAsWorldSpaceObject>
		<node>V_BlendBone</node>
		<geometry>
			<vertices>chassis_L_Shape.vertices</vertices>
			<primitive>chassis_L_Shape.indices</primitive>
			<primitiveGroup>
				0
				<material>
					<identifier>tank_chassis_01_skinned</identifier>
					<collisionFlags>0</collisionFlags>
					<materialKind>0</materialKind>
					<fx>shaders/std_effects/PBS_tank_skinned.fx</fx>
					<property>
						metallicGlossMap
						<Texture>vehicles/german/G147_Kunze_Panzer/G147_Kunze_Panzer_proxy_GMM.dds</Texture>
					</property>
					<property>
						normalMap
						<Texture>vehicles/german/G147_Kunze_Panzer/G147_Kunze_Panzer_proxy_ANM.dds</Texture>
					</property>
					<property>
						diffuseMap
						<Texture>vehicles/german/G147_Kunze_Panzer/G147_Kunze_Panzer_proxy_AM.dds</Texture>
					</property>
					<property>
						excludeMaskAndAOMap
						<Texture>vehicles/german/G147_Kunze_Panzer/G147_Kunze_Panzer_proxy_AO.dds</Texture>
					</property>
					<property>
						colorIdMap
						<Texture>vehicles/russian/common/common_ID.dds</Texture>
					</property>
					<property>
						alphaReference
						<Int>64</Int>
					</property>
					<property>
						alphaTestEnable
						<Bool>true</Bool>
					</property>
				</material>
				<groupOrigin>-1.075642 0.600454 0.006766</groupOrigin>
			</primitiveGroup>
		</geometry>
	</renderSet>
	<renderSet>
		<treatAsWorldSpaceObject>true</treatAsWorldSpaceObject>
		<node>V_BlendBone</node>
		<geometry>
			<vertices>chassis_R_Shape.vertices</vertices>
			<primitive>chassis_R_Shape.indices</primitive>
			<primitiveGroup>
				0
				<material>
					<identifier>tank_chassis_01_skinned</identifier>
					<collisionFlags>0</collisionFlags>
					<materialKind>0</materialKind>
					<fx>shaders/std_effects/PBS_tank_skinned.fx</fx>
					<property>
						metallicGlossMap
						<Texture>vehicles/german/G147_Kunze_Panzer/G147_Kunze_Panzer_proxy_GMM.dds</Texture>
					</property>
					<property>
						normalMap
						<Texture>vehicles/german/G147_Kunze_Panzer/G147_Kunze_Panzer_proxy_ANM.dds</Texture>
					</property>
					<property>
						diffuseMap
						<Texture>vehicles/german/G147_Kunze_Panzer/G147_Kunze_Panzer_proxy_AM.dds</Texture>
					</property>
					<property>
						excludeMaskAndAOMap
						<Texture>vehicles/german/G147_Kunze_Panzer/G147_Kunze_Panzer_proxy_AO.dds</Texture>
					</property>
					<property>
						colorIdMap
						<Texture>vehicles/russian/common/common_ID.dds</Texture>
					</property>
					<property>
						alphaReference
						<Int>64</Int>
					</property>
					<property>
						alphaTestEnable
						<Bool>true</Bool>
					</property>
				</material>
				<groupOrigin>1.073118 0.592124 -0.003721</groupOrigin>
			</primitiveGroup>
		</geometry>
	</renderSet>
	<constraints/>
	<boundingBox>
		<min>-1.399073 -0.008444 -2.893965</min>
		<max>1.403127 1.192692 2.880433</max>
	</boundingBox>
	<geometrySize>9116</geometrySize>
	<minUVDensity>0.004325</minUVDensity>
</root>
