<?xml version="1.0" encoding="utf-8"?>
<root>
	<node>
		<identifier>Scene Root</identifier>
		<transform>
			<row0>1.000000 0.000000 0.000000</row0>
			<row1>0.000000 1.000000 0.000000</row1>
			<row2>0.000000 0.000000 1.000000</row2>
			<row3>0.000000 0.000000 0.000000</row3>
		</transform>
		<node>
			<identifier>nodes_01</identifier>
			<transform>
				<row0>1.000000 0.000000 0.000000</row0>
				<row1>0.000000 1.000000 0.000000</row1>
				<row2>0.000000 0.000000 1.000000</row2>
				<row3>0.000000 0.000000 0.000000</row3>
			</transform>
			<node>
				<identifier>HP_Fire_1</identifier>
				<transform>
					<row0>1.000000 0.000000 0.000000</row0>
					<row1>0.000000 1.000000 0.000000</row1>
					<row2>0.000000 0.000000 1.000000</row2>
					<row3>0.000000 -0.059534 -0.458772</row3>
				</transform>
			</node>
			<node>
				<identifier>HP_Fire_2</identifier>
				<transform>
					<row0>1.000000 0.000000 0.000000</row0>
					<row1>0.000000 1.000000 0.000000</row1>
					<row2>0.000000 0.000000 1.000000</row2>
					<row3>0.000000 -0.098925 1.843966</row3>
				</transform>
			</node>
			<node>
				<identifier>HP_TrackUp_LFront</identifier>
				<transform>
					<row0>1.000000 0.000000 0.000000</row0>
					<row1>0.000000 0.237970 0.971272</row1>
					<row2>0.000000 -0.971272 0.237970</row2>
					<row3>-1.355902 -0.142991 3.819887</row3>
				</transform>
			</node>
			<node>
				<identifier>HP_TrackUp_LRear</identifier>
				<transform>
					<row0>-1.000000 0.000000 0.000000</row0>
					<row1>0.000000 0.317011 -0.948422</row1>
					<row2>-0.000000 -0.948422 -0.317011</row2>
					<row3>-1.355902 -0.103962 -3.806452</row3>
				</transform>
			</node>
			<node>
				<identifier>HP_TrackUp_RFront</identifier>
				<transform>
					<row0>1.000000 0.000000 0.000000</row0>
					<row1>0.000000 0.237970 0.971272</row1>
					<row2>0.000000 -0.971272 0.237970</row2>
					<row3>1.355902 -0.142991 3.819887</row3>
				</transform>
			</node>
			<node>
				<identifier>HP_TrackUp_RRear</identifier>
				<transform>
					<row0>-1.000000 0.000000 0.000000</row0>
					<row1>0.000000 0.317011 -0.948422</row1>
					<row2>-0.000000 -0.948422 -0.317011</row2>
					<row3>1.355902 -0.103962 -3.806452</row3>
				</transform>
			</node>
			<node>
				<identifier>HP_Track_Exhaus_1</identifier>
				<transform>
					<row0>-0.002801 0.000000 0.999996</row0>
					<row1>0.000000 1.000000 0.000000</row1>
					<row2>-0.999996 0.000000 -0.002801</row2>
					<row3>-1.565002 0.327498 0.474066</row3>
				</transform>
			</node>
			<node>
				<identifier>HP_turretJoint</identifier>
				<transform>
					<row0>1.000000 0.000000 0.000000</row0>
					<row1>0.000000 1.000000 0.000000</row1>
					<row2>0.000000 0.000000 1.000000</row2>
					<row3>-0.000398 0.480824 -1.626142</row3>
				</transform>
			</node>
		</node>
	</node>
	<renderSet>
		<treatAsWorldSpaceObject>false</treatAsWorldSpaceObject>
		<node>Scene Root</node>
		<geometry>
			<vertices>vertices</vertices>
			<primitive>indices</primitive>
			<primitiveGroup>
				0
				<material>
					<identifier>tank_hull_01</identifier>
					<property>
						selfIllumination
						<Float>0.000000</Float>
					</property>
					<collisionFlags>0</collisionFlags>
					<materialKind>0</materialKind>
					<fx>shaders/std_effects/PBS_tank.fx</fx>
					<property>
						metallicGlossMap
						<Texture>vehicles/russian/R182_ST_66/ST_66_hull_01_GMM.dds</Texture>
					</property>
					<property>
						normalMap
						<Texture>vehicles/russian/R182_ST_66/ST_66_hull_01_ANM.dds</Texture>
					</property>
					<property>
						diffuseMap
						<Texture>vehicles/russian/R182_ST_66/ST_66_hull_01_AM.dds</Texture>
					</property>
					<property>
						excludeMaskAndAOMap
						<Texture>vehicles/russian/R182_ST_66/ST_66_hull_01_AO.dds</Texture>
					</property>
					<property>
						colorIdMap
						<Texture>vehicles/russian/common/common_ID.dds</Texture>
					</property>
					<property>
						alphaReference
						<Int>64</Int>
					</property>
					<property>
						alphaTestEnable
						<Bool>true</Bool>
					</property>
				</material>
				<groupOrigin>0.007212 -0.021049 -0.131569</groupOrigin>
			</primitiveGroup>
		</geometry>
	</renderSet>
	<boundingBox>
		<min>-1.715748 -0.596735 -4.275509</min>
		<max>1.730172 0.554637 4.012372</max>
	</boundingBox>
	<geometrySize>101096</geometrySize>
	<minUVDensity>0.000555</minUVDensity>
</root>
