<?xml version="1.0" encoding="utf-8"?>
<root>
	<node>
		<identifier>Scene Root</identifier>
		<transform>
			<row0>1.000000 0.000000 0.000000</row0>
			<row1>0.000000 1.000000 0.000000</row1>
			<row2>0.000000 0.000000 1.000000</row2>
			<row3>0.000000 0.000000 0.000000</row3>
		</transform>
		<node>
			<identifier>nodes_01</identifier>
			<transform>
				<row0>1.000000 0.000000 0.000000</row0>
				<row1>0.000000 1.000000 0.000000</row1>
				<row2>0.000000 0.000000 1.000000</row2>
				<row3>0.000000 0.000000 0.000000</row3>
			</transform>
			<node>
				<identifier>HP_Fire_1</identifier>
				<transform>
					<row0>1.000000 0.000000 0.000000</row0>
					<row1>0.000000 1.000000 0.000000</row1>
					<row2>0.000000 0.000000 1.000000</row2>
					<row3>0.000000 0.070327 -2.487805</row3>
				</transform>
			</node>
			<node>
				<identifier>HP_Fire_2</identifier>
				<transform>
					<row0>1.000000 0.000000 0.000000</row0>
					<row1>0.000000 1.000000 0.000000</row1>
					<row2>0.000000 0.000000 1.000000</row2>
					<row3>0.630226 0.302389 -0.013462</row3>
				</transform>
			</node>
			<node>
				<identifier>HP_TrackUp_LFront</identifier>
				<transform>
					<row0>1.000000 0.000000 0.000000</row0>
					<row1>0.000000 0.834206 0.551454</row1>
					<row2>0.000000 -0.551454 0.834206</row2>
					<row3>-1.312052 0.095952 3.374814</row3>
				</transform>
			</node>
			<node>
				<identifier>HP_TrackUp_LRear</identifier>
				<transform>
					<row0>-1.000000 0.000000 0.000000</row0>
					<row1>0.000000 0.304194 -0.952610</row1>
					<row2>-0.000000 -0.952610 -0.304194</row2>
					<row3>-1.312052 -0.117805 -3.622621</row3>
				</transform>
			</node>
			<node>
				<identifier>HP_TrackUp_RFront</identifier>
				<transform>
					<row0>1.000000 0.000000 0.000000</row0>
					<row1>0.000000 0.834206 0.551454</row1>
					<row2>0.000000 -0.551454 0.834206</row2>
					<row3>1.312051 0.095952 3.374814</row3>
				</transform>
			</node>
			<node>
				<identifier>HP_TrackUp_RRear</identifier>
				<transform>
					<row0>-1.000000 0.000000 0.000000</row0>
					<row1>0.000000 0.304194 -0.952610</row1>
					<row2>-0.000000 -0.952610 -0.304194</row2>
					<row3>1.312051 -0.117805 -3.622621</row3>
				</transform>
			</node>
			<node>
				<identifier>HP_Track_Exhaus_1</identifier>
				<transform>
					<row0>-1.000000 0.000000 0.000000</row0>
					<row1>-0.000000 0.965926 -0.258819</row1>
					<row2>-0.000000 -0.258819 -0.965926</row2>
					<row3>-0.542381 0.240462 -3.435110</row3>
				</transform>
			</node>
			<node>
				<identifier>HP_Track_Exhaus_2</identifier>
				<transform>
					<row0>-1.000000 0.000000 0.000000</row0>
					<row1>-0.000000 0.965926 -0.258819</row1>
					<row2>-0.000000 -0.258819 -0.965926</row2>
					<row3>0.034453 0.240462 -3.435110</row3>
				</transform>
			</node>
			<node>
				<identifier>HP_turretJoint</identifier>
				<transform>
					<row0>1.000000 0.000000 0.000000</row0>
					<row1>0.000000 1.000000 0.000000</row1>
					<row2>0.000000 0.000000 1.000000</row2>
					<row3>-0.000207 0.763994 2.503494</row3>
				</transform>
			</node>
		</node>
	</node>
	<renderSet>
		<treatAsWorldSpaceObject>false</treatAsWorldSpaceObject>
		<node>Scene Root</node>
		<geometry>
			<vertices>vertices</vertices>
			<primitive>indices</primitive>
			<primitiveGroup>
				0
				<material>
					<identifier>tank_hull_01</identifier>
					<property>
						selfIllumination
						<Float>0.000000</Float>
					</property>
					<collisionFlags>0</collisionFlags>
					<materialKind>0</materialKind>
					<fx>shaders/std_effects/PBS_tank.fx</fx>
					<property>
						metallicGlossMap
						<Texture>vehicles/american/A122_TS-5/_skins/A122_TS-5_3Dst/A122_TS-5_3Dst_proxy_GMM.dds</Texture>
					</property>
					<property>
						normalMap
						<Texture>vehicles/american/A122_TS-5/_skins/A122_TS-5_3Dst/A122_TS-5_3Dst_proxy_ANM.dds</Texture>
					</property>
					<property>
						diffuseMap
						<Texture>vehicles/american/A122_TS-5/_skins/A122_TS-5_3Dst/A122_TS-5_3Dst_proxy_AM.dds</Texture>
					</property>
					<property>
						excludeMaskAndAOMap
						<Texture>vehicles/american/A122_TS-5/_skins/A122_TS-5_3Dst/A122_TS-5_3Dst_proxy_AO.dds</Texture>
					</property>
				</material>
				<groupOrigin>0.000547 1.019572 -0.066567</groupOrigin>
			</primitiveGroup>
		</geometry>
	</renderSet>
	<boundingBox>
		<min>-1.641438 -0.507733 -3.819683</min>
		<max>1.642533 2.546877 3.686549</max>
	</boundingBox>
	<geometrySize>6688</geometrySize>
	<minUVDensity>0.004532</minUVDensity>
</root>
