<?xml version="1.0" encoding="utf-8"?>
<root>
	<node>
		<identifier>Scene Root</identifier>
		<transform>
			<row0>1.000000 0.000000 0.000000</row0>
			<row1>0.000000 1.000000 0.000000</row1>
			<row2>0.000000 0.000000 1.000000</row2>
			<row3>0.000000 0.000000 0.000000</row3>
		</transform>
		<node>
			<identifier>root</identifier>
			<transform>
				<row0>0.984069 0.000000 0.177785</row0>
				<row1>0.000000 1.000000 0.000000</row1>
				<row2>-0.177785 0.000000 0.984069</row2>
				<row3>0.000000 0.000000 0.000000</row3>
			</transform>
			<node>
				<identifier>b1</identifier>
				<transform>
					<row0>0.153132 0.987719 -0.030999</row0>
					<row1>-0.182375 -0.002583 -0.983226</row1>
					<row2>-0.971231 0.156217 0.179740</row2>
					<row3>-1.401442 1.043908 0.253949</row3>
				</transform>
				<node>
					<identifier>b1_BlendBone</identifier>
					<transform>
						<row0>0.156204 -0.004667 -0.987714</row0>
						<row1>0.987719 -0.002583 0.156217</row1>
						<row2>0.003280 0.999986 -0.004206</row2>
						<row3>-0.808610 -0.003202 -1.569845</row3>
					</transform>
				</node>
			</node>
			<node>
				<identifier>b10</identifier>
				<transform>
					<row0>0.163987 0.986078 -0.027547</row0>
					<row1>-0.180565 0.002552 -0.983560</row1>
					<row2>-0.969796 0.166265 0.178469</row2>
					<row3>-0.834600 0.164878 0.149465</row3>
				</transform>
				<node>
					<identifier>b10_BlendBone</identifier>
					<transform>
						<row0>0.166272 -0.002826 -0.986076</row0>
						<row1>0.986078 0.002552 0.166265</row1>
						<row2>-0.002046 0.999993 -0.003211</row2>
						<row3>-0.021601 -0.004112 -0.863480</row3>
					</transform>
				</node>
			</node>
			<node>
				<identifier>b11</identifier>
				<transform>
					<row0>0.163987 0.986078 -0.027546</row0>
					<row1>-0.177827 0.002083 -0.984060</row1>
					<row2>-0.970302 0.166271 0.175693</row2>
					<row3>-0.781193 0.486207 0.140517</row3>
				</transform>
				<node>
					<identifier>b11_BlendBone</identifier>
					<transform>
						<row0>0.166272 -0.000043 -0.986080</row0>
						<row1>0.986078 0.002083 0.166271</row1>
						<row2>-0.002047 0.999998 -0.000389</row2>
						<row3>-0.347461 -0.001653 -0.863523</row3>
					</transform>
				</node>
			</node>
			<node>
				<identifier>b2</identifier>
				<transform>
					<row0>0.153125 0.987721 -0.030994</row0>
					<row1>-0.184820 -0.002186 -0.982770</row1>
					<row2>-0.970770 0.156215 0.182215</row2>
					<row3>-1.458589 0.678196 0.265520</row3>
				</transform>
				<node>
					<identifier>b2_BlendBone</identifier>
					<transform>
						<row0>0.156196 -0.007154 -0.987700</row0>
						<row1>0.987721 -0.002186 0.156215</row1>
						<row2>0.003277 0.999972 -0.006724</row2>
						<row3>-0.438292 -0.007148 -1.570281</row3>
					</transform>
				</node>
			</node>
			<node>
				<identifier>b3</identifier>
				<transform>
					<row0>0.153117 0.987722 -0.030989</row0>
					<row1>-0.187283 -0.001787 -0.982304</row1>
					<row2>-0.970299 0.156211 0.184710</row2>
					<row3>-1.515736 0.312483 0.277091</row3>
				</transform>
				<node>
					<identifier>b3_BlendBone</identifier>
					<transform>
						<row0>0.156187 -0.009660 -0.987680</row0>
						<row1>0.987722 -0.001787 0.156211</row1>
						<row2>0.003274 0.999952 -0.009263</row2>
						<row3>-0.067975 -0.011126 -1.570713</row3>
					</transform>
				</node>
			</node>
			<node>
				<identifier>b4</identifier>
				<transform>
					<row0>0.154059 0.987567 -0.031249</row0>
					<row1>-0.189557 -0.001498 -0.981869</row1>
					<row2>-0.969708 0.157189 0.186969</row2>
					<row3>-1.581746 -0.012860 0.290313</row3>
				</transform>
				<node>
					<identifier>b4_BlendBone</identifier>
					<transform>
						<row0>0.157160 -0.011975 -0.987501</row0>
						<row1>0.987568 -0.001498 0.157189</row1>
						<row2>0.003362 0.999927 -0.011591</row2>
						<row3>0.265454 -0.014800 -1.586090</row3>
					</transform>
				</node>
			</node>
			<node>
				<identifier>b5</identifier>
				<transform>
					<row0>0.155312 0.987407 -0.030103</row0>
					<row1>-0.188848 -0.000234 -0.982006</row1>
					<row2>-0.969647 0.158202 0.186434</row2>
					<row3>-1.409313 -0.170966 0.257213</row3>
				</transform>
				<node>
					<identifier>b5_BlendBone</identifier>
					<transform>
						<row0>0.158189 -0.011254 -0.987345</row0>
						<row1>0.987407 -0.000234 0.158202</row1>
						<row2>0.002011 0.999937 -0.011075</row2>
						<row3>0.395438 -0.013602 -1.387442</row3>
					</transform>
				</node>
			</node>
			<node>
				<identifier>b6</identifier>
				<transform>
					<row0>0.157655 0.987064 -0.029132</row0>
					<row1>-0.187964 0.001034 -0.982175</row1>
					<row2>-0.969440 0.160321 0.185696</row2>
					<row3>-1.245742 -0.288703 0.225764</row3>
				</transform>
				<node>
					<identifier>b6_BlendBone</identifier>
					<transform>
						<row0>0.160323 -0.010354 -0.987010</row0>
						<row1>0.987064 0.001034 0.160321</row1>
						<row2>0.000639 0.999946 -0.010386</row2>
						<row3>0.487944 -0.012117 -1.203311</row3>
					</transform>
				</node>
			</node>
			<node>
				<identifier>b7</identifier>
				<transform>
					<row0>0.160171 0.986689 -0.028097</row0>
					<row1>-0.187021 0.002386 -0.982353</row1>
					<row2>-0.969210 0.162599 0.184914</row2>
					<row3>-1.082171 -0.406442 0.194315</row3>
				</transform>
				<node>
					<identifier>b7_BlendBone</identifier>
					<transform>
						<row0>0.162614 -0.009394 -0.986645</row0>
						<row1>0.986690 0.002386 0.162599</row1>
						<row2>-0.000827 0.999953 -0.009657</row2>
						<row3>0.579823 -0.010532 -1.018696</row3>
					</transform>
				</node>
			</node>
			<node>
				<identifier>b8</identifier>
				<transform>
					<row0>0.162162 0.986386 -0.027304</row0>
					<row1>-0.186292 0.003430 -0.982489</row1>
					<row2>-0.969019 0.164409 0.184312</row2>
					<row3>-0.959493 -0.494745 0.170729</row3>
				</transform>
				<node>
					<identifier>b8_BlendBone</identifier>
					<transform>
						<row0>0.164433 -0.008653 -0.986350</row0>
						<row1>0.986386 0.003430 0.164409</row1>
						<row2>-0.001961 0.999957 -0.009099</row2>
						<row3>0.648265 -0.009310 -0.879894</row3>
					</transform>
				</node>
			</node>
			<node>
				<identifier>b9</identifier>
				<transform>
					<row0>0.163988 0.986078 -0.027548</row0>
					<row1>-0.183326 0.003025 -0.983047</row1>
					<row2>-0.969278 0.166258 0.181270</row2>
					<row3>-0.888006 -0.156451 0.158414</row3>
				</transform>
				<node>
					<identifier>b9_BlendBone</identifier>
					<transform>
						<row0>0.166273 -0.005635 -0.986064</row0>
						<row1>0.986078 0.003025 0.166258</row1>
						<row2>-0.002046 0.999980 -0.006059</row2>
						<row3>0.304259 -0.006593 -0.863429</row3>
					</transform>
				</node>
			</node>
			<node>
				<identifier>root_BlendBone</identifier>
				<transform>
					<row0>0.984069 0.000000 -0.177785</row0>
					<row1>0.000000 1.000000 0.000000</row1>
					<row2>-0.177785 0.000000 -0.984069</row2>
					<row3>0.000000 0.000000 0.000000</row3>
				</transform>
			</node>
		</node>
	</node>
	<renderSet>
		<treatAsWorldSpaceObject>true</treatAsWorldSpaceObject>
		<node>root_BlendBone</node>
		<node>b4_BlendBone</node>
		<node>b8_BlendBone</node>
		<node>b5_BlendBone</node>
		<node>b3_BlendBone</node>
		<node>b7_BlendBone</node>
		<node>b10_BlendBone</node>
		<node>b6_BlendBone</node>
		<node>b2_BlendBone</node>
		<node>b1_BlendBone</node>
		<node>b9_BlendBone</node>
		<node>b11_BlendBone</node>
		<geometry>
			<vertices>s0Shape.vertices</vertices>
			<primitive>s0Shape.indices</primitive>
			<primitiveGroup>
				0
				<material>
					<identifier>s_nd2_skinned</identifier>
					<collisionFlags>0</collisionFlags>
					<materialKind>0</materialKind>
					<fx>shaders/std_effects/PBS_ext_skinned.fx</fx>
					<property>
						g_useNormalPackDXT1
						<Bool>false</Bool>
					</property>
					<property>
						g_enableTransmission
						<Bool>true</Bool>
					</property>
					<property>
						diffuseMap
						<Texture>content/Hangars/han02_tmday_2015/Flags/han02_tmday_2015_flag_02_AM.dds</Texture>
					</property>
					<property>
						normalMap
						<Texture>content/Hangars/han02_tmday_2015/Flags/han02_tmday_2015_flag_02_ANM.dds</Texture>
					</property>
					<property>
						metallicGlossMap
						<Texture>content/Hangars/han02_tmday_2015/Flags/han02_tmday_2015_flag_02_GMM.dds</Texture>
					</property>
				</material>
				<groupOrigin>-0.861663 0.476029 -0.000001</groupOrigin>
			</primitiveGroup>
		</geometry>
	</renderSet>
	<constraints/>
	<boundingBox>
		<min>-1.602517 -0.499886 -0.032839</min>
		<max>-0.120808 1.451945 0.032842</max>
	</boundingBox>
	<geometrySize>9144</geometrySize>
	<minUVDensity>0.167229</minUVDensity>
</root>
