<?xml version="1.0" encoding="utf-8"?>
<root>
	<node>
		<identifier>Scene Root</identifier>
		<transform>
			<row0>1.000000 0.000000 0.000000</row0>
			<row1>0.000000 1.000000 0.000000</row1>
			<row2>0.000000 0.000000 1.000000</row2>
			<row3>0.000000 0.000000 0.000000</row3>
		</transform>
		<node>
			<identifier>root</identifier>
			<transform>
				<row0>-0.929382 0.000000 0.369120</row0>
				<row1>0.000000 1.000000 0.000000</row1>
				<row2>-0.369120 0.000000 -0.929382</row2>
				<row3>0.000000 0.000000 0.000000</row3>
			</transform>
			<node>
				<identifier>b1</identifier>
				<transform>
					<row0>-0.124274 -0.921592 0.367728</row0>
					<row1>0.242610 -0.387575 -0.889340</row1>
					<row2>0.962131 -0.021307 0.271752</row2>
					<row3>-8.501653 1.466867 -3.379878</row3>
				</transform>
				<node>
					<identifier>b1_BlendBone</identifier>
					<transform>
						<row0>-0.020238 0.102796 -0.994497</row0>
						<row1>-0.921592 -0.387575 -0.021307</row1>
						<row2>0.387632 -0.916089 -0.102580</row2>
						<row3>1.538199 -0.374760 9.129451</row3>
					</transform>
				</node>
			</node>
			<node>
				<identifier>b10</identifier>
				<transform>
					<row0>-0.153811 -0.913418 0.376841</row0>
					<row1>0.352353 -0.407010 -0.842728</row1>
					<row2>0.923141 0.003160 0.384449</row2>
					<row3>1.182400 0.334611 0.466319</row3>
				</transform>
				<node>
					<identifier>b10_BlendBone</identifier>
					<transform>
						<row0>0.003850 -0.016403 -0.999858</row0>
						<row1>-0.913418 -0.407010 0.003160</row1>
						<row2>0.407004 -0.913277 0.016550</row2>
						<row3>0.311779 0.112548 -1.271855</row3>
					</transform>
				</node>
			</node>
			<node>
				<identifier>b11</identifier>
				<transform>
					<row0>-0.153698 -0.916041 0.370468</row0>
					<row1>0.361318 -0.401060 -0.841784</row1>
					<row2>0.919688 0.004477 0.392624</row2>
					<row3>2.375709 0.394834 0.940269</row3>
				</transform>
				<node>
					<identifier>b11_BlendBone</identifier>
					<transform>
						<row0>0.006097 -0.025083 -0.999667</row0>
						<row1>-0.916041 -0.401060 0.004477</row1>
						<row2>0.401039 -0.915708 0.025422</row2>
						<row3>0.378485 0.091469 -2.555851</row3>
					</transform>
				</node>
			</node>
			<node>
				<identifier>b12</identifier>
				<transform>
					<row0>-0.156873 -0.914595 0.372703</row0>
					<row1>0.371023 -0.404309 -0.835988</row1>
					<row2>0.915277 0.007138 0.402761</row2>
					<row3>3.122781 0.457650 1.236973</row3>
				</transform>
				<node>
					<identifier>b12_BlendBone</identifier>
					<transform>
						<row0>0.008223 -0.036242 -0.999309</row0>
						<row1>-0.914595 -0.404309 0.007138</row1>
						<row2>0.404288 -0.913904 0.036472</row2>
						<row3>0.447420 0.060502 -3.359682</row3>
					</transform>
				</node>
			</node>
			<node>
				<identifier>b13</identifier>
				<transform>
					<row0>-0.157838 -0.917110 0.366055</row0>
					<row1>0.383171 -0.398538 -0.833275</row1>
					<row2>0.910092 0.008739 0.414314</row2>
					<row3>3.889567 0.541711 1.541508</row3>
				</transform>
				<node>
					<identifier>b13_BlendBone</identifier>
					<transform>
						<row0>0.011573 -0.048533 -0.998755</row0>
						<row1>-0.917110 -0.398538 0.008739</row1>
						<row2>0.398466 -0.915867 0.049123</row2>
						<row3>0.546451 0.010025 -4.183268</row3>
					</transform>
				</node>
			</node>
			<node>
				<identifier>b14</identifier>
				<transform>
					<row0>-0.161545 -0.915416 0.368669</row0>
					<row1>0.395457 -0.402318 -0.825684</row1>
					<row2>0.904166 0.012408 0.427000</row2>
					<row3>5.066010 0.721870 2.008763</row3>
				</transform>
				<node>
					<identifier>b14_BlendBone</identifier>
					<transform>
						<row0>0.014054 -0.062754 -0.997930</row0>
						<row1>-0.915416 -0.402318 0.012408</row1>
						<row2>0.402264 -0.913346 0.063100</row2>
						<row3>0.738630 -0.054365 -5.447214</row3>
					</transform>
				</node>
			</node>
			<node>
				<identifier>b15</identifier>
				<transform>
					<row0>-0.164005 -0.916023 0.366066</row0>
					<row1>0.407493 -0.400860 -0.820524</row1>
					<row2>0.898361 0.014600 0.439016</row2>
					<row3>6.210802 0.930638 2.463432</row3>
				</transform>
				<node>
					<identifier>b15_BlendBone</identifier>
					<transform>
						<row0>0.017301 -0.075845 -0.996970</row0>
						<row1>-0.916023 -0.400860 0.014600</row1>
						<row2>0.400753 -0.912994 0.076411</row2>
						<row3>0.969307 -0.136497 -6.674613</row3>
					</transform>
				</node>
			</node>
			<node>
				<identifier>b16</identifier>
				<transform>
					<row0>-0.164683 -0.917679 0.361587</row0>
					<row1>0.422174 -0.396895 -0.815011</row1>
					<row2>0.891431 0.018434 0.452782</row2>
					<row3>7.347167 1.187284 2.914762</row3>
				</transform>
				<node>
					<identifier>b16_BlendBone</identifier>
					<transform>
						<row0>0.019584 -0.091524 -0.995610</row0>
						<row1>-0.917679 -0.396895 0.018434</row1>
						<row2>0.396840 -0.913290 0.091762</row2>
						<row3>1.245557 -0.254992 -7.891129</row3>
					</transform>
				</node>
			</node>
			<node>
				<identifier>b17</identifier>
				<transform>
					<row0>-0.165265 -0.921290 0.352011</row0>
					<row1>0.438148 -0.388347 -0.810687</row1>
					<row2>0.883580 0.020255 0.467841</row2>
					<row3>8.501609 1.500402 3.373289</row3>
				</transform>
				<node>
					<identifier>b17_BlendBone</identifier>
					<transform>
						<row0>0.023660 -0.107966 -0.993873</row0>
						<row1>-0.921290 -0.388347 0.020255</row1>
						<row2>0.388155 -0.915166 0.108656</row2>
						<row3>1.599888 -0.407601 -9.120409</row3>
					</transform>
				</node>
			</node>
			<node>
				<identifier>b2</identifier>
				<transform>
					<row0>-0.127663 -0.917659 0.376303</row0>
					<row1>0.253789 -0.397000 -0.882033</row1>
					<row2>0.958798 -0.017101 0.283574</row2>
					<row3>-7.327523 1.148154 -2.913530</row3>
				</transform>
				<node>
					<identifier>b2_BlendBone</identifier>
					<transform>
						<row0>-0.020253 0.089709 -0.995762</row0>
						<row1>-0.917659 -0.397000 -0.017101</row1>
						<row2>0.396852 -0.913424 -0.090363</row2>
						<row3>1.214532 -0.254368 7.871450</row3>
					</transform>
				</node>
			</node>
			<node>
				<identifier>b3</identifier>
				<transform>
					<row0>-0.132791 -0.915845 0.378938</row0>
					<row1>0.267216 -0.401248 -0.876125</row1>
					<row2>0.954443 -0.015084 0.298011</row2>
					<row3>-6.175181 0.899974 -2.455865</row3>
				</transform>
				<node>
					<identifier>b3_BlendBone</identifier>
					<transform>
						<row0>-0.016460 0.075049 -0.997044</row0>
						<row1>-0.915845 -0.401248 -0.015084</row1>
						<row2>0.401194 -0.912890 -0.075338</row2>
						<row3>0.934846 -0.140424 6.639309</row3>
					</transform>
				</node>
			</node>
			<node>
				<identifier>b4</identifier>
				<transform>
					<row0>-0.138335 -0.915060 0.378851</row0>
					<row1>0.280309 -0.403062 -0.871188</row1>
					<row2>0.949890 -0.014321 0.312257</row2>
					<row3>-5.016559 0.682690 -1.995706</row3>
				</transform>
				<node>
					<identifier>b4_BlendBone</identifier>
					<transform>
						<row0>-0.011275 0.061059 -0.998070</row0>
						<row1>-0.915060 -0.403062 -0.014321</row1>
						<row2>0.403159 -0.913133 -0.060417</row2>
						<row3>0.686811 -0.057283 5.398127</row3>
					</transform>
				</node>
			</node>
			<node>
				<identifier>b5</identifier>
				<transform>
					<row0>-0.140514 -0.915325 0.377406</row0>
					<row1>0.295355 -0.402584 -0.866425</row1>
					<row2>0.944998 -0.010276 0.326915</row2>
					<row3>-3.828815 0.518634 -1.523963</row3>
				</transform>
				<node>
					<identifier>b5_BlendBone</identifier>
					<transform>
						<row0>-0.008717 0.045317 -0.998935</row0>
						<row1>-0.915325 -0.402584 -0.010276</row1>
						<row2>0.402621 -0.914260 -0.044989</row2>
						<row3>0.511868 0.019254 4.121758</row3>
					</transform>
				</node>
			</node>
			<node>
				<identifier>b6</identifier>
				<transform>
					<row0>-0.141998 -0.914290 0.379355</row0>
					<row1>0.304349 -0.405000 -0.862175</row1>
					<row2>0.941917 -0.006970 0.335772</row2>
					<row3>-3.082743 0.439378 -1.227653</row3>
				</transform>
				<node>
					<identifier>b6_BlendBone</identifier>
					<transform>
						<row0>-0.008058 0.035390 -0.999341</row0>
						<row1>-0.914290 -0.405000 -0.006970</row1>
						<row2>0.404980 -0.913632 -0.035620</row2>
						<row3>0.429693 0.057726 3.318965</row3>
					</transform>
				</node>
			</node>
			<node>
				<identifier>b7</identifier>
				<transform>
					<row0>-0.144986 -0.914834 0.376905</row0>
					<row1>0.314351 -0.403784 -0.859152</row1>
					<row2>0.938170 -0.006084 0.346122</row2>
					<row3>-2.341510 0.378753 -0.933269</row3>
				</transform>
				<node>
					<identifier>b7_BlendBone</identifier>
					<transform>
						<row0>-0.004376 0.024978 -0.999678</row0>
						<row1>-0.914834 -0.403784 -0.006084</row1>
						<row2>0.403806 -0.914513 -0.024618</row2>
						<row3>0.358765 0.087170 2.522063</row3>
					</transform>
				</node>
			</node>
			<node>
				<identifier>b8</identifier>
				<transform>
					<row0>-0.146762 -0.913309 0.379904</row0>
					<row1>0.324195 -0.407261 -0.853836</row1>
					<row2>0.934536 -0.002147 0.355861</row2>
					<row3>-1.150772 0.317935 -0.460339</row3>
				</transform>
				<node>
					<identifier>b8_BlendBone</identifier>
					<transform>
						<row0>-0.003832 0.013867 -0.999897</row0>
						<row1>-0.913309 -0.407261 -0.002147</row1>
						<row2>0.407249 -0.913207 -0.014225</row2>
						<row3>0.296368 0.109503 1.239938</row3>
					</transform>
				</node>
			</node>
			<node>
				<identifier>b9</identifier>
				<transform>
					<row0>-0.152991 -0.912975 0.378246</row0>
					<row1>0.339678 -0.408013 -0.847434</row1>
					<row2>0.928015 -0.001168 0.372540</row2>
					<row3>0.015294 0.293777 0.002782</row3>
				</transform>
				<node>
					<identifier>b9_BlendBone</identifier>
					<transform>
						<row0>0.002569 -0.002886 -0.999992</row0>
						<row1>-0.912975 -0.408013 -0.001168</row1>
						<row2>0.408007 -0.912971 0.003683</row2>
						<row3>0.269499 0.117027 -0.014886</row3>
					</transform>
				</node>
			</node>
			<node>
				<identifier>root_BlendBone</identifier>
				<transform>
					<row0>-0.929382 0.000000 -0.369120</row0>
					<row1>0.000000 1.000000 0.000000</row1>
					<row2>-0.369120 0.000000 0.929382</row2>
					<row3>0.000000 0.000000 0.000000</row3>
				</transform>
			</node>
		</node>
	</node>
	<renderSet>
		<treatAsWorldSpaceObject>true</treatAsWorldSpaceObject>
		<node>b17_BlendBone</node>
		<node>b16_BlendBone</node>
		<node>root_BlendBone</node>
		<node>b12_BlendBone</node>
		<node>b15_BlendBone</node>
		<node>b14_BlendBone</node>
		<node>b13_BlendBone</node>
		<node>b11_BlendBone</node>
		<node>b6_BlendBone</node>
		<node>b9_BlendBone</node>
		<node>b8_BlendBone</node>
		<node>b7_BlendBone</node>
		<node>b10_BlendBone</node>
		<node>b5_BlendBone</node>
		<node>b1_BlendBone</node>
		<node>b2_BlendBone</node>
		<node>b3_BlendBone</node>
		<node>b4_BlendBone</node>
		<geometry>
			<vertices>sShape0.vertices</vertices>
			<primitive>sShape0.indices</primitive>
			<primitiveGroup>
				0
				<material>
					<identifier>s_nd3_skinned</identifier>
					<collisionFlags>0</collisionFlags>
					<materialKind>0</materialKind>
					<fx>shaders/std_effects/PBS_ext_skinned.fx</fx>
					<property>
						g_useNormalPackDXT1
						<Bool>false</Bool>
					</property>
					<property>
						g_enableTransmission
						<Bool>true</Bool>
					</property>
					<property>
						diffuseMap
						<Texture>content/Hangars/han02_tmday_2015/Flags/han02_tmday_2015_flag_03_AM.dds</Texture>
					</property>
					<property>
						normalMap
						<Texture>content/Hangars/han02_tmday_2015/Flags/han02_tmday_2015_flag_03_ANM.dds</Texture>
					</property>
					<property>
						metallicGlossMap
						<Texture>content/Hangars/han02_tmday_2015/Flags/han02_tmday_2015_flag_03_GMM.dds</Texture>
					</property>
				</material>
				<groupOrigin>0.008395 0.808045 0.000977</groupOrigin>
			</primitiveGroup>
		</geometry>
	</renderSet>
	<constraints/>
	<boundingBox>
		<min>-9.916306 -0.123424 -0.008997</min>
		<max>9.933095 1.739514 0.007042</max>
	</boundingBox>
	<geometrySize>21408</geometrySize>
	<minUVDensity>1.337315</minUVDensity>
</root>
