<?xml version="1.0" encoding="utf-8"?>
<root>
	<node>
		<identifier>Scene Root</identifier>
		<transform>
			<row0>1.000000 0.000000 0.000000</row0>
			<row1>0.000000 1.000000 0.000000</row1>
			<row2>0.000000 0.000000 1.000000</row2>
			<row3>0.000000 0.000000 0.000000</row3>
		</transform>
		<node>
			<identifier>wwwlod0</identifier>
			<transform>
				<row0>1.000000 0.000000 0.000000</row0>
				<row1>0.000000 1.000000 0.000000</row1>
				<row2>0.000000 0.000000 1.000000</row2>
				<row3>0.000000 0.000000 0.000000</row3>
			</transform>
			<node>
				<identifier>wwwturret_01</identifier>
				<transform>
					<row0>1.000000 0.000000 0.000000</row0>
					<row1>0.000000 1.000000 0.000000</row1>
					<row2>0.000000 0.000000 1.000000</row2>
					<row3>0.000000 0.000000 0.000000</row3>
				</transform>
				<node>
					<identifier>turret</identifier>
					<transform>
						<row0>1.000000 0.000000 0.000000</row0>
						<row1>0.000000 1.000000 0.000000</row1>
						<row2>0.000000 0.000000 1.000000</row2>
						<row3>0.000510 -1.399098 -0.771779</row3>
					</transform>
					<node>
						<identifier>Root_turret_anim</identifier>
						<transform>
							<row0>-0.238936 0.111814 -0.964576</row0>
							<row1>0.026885 0.993729 0.108534</row1>
							<row2>0.970663 0.000000 -0.240444</row2>
							<row3>-0.000510 1.399098 0.771779</row3>
						</transform>
						<node>
							<identifier>Turret_anim_jt_01</identifier>
							<transform>
								<row0>0.963742 -0.111624 0.242368</row0>
								<row1>0.114864 0.993381 0.000767</row1>
								<row2>-0.240850 0.027100 0.970184</row2>
								<row3>2.258256 0.000000 0.000000</row3>
							</transform>
							<node>
								<identifier>Turret_anim_jt_02</identifier>
								<transform>
									<row0>0.301986 0.953311 -0.001352</row0>
									<row1>-0.953312 0.301985 -0.001094</row1>
									<row2>-0.000635 0.001619 0.999999</row2>
									<row3>0.313952 0.000000 0.000000</row3>
								</transform>
								<node>
									<identifier>Turret_anim_jt_04</identifier>
									<transform>
										<row0>1.000000 0.000000 -0.000000</row0>
										<row1>0.000000 1.000000 -0.000000</row1>
										<row2>-0.000000 0.000000 1.000000</row2>
										<row3>0.166235 -0.000000 -0.000000</row3>
									</transform>
									<node>
										<identifier>Turret_anim_jt_06</identifier>
										<transform>
											<row0>0.690866 -0.722983 -0.000000</row0>
											<row1>0.722983 0.690866 -0.000000</row1>
											<row2>0.000000 0.000000 1.000000</row2>
											<row3>0.170363 0.047360 -0.000060</row3>
										</transform>
										<node>
											<identifier>Turret_anim_jt_07</identifier>
											<transform>
												<row0>0.617110 0.786877 0.000333</row0>
												<row1>-0.786877 0.617110 -0.000000</row1>
												<row2>-0.000206 -0.000262 1.000000</row2>
												<row3>0.093720 0.000000 0.000000</row3>
											</transform>
											<node>
												<identifier>Turret_anim_jt_07_BlendBone</identifier>
												<transform>
													<row0>-0.000701 -0.002897 0.999996</row0>
													<row1>0.977545 0.210725 0.001296</row1>
													<row2>0.210728 -0.977541 -0.002684</row2>
													<row3>-1.168868 2.441095 0.545509</row3>
												</transform>
											</node>
										</node>
										<node>
											<identifier>turret_13</identifier>
											<transform>
												<row0>0.234463 -0.117848 0.964955</row0>
												<row1>0.449092 0.893486 -0.000000</row1>
												<row2>-0.862174 0.433353 0.262414</row2>
												<row3>0.099910 0.232660 -0.219524</row3>
											</transform>
											<node>
												<identifier>turret_13_BlendBone</identifier>
												<transform>
													<row0>0.965642 -0.001587 0.259870</row0>
													<row1>-0.001847 0.999914 0.012970</row1>
													<row2>0.259869 0.013005 -0.965556</row2>
													<row3>0.075179 -0.873228 2.637437</row3>
												</transform>
											</node>
										</node>
										<node>
											<identifier>turret_14</identifier>
											<transform>
												<row0>-0.228036 0.114617 0.966883</row0>
												<row1>0.449092 0.893486 -0.000000</row1>
												<row2>-0.863896 0.434219 -0.255221</row2>
												<row3>0.091794 0.236739 0.220602</row3>
											</transform>
											<node>
												<identifier>turret_14_BlendBone</identifier>
												<transform>
													<row0>0.966206 -0.001587 -0.257767</row0>
													<row1>0.004886 0.999914 0.012156</row1>
													<row2>-0.257725 0.013005 -0.966131</row2>
													<row3>0.955956 -0.873228 2.350045</row3>
												</transform>
											</node>
										</node>
										<node>
											<identifier>Turret_anim_jt_06_BlendBone</identifier>
											<transform>
												<row0>0.001641 -0.002601 0.999995</row0>
												<row1>0.437437 0.899247 0.001621</row1>
												<row2>0.899247 -0.437432 -0.002614</row2>
												<row3>-2.548553 0.586526 0.545120</row3>
											</transform>
										</node>
									</node>
									<node>
										<identifier>Turret_anim_jt_04_BlendBone</identifier>
										<transform>
											<row0>-0.000747 -0.002984 0.999995</row0>
											<row1>0.952351 0.305000 0.001621</row1>
											<row2>0.305004 -0.952348 -0.002614</row2>
											<row3>-1.166298 2.295130 0.545060</row3>
										</transform>
									</node>
								</node>
								<node>
									<identifier>Turret_anim_jt_02_BlendBone</identifier>
									<transform>
										<row0>-0.000747 -0.002984 0.999995</row0>
										<row1>0.952351 0.305000 0.001621</row1>
										<row2>0.305004 -0.952348 -0.002614</row2>
										<row3>-1.000063 2.295130 0.545060</row3>
									</transform>
								</node>
							</node>
							<node>
								<identifier>Turret_anim_jt_01_BlendBone</identifier>
								<transform>
									<row0>0.001984 0.000006 0.999998</row0>
									<row1>-0.003164 0.999995 0.000000</row1>
									<row2>0.999993 0.003164 -0.001984</row2>
									<row3>-2.176375 -0.259393 0.543900</row3>
								</transform>
							</node>
						</node>
						<node>
							<identifier>Turret_anim_jt_03</identifier>
							<transform>
								<row0>0.756413 -0.621655 0.203434</row0>
								<row1>0.608884 0.782830 0.128210</row1>
								<row2>-0.238957 0.026889 0.970658</row2>
								<row3>2.290728 0.407495 -0.002751</row3>
							</transform>
							<node>
								<identifier>Turret_anim_jt_05</identifier>
								<transform>
									<row0>0.991091 -0.133186 0.000197</row0>
									<row1>0.133186 0.991091 -0.000237</row1>
									<row2>-0.000164 0.000261 1.000000</row2>
									<row3>0.363434 -0.010583 0.000022</row3>
								</transform>
								<node>
									<identifier>Turret_anim_jt_05_BlendBone</identifier>
									<transform>
										<row0>0.000214 -0.000224 1.000000</row0>
										<row1>-0.641104 0.767454 0.000309</row1>
										<row2>0.767454 0.641104 -0.000021</row2>
										<row3>-1.598974 -1.933176 0.538933</row3>
									</transform>
								</node>
							</node>
							<node>
								<identifier>Turret_anim_jt_03_BlendBone</identifier>
								<transform>
									<row0>0.000019 0.000010 1.000000</row0>
									<row1>-0.533178 0.846003 0.000001</row1>
									<row2>0.846003 0.533178 -0.000021</row2>
									<row3>-1.478855 -1.713434 0.539097</row3>
								</transform>
							</node>
						</node>
						<node>
							<identifier>Turret_anim_wire_01</identifier>
							<transform>
								<row0>-0.990701 0.097706 -0.094689</row0>
								<row1>-0.068135 -0.958649 -0.276315</row1>
								<row2>-0.117771 -0.267294 0.956391</row2>
								<row3>2.461072 0.352130 -0.030202</row3>
							</transform>
							<node>
								<identifier>Turret_anim_wire_02</identifier>
								<transform>
									<row0>0.871320 0.474160 0.126387</row0>
									<row1>-0.466641 0.880301 -0.085536</row1>
									<row2>-0.151817 0.015552 0.988286</row2>
									<row3>0.060013 0.016963 0.014710</row3>
								</transform>
								<node>
									<identifier>Turret_anim_wire_03</identifier>
									<transform>
										<row0>0.854255 0.492520 0.166350</row0>
										<row1>-0.503599 0.863425 0.029748</row1>
										<row2>-0.128980 -0.109186 0.985618</row2>
										<row3>0.017530 0.052361 0.002970</row3>
									</transform>
									<node>
										<identifier>Turret_anim_wire_04</identifier>
										<transform>
											<row0>0.903538 0.393463 0.169722</row0>
											<row1>-0.419193 0.893746 0.159673</row1>
											<row2>-0.088863 -0.215416 0.972471</row2>
											<row3>-0.000883 0.040891 -0.002288</row3>
										</transform>
										<node>
											<identifier>Turret_anim_wire_05</identifier>
											<transform>
												<row0>0.942953 0.296760 0.150906</row0>
												<row1>-0.323516 0.923766 0.204922</row1>
												<row2>-0.078589 -0.242053 0.967075</row2>
												<row3>0.014441 0.092562 0.022965</row3>
											</transform>
											<node>
												<identifier>Turret_anim_wire_06</identifier>
												<transform>
													<row0>0.989993 0.109769 0.088681</row0>
													<row1>-0.125237 0.973042 0.193660</row1>
													<row2>-0.065032 -0.202828 0.977052</row2>
													<row3>-0.003676 0.063224 0.020628</row3>
												</transform>
												<node>
													<identifier>Turret_anim_wire_09</identifier>
													<transform>
														<row0>0.998548 0.052924 0.010069</row0>
														<row1>-0.052701 0.998386 -0.021181</row1>
														<row2>-0.011174 0.020620 0.999725</row2>
														<row3>0.005007 0.040242 0.036231</row3>
													</transform>
													<node>
														<identifier>Turret_anim_wire_10</identifier>
														<transform>
															<row0>0.988621 -0.087780 -0.122159</row0>
															<row1>0.096040 0.993353 0.063450</row1>
															<row2>0.115778 -0.074461 0.990480</row2>
															<row3>0.006309 0.043073 0.010715</row3>
														</transform>
														<node>
															<identifier>Turret_anim_wire_10_BlendBone</identifier>
															<transform>
																<row0>0.115440 0.212079 0.970410</row0>
																<row1>-0.924274 0.380793 0.026731</row1>
																<row2>0.363857 0.900011 -0.239978</row2>
																<row3>-0.330491 -2.382442 1.116707</row3>
															</transform>
														</node>
													</node>
													<node>
														<identifier>Turret_anim_wire_09_BlendBone</identifier>
														<transform>
															<row0>0.246847 0.128278 0.960527</row0>
															<row1>-0.874090 0.457404 0.163547</row1>
															<row2>0.418369 0.879958 -0.225035</row2>
															<row3>-0.419943 -2.377672 1.005997</row3>
														</transform>
													</node>
												</node>
												<node>
													<identifier>Turret_anim_wire_06_BlendBone</identifier>
													<transform>
														<row0>0.228995 0.160941 0.960031</row0>
														<row1>-0.898754 0.413778 0.145012</row1>
														<row2>0.373901 0.896039 -0.239399</row2>
														<row3>-0.300260 -2.335073 1.088084</row3>
													</transform>
												</node>
											</node>
											<node>
												<identifier>Turret_anim_wire_05_BlendBone</identifier>
												<transform>
													<row0>0.144115 -0.012983 0.989476</row0>
													<row1>-0.951011 0.274556 0.142115</row1>
													<row2>0.273511 0.961484 -0.027221</row2>
													<row3>-0.079254 -2.462555 0.604904</row3>
												</transform>
											</node>
										</node>
										<node>
											<identifier>Turret_anim_wire_04_BlendBone</identifier>
											<transform>
												<row0>0.062332 -0.208731 0.975985</row0>
												<row1>-0.996751 -0.062996 0.050185</row1>
												<row2>-0.051008 0.975942 0.211979</row2>
												<row3>0.688846 -2.352201 0.091361</row3>
											</transform>
										</node>
									</node>
									<node>
										<identifier>Turret_anim_wire_03_BlendBone</identifier>
										<transform>
											<row0>0.057089 -0.372271 0.926367</row0>
											<row1>-0.878655 -0.459298 -0.130426</row1>
											<row2>-0.474032 0.806511 0.353318</row2>
											<row3>1.599422 -1.810025 -0.172113</row3>
										</transform>
									</node>
								</node>
								<node>
									<identifier>Turret_anim_wire_02_BlendBone</identifier>
									<transform>
										<row0>0.116761 -0.394457 0.911466</row0>
										<row1>-0.502471 -0.815084 -0.288378</row1>
										<row2>-0.856674 0.424314 0.293373</row2>
										<row3>2.317571 -0.703920 0.045552</row3>
									</transform>
								</node>
							</node>
							<node>
								<identifier>Turret_anim_wire_01_BlendBone</identifier>
								<transform>
									<row0>0.147430 -0.277702 0.949287</row0>
									<row1>-0.013681 -0.960256 -0.278786</row1>
									<row2>-0.988978 -0.028114 0.145370</row2>
									<row3>2.400921 0.496910 0.412850</row3>
								</transform>
							</node>
						</node>
					</node>
				</node>
			</node>
		</node>
	</node>
	<renderSet>
		<treatAsWorldSpaceObject>true</treatAsWorldSpaceObject>
		<node>Turret_anim_jt_06_BlendBone</node>
		<node>turret_14_BlendBone</node>
		<node>Turret_anim_jt_04_BlendBone</node>
		<node>turret_13_BlendBone</node>
		<node>Turret_anim_jt_07_BlendBone</node>
		<node>Turret_anim_jt_01_BlendBone</node>
		<node>Turret_anim_jt_02_BlendBone</node>
		<node>Turret_anim_wire_01_BlendBone</node>
		<node>Turret_anim_wire_02_BlendBone</node>
		<node>Turret_anim_wire_03_BlendBone</node>
		<node>Turret_anim_wire_04_BlendBone</node>
		<node>Turret_anim_wire_05_BlendBone</node>
		<node>Turret_anim_wire_06_BlendBone</node>
		<node>Turret_anim_wire_09_BlendBone</node>
		<node>Turret_anim_wire_10_BlendBone</node>
		<node>Turret_anim_jt_03_BlendBone</node>
		<node>Turret_anim_jt_05_BlendBone</node>
		<geometry>
			<vertices>turret_anim_Shape.vertices</vertices>
			<primitive>turret_anim_Shape.indices</primitive>
			<primitiveGroup>
				0
				<material>
					<identifier>tank_turret_01_skinned</identifier>
					<fx>shaders/std_effects/PBS_tank_skinned.fx</fx>
					<materialKind>0</materialKind>
					<collisionFlags>0</collisionFlags>
					<property>
						diffuseMap
						<Texture>vehicles/chinese/Ch48_BZ_75/_skins/Ch48_BZ_75_3dst_BP13_MT/BZ_75_3dst_BP13_MT_turret_01_AM.dds</Texture>
					</property>
					<property>
						excludeMaskAndAOMap
						<Texture>vehicles/chinese/Ch48_BZ_75/_skins/Ch48_BZ_75_3dst_BP13_MT/BZ_75_3dst_BP13_MT_turret_01_AO.dds</Texture>
					</property>
					<property>
						metallicGlossMap
						<Texture>vehicles/chinese/Ch48_BZ_75/_skins/Ch48_BZ_75_3dst_BP13_MT/BZ_75_3dst_BP13_MT_turret_01_GMM.dds</Texture>
					</property>
					<property>
						normalMap
						<Texture>vehicles/chinese/Ch48_BZ_75/_skins/Ch48_BZ_75_3dst_BP13_MT/BZ_75_3dst_BP13_MT_turret_01_ANM.dds</Texture>
					</property>
					<property>
						colorIdMap
						<Texture>vehicles/russian/common/common_ID.dds</Texture>
					</property>
				</material>
				<groupOrigin>-0.541143 0.633504 2.456363</groupOrigin>
			</primitiveGroup>
		</geometry>
	</renderSet>
	<constraints/>
	<boundingBox>
		<min>-2.768801 0.232316 -2.767766</min>
		<max>
			2.313485 1.034692  3.954960
			<!--BW_String-->
		</max>
	</boundingBox>
	<geometrySize>42020</geometrySize>
	<minUVDensity>0.015066</minUVDensity>
</root>
