<?xml version="1.0" encoding="utf-8"?>
<root>
	<node>
		<identifier>Scene Root</identifier>
		<transform>
			<row0>1.000000 0.000000 0.000000</row0>
			<row1>0.000000 1.000000 0.000000</row1>
			<row2>0.000000 0.000000 1.000000</row2>
			<row3>0.000000 0.000000 0.000000</row3>
		</transform>
		<node>
			<identifier>nodes_01</identifier>
			<transform>
				<row0>1.000000 0.000000 0.000000</row0>
				<row1>0.000000 1.000000 0.000000</row1>
				<row2>0.000000 0.000000 1.000000</row2>
				<row3>0.000000 0.000000 0.000000</row3>
			</transform>
			<node>
				<identifier>HP_Cz20_Attachment_hull</identifier>
				<transform>
					<row0>1.000000 0.000000 0.000000</row0>
					<row1>0.000000 1.000000 0.000000</row1>
					<row2>0.000000 0.000000 1.000000</row2>
					<row3>0.000000 0.000000 0.000000</row3>
				</transform>
			</node>
			<node>
				<identifier>HP_Fire_1</identifier>
				<transform>
					<row0>1.000000 0.000000 0.000000</row0>
					<row1>0.000000 1.000000 0.000000</row1>
					<row2>0.000000 0.000000 1.000000</row2>
					<row3>0.000000 -0.149640 -2.099614</row3>
				</transform>
			</node>
			<node>
				<identifier>HP_Fire_2</identifier>
				<transform>
					<row0>1.000000 0.000000 0.000000</row0>
					<row1>0.000000 1.000000 0.000000</row1>
					<row2>0.000000 0.000000 1.000000</row2>
					<row3>0.000000 -0.149640 1.229479</row3>
				</transform>
			</node>
			<node>
				<identifier>HP_TrackUp_LFront</identifier>
				<transform>
					<row0>1.000000 0.000000 0.000000</row0>
					<row1>0.000000 0.610714 0.791852</row1>
					<row2>0.000000 -0.791852 0.610714</row2>
					<row3>-1.281209 0.125484 3.388992</row3>
				</transform>
			</node>
			<node>
				<identifier>HP_TrackUp_LRear</identifier>
				<transform>
					<row0>-1.000000 0.000000 0.000000</row0>
					<row1>0.000000 0.718115 -0.695925</row1>
					<row2>-0.000000 -0.695925 -0.718115</row2>
					<row3>-1.281209 -0.414621 -3.281630</row3>
				</transform>
			</node>
			<node>
				<identifier>HP_TrackUp_RFront</identifier>
				<transform>
					<row0>1.000000 0.000000 0.000000</row0>
					<row1>0.000000 0.610714 0.791852</row1>
					<row2>0.000000 -0.791852 0.610714</row2>
					<row3>1.280872 0.125484 3.388993</row3>
				</transform>
			</node>
			<node>
				<identifier>HP_TrackUp_RRear</identifier>
				<transform>
					<row0>-1.000000 0.000000 0.000000</row0>
					<row1>0.000000 0.718115 -0.695925</row1>
					<row2>-0.000000 -0.695925 -0.718115</row2>
					<row3>1.280872 -0.415023 -3.281171</row3>
				</transform>
			</node>
			<node>
				<identifier>HP_Track_Exhaus_1</identifier>
				<transform>
					<row0>-0.000000 0.943533 -0.331278</row0>
					<row1>1.000000 0.000000 0.000000</row1>
					<row2>0.000000 -0.331278 -0.943533</row2>
					<row3>-0.640946 0.060320 -3.357802</row3>
				</transform>
			</node>
			<node>
				<identifier>HP_Track_Exhaus_2</identifier>
				<transform>
					<row0>-0.000000 0.943533 -0.331278</row0>
					<row1>1.000000 0.000000 0.000000</row1>
					<row2>0.000000 -0.331278 -0.943533</row2>
					<row3>0.639902 0.060320 -3.357802</row3>
				</transform>
			</node>
			<node>
				<identifier>HP_turretJoint</identifier>
				<transform>
					<row0>1.000000 0.000000 0.000000</row0>
					<row1>0.000000 1.000000 0.000000</row1>
					<row2>0.000000 0.000000 1.000000</row2>
					<row3>-0.000000 0.508101 0.805154</row3>
				</transform>
			</node>
		</node>
	</node>
	<renderSet>
		<treatAsWorldSpaceObject>false</treatAsWorldSpaceObject>
		<node>Scene Root</node>
		<geometry>
			<vertices>vertices</vertices>
			<primitive>indices</primitive>
			<primitiveGroup>
				0
				<material>
					<identifier>tank_equipment</identifier>
					<property>
						selfIllumination
						<Float>0.000000</Float>
					</property>
					<property>
						diffuseMap
						<Texture>vehicles/czech/Cz20_ShPTK_TVP_100_mm/_skins/Cz20_ShPTK_TVP_100_mm_CO_3DSt/ShPTK_TVP_CO_3DSt_equipment_AM.dds</Texture>
					</property>
					<collisionFlags>0</collisionFlags>
					<materialKind>0</materialKind>
					<fx>shaders/std_effects/PBS_tank.fx</fx>
					<property>
						excludeMaskAndAOMap
						<Texture>vehicles/czech/Cz20_ShPTK_TVP_100_mm/_skins/Cz20_ShPTK_TVP_100_mm_CO_3DSt/ShPTK_TVP_CO_3DSt_equipment_AO.dds</Texture>
					</property>
					<property>
						g_detailUVTiling
						<Vector4>7.014000 3.507000 0.000000 0.000000</Vector4>
					</property>
					<property>
						g_useDetailMetallic
						<Bool>true</Bool>
					</property>
					<property>
						metallicDetailMap
						<Texture>vehicles/russian/Tank_detail/Details_map.dds</Texture>
					</property>
					<property>
						metallicGlossMap
						<Texture>vehicles/czech/Cz20_ShPTK_TVP_100_mm/_skins/Cz20_ShPTK_TVP_100_mm_CO_3DSt/ShPTK_TVP_CO_3DSt_equipment_GMM.dds</Texture>
					</property>
					<property>
						normalMap
						<Texture>vehicles/czech/Cz20_ShPTK_TVP_100_mm/_skins/Cz20_ShPTK_TVP_100_mm_CO_3DSt/ShPTK_TVP_CO_3DSt_equipment_ANM.dds</Texture>
					</property>
				</material>
				<groupOrigin>0.002068 0.171850 -0.354890</groupOrigin>
			</primitiveGroup>
			<primitiveGroup>
				1
				<material>
					<identifier>tank_hull_01</identifier>
					<property>
						selfIllumination
						<Float>0.000000</Float>
					</property>
					<property>
						diffuseMap
						<Texture>vehicles/czech/Cz20_ShPTK_TVP_100_mm/_skins/Cz20_ShPTK_TVP_100_mm_CO_3DSt/ShPTK_TVP_CO_3DSt_hull_01_AM.dds</Texture>
					</property>
					<collisionFlags>0</collisionFlags>
					<materialKind>0</materialKind>
					<fx>shaders/std_effects/PBS_tank.fx</fx>
					<property>
						excludeMaskAndAOMap
						<Texture>vehicles/czech/Cz20_ShPTK_TVP_100_mm/_skins/Cz20_ShPTK_TVP_100_mm_CO_3DSt/ShPTK_TVP_CO_3DSt_hull_01_AO.dds</Texture>
					</property>
					<property>
						g_detailUVTiling
						<Vector4>7.014000 7.014000 0.000000 0.000000</Vector4>
					</property>
					<property>
						g_useDetailMetallic
						<Bool>true</Bool>
					</property>
					<property>
						metallicDetailMap
						<Texture>vehicles/russian/Tank_detail/Details_map.dds</Texture>
					</property>
					<property>
						metallicGlossMap
						<Texture>vehicles/czech/Cz20_ShPTK_TVP_100_mm/_skins/Cz20_ShPTK_TVP_100_mm_CO_3DSt/ShPTK_TVP_CO_3DSt_hull_01_GMM.dds</Texture>
					</property>
					<property>
						normalMap
						<Texture>vehicles/czech/Cz20_ShPTK_TVP_100_mm/_skins/Cz20_ShPTK_TVP_100_mm_CO_3DSt/ShPTK_TVP_CO_3DSt_hull_01_ANM.dds</Texture>
					</property>
				</material>
				<groupOrigin>0.060461 -0.008380 -0.005074</groupOrigin>
			</primitiveGroup>
			<primitiveGroup>
				2
				<material>
					<identifier>tank_vegetation</identifier>
					<collisionFlags>0</collisionFlags>
					<materialKind>0</materialKind>
					<fx>shaders/std_effects/PBS_ext.fx</fx>
					<property>
						alphaReference
						<Int>127</Int>
					</property>
					<property>
						alphaTestEnable
						<Bool>true</Bool>
					</property>
					<property>
						diffuseMap
						<Texture>vehicles/czech/Cz20_ShPTK_TVP_100_mm/_skins/Cz20_ShPTK_TVP_100_mm_CO_3DSt/ShPTK_TVP_CO_3DSt_vegetation_AM.dds</Texture>
					</property>
					<property>
						doubleSided
						<Bool>true</Bool>
					</property>
					<property>
						g_enableTransmission
						<Bool>true</Bool>
					</property>
					<property>
						metallicGlossMap
						<Texture>vehicles/czech/Cz20_ShPTK_TVP_100_mm/_skins/Cz20_ShPTK_TVP_100_mm_CO_3DSt/ShPTK_TVP_CO_3DSt_vegetation_GMM.dds</Texture>
					</property>
					<property>
						normalMap
						<Texture>vehicles/czech/Cz20_ShPTK_TVP_100_mm/_skins/Cz20_ShPTK_TVP_100_mm_CO_3DSt/ShPTK_TVP_CO_3DSt_vegetation_ANM.dds</Texture>
					</property>
				</material>
				<groupOrigin>0.043201 0.128052 -0.147241</groupOrigin>
			</primitiveGroup>
		</geometry>
	</renderSet>
	<boundingBox>
		<min>-1.844894 -0.908361 -3.998751</min>
		<max>1.887498 1.067069 3.605981</max>
	</boundingBox>
	<geometrySize>419076</geometrySize>
	<minUVDensity>0.002954</minUVDensity>
</root>
