<?xml version="1.0" encoding="utf-8"?>
<root>
	<node>
		<identifier>Scene Root</identifier>
		<transform>
			<row0>1.000000 0.000000 0.000000</row0>
			<row1>0.000000 1.000000 0.000000</row1>
			<row2>0.000000 0.000000 1.000000</row2>
			<row3>0.000000 0.000000 0.000000</row3>
		</transform>
		<node>
			<identifier>nodes_01</identifier>
			<transform>
				<row0>1.000000 0.000000 0.000000</row0>
				<row1>0.000000 1.000000 0.000000</row1>
				<row2>0.000000 0.000000 1.000000</row2>
				<row3>0.000000 0.000000 0.000000</row3>
			</transform>
			<node>
				<identifier>HP_Fire_1</identifier>
				<transform>
					<row0>1.000000 0.000000 0.000000</row0>
					<row1>0.000000 1.000000 0.000000</row1>
					<row2>0.000000 0.000000 1.000000</row2>
					<row3>0.000000 -0.206290 -1.440403</row3>
				</transform>
			</node>
			<node>
				<identifier>HP_Fire_2</identifier>
				<transform>
					<row0>1.000000 0.000000 0.000000</row0>
					<row1>0.000000 1.000000 0.000000</row1>
					<row2>0.000000 0.000000 1.000000</row2>
					<row3>-0.389127 -0.175038 1.057186</row3>
				</transform>
			</node>
			<node>
				<identifier>HP_TrackUp_LFront</identifier>
				<transform>
					<row0>1.000000 0.000000 0.000000</row0>
					<row1>0.000000 0.832349 0.554252</row1>
					<row2>0.000000 -0.554252 0.832349</row2>
					<row3>-0.991255 0.097083 2.385216</row3>
				</transform>
			</node>
			<node>
				<identifier>HP_TrackUp_LRear</identifier>
				<transform>
					<row0>-1.000000 0.000000 0.000000</row0>
					<row1>0.000000 0.888001 -0.459842</row1>
					<row2>-0.000000 -0.459842 -0.888001</row2>
					<row3>-0.991255 -0.022874 -2.329037</row3>
				</transform>
			</node>
			<node>
				<identifier>HP_TrackUp_RFront</identifier>
				<transform>
					<row0>1.000000 0.000000 0.000000</row0>
					<row1>0.000000 0.832349 0.554252</row1>
					<row2>0.000000 -0.554252 0.832349</row2>
					<row3>0.991255 0.097083 2.385216</row3>
				</transform>
			</node>
			<node>
				<identifier>HP_TrackUp_RRear</identifier>
				<transform>
					<row0>-1.000000 0.000000 0.000000</row0>
					<row1>0.000000 0.888001 -0.459842</row1>
					<row2>-0.000000 -0.459842 -0.888001</row2>
					<row3>0.991255 -0.022874 -2.329037</row3>
				</transform>
			</node>
			<node>
				<identifier>HP_Track_Exhaus_1</identifier>
				<transform>
					<row0>1.000000 0.000116 0.000024</row0>
					<row1>0.000109 -0.981669 0.190592</row1>
					<row2>0.000046 -0.190592 -0.981669</row2>
					<row3>-0.000229 0.126651 -2.181404</row3>
				</transform>
			</node>
			<node>
				<identifier>HP_turretJoint</identifier>
				<transform>
					<row0>1.000000 0.000000 0.000000</row0>
					<row1>0.000000 1.000000 0.000000</row1>
					<row2>0.000000 0.000000 1.000000</row2>
					<row3>0.000000 0.286916 -0.007033</row3>
				</transform>
			</node>
		</node>
	</node>
	<renderSet>
		<treatAsWorldSpaceObject>false</treatAsWorldSpaceObject>
		<node>Scene Root</node>
		<geometry>
			<vertices>vertices</vertices>
			<primitive>indices</primitive>
			<primitiveGroup>
				0
				<material>
					<identifier>tank_proxy</identifier>
					<property>
						selfIllumination
						<Float>0.000000</Float>
					</property>
					<collisionFlags>0</collisionFlags>
					<materialKind>0</materialKind>
					<fx>shaders/std_effects/PBS_tank.fx</fx>
					<property>
						metallicGlossMap
						<Texture>vehicles/french/F116_Bat_Chatillon_Bourrasque/_skins/F116_Bat_Chatillon_Bourrasque_DV_3DSt/Bat_Chatillon_Bourrasque_DV_3DSt_proxy_GMM.dds</Texture>
					</property>
					<property>
						normalMap
						<Texture>vehicles/french/F116_Bat_Chatillon_Bourrasque/_skins/F116_Bat_Chatillon_Bourrasque_DV_3DSt/Bat_Chatillon_Bourrasque_DV_3DSt_proxy_ANM.dds</Texture>
					</property>
					<property>
						diffuseMap
						<Texture>vehicles/french/F116_Bat_Chatillon_Bourrasque/_skins/F116_Bat_Chatillon_Bourrasque_DV_3DSt/Bat_Chatillon_Bourrasque_DV_3DSt_proxy_AM.dds</Texture>
					</property>
					<property>
						excludeMaskAndAOMap
						<Texture>vehicles/french/F116_Bat_Chatillon_Bourrasque/_skins/F116_Bat_Chatillon_Bourrasque_DV_3DSt/Bat_Chatillon_Bourrasque_DV_3DSt_proxy_AO.dds</Texture>
					</property>
					<property>
						colorIdMap
						<Texture>vehicles/russian/common/common_ID.dds</Texture>
					</property>
					<property>
						crashTileMap
						<Texture>vehicles/russian/Tank_detail/crash_tile.dds</Texture>
					</property>
				</material>
				<groupOrigin>-0.024928 -0.126616 -0.066610</groupOrigin>
			</primitiveGroup>
		</geometry>
	</renderSet>
	<boundingBox>
		<min>-1.330573 -0.678938 -2.708391</min>
		<max>1.280717 0.425705 2.575171</max>
	</boundingBox>
	<geometrySize>3112</geometrySize>
	<minUVDensity>0.005511</minUVDensity>
</root>
