<?xml version="1.0" encoding="utf-8"?>
<root>
	<node>
		<identifier>Scene Root</identifier>
		<transform>
			<row0>1.000000 0.000000 0.000000</row0>
			<row1>0.000000 1.000000 0.000000</row1>
			<row2>0.000000 0.000000 1.000000</row2>
			<row3>0.000000 0.000000 0.000000</row3>
		</transform>
		<node>
			<identifier>nodes_01</identifier>
			<transform>
				<row0>1.000000 0.000000 0.000000</row0>
				<row1>0.000000 1.000000 0.000000</row1>
				<row2>0.000000 0.000000 1.000000</row2>
				<row3>0.000000 0.000000 0.000000</row3>
			</transform>
			<node>
				<identifier>HP_Track_LFront</identifier>
				<transform>
					<row0>1.000000 0.000000 0.000000</row0>
					<row1>0.000000 0.993847 -0.110758</row1>
					<row2>0.000000 0.110758 0.993847</row2>
					<row3>-1.340306 0.000000 2.089249</row3>
				</transform>
			</node>
			<node>
				<identifier>HP_Track_LRear</identifier>
				<transform>
					<row0>-1.000000 0.000000 0.000000</row0>
					<row1>0.000000 0.994751 0.102324</row1>
					<row2>-0.000000 0.102324 -0.994751</row2>
					<row3>-1.340306 0.000000 -2.140684</row3>
				</transform>
			</node>
			<node>
				<identifier>HP_Track_RFront</identifier>
				<transform>
					<row0>1.000000 0.000000 0.000000</row0>
					<row1>0.000000 0.993847 -0.110758</row1>
					<row2>0.000000 0.110758 0.993847</row2>
					<row3>1.340306 0.000000 2.089249</row3>
				</transform>
			</node>
			<node>
				<identifier>HP_Track_RRear</identifier>
				<transform>
					<row0>-1.000000 0.000000 0.000000</row0>
					<row1>0.000000 0.994751 0.102324</row1>
					<row2>-0.000000 0.102324 -0.994751</row2>
					<row3>1.340306 0.000000 -2.140684</row3>
				</transform>
			</node>
			<node>
				<identifier>HP_gui</identifier>
				<transform>
					<row0>1.000000 0.000000 0.000000</row0>
					<row1>0.000000 0.000000 -1.000000</row1>
					<row2>0.000000 1.000000 0.000000</row2>
					<row3>0.000000 3.577629 0.000000</row3>
				</transform>
			</node>
			<node>
				<identifier>Tank</identifier>
				<transform>
					<row0>1.000000 0.000000 0.000000</row0>
					<row1>0.000000 1.000000 0.000000</row1>
					<row2>0.000000 0.000000 1.000000</row2>
					<row3>0.000000 0.500000 0.000000</row3>
				</transform>
				<node>
					<identifier>V</identifier>
					<transform>
						<row0>1.000000 0.000000 0.000000</row0>
						<row1>0.000000 1.000000 0.000000</row1>
						<row2>0.000000 0.000000 1.000000</row2>
						<row3>0.000000 0.258045 0.000000</row3>
					</transform>
					<node>
						<identifier>Lever_Start_L0</identifier>
						<transform>
							<row0>1.000000 0.000000 0.000000</row0>
							<row1>0.000000 0.857706 -0.514140</row1>
							<row2>0.000000 0.514140 0.857706</row2>
							<row3>-1.340306 -0.243519 2.427761</row3>
						</transform>
						<node>
							<identifier>Lever_Joint_L0</identifier>
							<transform>
								<row0>1.000000 0.000000 0.000000</row0>
								<row1>-0.000000 0.857706 0.514140</row1>
								<row2>-0.000000 -0.514140 0.857706</row2>
								<row3>0.052027 0.000271 -0.370001</row3>
							</transform>
							<node>
								<identifier>Track_L0</identifier>
								<transform>
									<row0>1.000000 0.000000 0.000000</row0>
									<row1>0.000000 1.000000 0.000000</row1>
									<row2>0.000000 -0.000000 1.000000</row2>
									<row3>-0.052026 -0.324526 0.000000</row3>
								</transform>
								<node>
									<identifier>Track_L0_BlendBone</identifier>
									<transform>
										<row0>1.000000 0.000000 0.000000</row0>
										<row1>0.000000 1.000000 0.000000</row1>
										<row2>0.000000 0.000000 -1.000000</row2>
										<row3>1.340306 0.000000 -2.110270</row3>
									</transform>
								</node>
							</node>
							<node>
								<identifier>W_L0</identifier>
								<transform>
									<row0>1.000000 0.000000 0.000000</row0>
									<row1>0.000000 1.000000 0.000000</row1>
									<row2>0.000000 -0.000000 1.000000</row2>
									<row3>-0.052026 0.000000 0.000000</row3>
								</transform>
								<node>
									<identifier>W_L0_BlendBone</identifier>
									<transform>
										<row0>1.000000 0.000000 0.000000</row0>
										<row1>0.000000 1.000000 0.000000</row1>
										<row2>0.000000 0.000000 -1.000000</row2>
										<row3>1.340306 -0.324526 -2.110270</row3>
									</transform>
								</node>
							</node>
						</node>
						<node>
							<identifier>Lever_Start_L0_BlendBone</identifier>
							<transform>
								<row0>1.000000 0.000000 0.000000</row0>
								<row1>0.000000 0.857706 0.514140</row1>
								<row2>0.000000 0.514140 -0.857706</row2>
								<row3>1.340306 0.806898 -2.346844</row3>
							</transform>
						</node>
					</node>
					<node>
						<identifier>Lever_Start_L1</identifier>
						<transform>
							<row0>1.000000 0.000000 0.000000</row0>
							<row1>0.000000 0.959329 -0.282291</row1>
							<row2>0.000000 0.282291 0.959329</row2>
							<row3>-1.340306 -0.328449 1.633038</row3>
						</transform>
						<node>
							<identifier>Lever_Joint_L1</identifier>
							<transform>
								<row0>1.000000 0.000000 0.000000</row0>
								<row1>0.000000 0.959329 0.282291</row1>
								<row2>0.000000 -0.282291 0.959329</row2>
								<row3>0.052026 -0.000649 -0.370000</row3>
							</transform>
							<node>
								<identifier>Track_L1</identifier>
								<transform>
									<row0>1.000000 0.000000 0.000000</row0>
									<row1>0.000000 1.000000 0.000000</row1>
									<row2>0.000000 0.000000 1.000000</row2>
									<row3>-0.052026 -0.324526 0.000001</row3>
								</transform>
								<node>
									<identifier>Track_L1_BlendBone</identifier>
									<transform>
										<row0>1.000000 0.000000 0.000000</row0>
										<row1>0.000000 1.000000 0.000000</row1>
										<row2>0.000000 0.000000 -1.000000</row2>
										<row3>1.340306 -0.000000 -1.278270</row3>
									</transform>
								</node>
							</node>
							<node>
								<identifier>W_L1</identifier>
								<transform>
									<row0>1.000000 0.000000 0.000000</row0>
									<row1>0.000000 1.000000 0.000000</row1>
									<row2>0.000000 0.000000 1.000000</row2>
									<row3>-0.052026 -0.000001 0.000000</row3>
								</transform>
								<node>
									<identifier>W_L1_BlendBone</identifier>
									<transform>
										<row0>1.000000 0.000000 0.000000</row0>
										<row1>0.000000 1.000000 0.000000</row1>
										<row2>0.000000 0.000000 -1.000000</row2>
										<row3>1.340306 -0.324525 -1.278269</row3>
									</transform>
								</node>
							</node>
							<node>
								<identifier>Lever_Joint_L1_BlendBone</identifier>
								<transform>
									<row0>1.000000 0.000000 0.000000</row0>
									<row1>0.000000 1.000000 0.000000</row1>
									<row2>0.000000 0.000000 -1.000000</row2>
									<row3>1.288279 -0.324526 -1.278269</row3>
								</transform>
							</node>
						</node>
						<node>
							<identifier>Lever_Start_L1_BlendBone</identifier>
							<transform>
								<row0>1.000000 0.000000 0.000000</row0>
								<row1>0.000000 0.959329 0.282291</row1>
								<row2>0.000000 0.282291 -0.959329</row2>
								<row3>1.340306 0.048868 -1.687891</row3>
							</transform>
						</node>
					</node>
					<node>
						<identifier>Lever_Start_L2</identifier>
						<transform>
							<row0>1.000000 0.000000 0.000000</row0>
							<row1>0.000000 0.959329 -0.282291</row1>
							<row2>0.000000 0.282291 0.959329</row2>
							<row3>-1.340306 -0.328449 0.809036</row3>
						</transform>
						<node>
							<identifier>Lever_Joint_L2</identifier>
							<transform>
								<row0>1.000000 0.000000 0.000000</row0>
								<row1>0.000000 0.959329 0.282291</row1>
								<row2>0.000000 -0.282291 0.959329</row2>
								<row3>0.052026 -0.000649 -0.370000</row3>
							</transform>
							<node>
								<identifier>Track_L2</identifier>
								<transform>
									<row0>1.000000 0.000000 0.000000</row0>
									<row1>0.000000 1.000000 0.000000</row1>
									<row2>0.000000 0.000000 1.000000</row2>
									<row3>-0.052026 -0.324526 0.000002</row3>
								</transform>
								<node>
									<identifier>Track_L2_BlendBone</identifier>
									<transform>
										<row0>1.000000 0.000000 0.000000</row0>
										<row1>0.000000 1.000000 0.000000</row1>
										<row2>0.000000 0.000000 -1.000000</row2>
										<row3>1.340306 -0.000000 -0.454270</row3>
									</transform>
								</node>
							</node>
							<node>
								<identifier>W_L2</identifier>
								<transform>
									<row0>1.000000 0.000000 0.000000</row0>
									<row1>0.000000 1.000000 0.000000</row1>
									<row2>0.000000 0.000000 1.000000</row2>
									<row3>-0.052026 -0.000002 0.000000</row3>
								</transform>
								<node>
									<identifier>W_L2_BlendBone</identifier>
									<transform>
										<row0>1.000000 0.000000 0.000000</row0>
										<row1>0.000000 1.000000 0.000000</row1>
										<row2>0.000000 0.000000 -1.000000</row2>
										<row3>1.340306 -0.324524 -0.454268</row3>
									</transform>
								</node>
							</node>
							<node>
								<identifier>Lever_Joint_L2_BlendBone</identifier>
								<transform>
									<row0>1.000000 0.000000 0.000000</row0>
									<row1>0.000000 1.000000 0.000000</row1>
									<row2>0.000000 0.000000 -1.000000</row2>
									<row3>1.288279 -0.324526 -0.454268</row3>
								</transform>
							</node>
						</node>
						<node>
							<identifier>Lever_Start_L2_BlendBone</identifier>
							<transform>
								<row0>1.000000 0.000000 0.000000</row0>
								<row1>0.000000 0.959329 0.282291</row1>
								<row2>0.000000 0.282291 -0.959329</row2>
								<row3>1.340306 -0.183740 -0.897403</row3>
							</transform>
						</node>
					</node>
					<node>
						<identifier>Lever_Start_L3</identifier>
						<transform>
							<row0>1.000000 0.000000 0.000000</row0>
							<row1>0.000000 0.959329 -0.282291</row1>
							<row2>0.000000 0.282291 0.959329</row2>
							<row3>-1.340306 -0.328449 -0.014961</row3>
						</transform>
						<node>
							<identifier>Lever_Joint_L3</identifier>
							<transform>
								<row0>1.000000 0.000000 0.000000</row0>
								<row1>0.000000 0.959329 0.282291</row1>
								<row2>0.000000 -0.282291 0.959329</row2>
								<row3>0.052026 -0.000649 -0.370000</row3>
							</transform>
							<node>
								<identifier>Track_L3</identifier>
								<transform>
									<row0>1.000000 0.000000 -0.000000</row0>
									<row1>0.000000 1.000000 0.000000</row1>
									<row2>0.000000 0.000000 1.000000</row2>
									<row3>-0.052026 -0.324526 -0.000000</row3>
								</transform>
								<node>
									<identifier>Track_L3_BlendBone</identifier>
									<transform>
										<row0>1.000000 0.000000 0.000000</row0>
										<row1>0.000000 1.000000 0.000000</row1>
										<row2>0.000000 0.000000 -1.000000</row2>
										<row3>1.340306 0.000000 0.369730</row3>
									</transform>
								</node>
							</node>
							<node>
								<identifier>W_L3</identifier>
								<transform>
									<row0>1.000000 0.000000 -0.000000</row0>
									<row1>0.000000 1.000000 0.000000</row1>
									<row2>0.000000 0.000000 1.000000</row2>
									<row3>-0.052026 0.000001 0.000000</row3>
								</transform>
								<node>
									<identifier>W_L3_BlendBone</identifier>
									<transform>
										<row0>1.000000 0.000000 0.000000</row0>
										<row1>0.000000 1.000000 0.000000</row1>
										<row2>0.000000 0.000000 -1.000000</row2>
										<row3>1.340306 -0.324526 0.369730</row3>
									</transform>
								</node>
							</node>
							<node>
								<identifier>Lever_Joint_L3_BlendBone</identifier>
								<transform>
									<row0>1.000000 0.000000 0.000000</row0>
									<row1>0.000000 1.000000 0.000000</row1>
									<row2>0.000000 0.000000 -1.000000</row2>
									<row3>1.288279 -0.324526 0.369730</row3>
								</transform>
							</node>
						</node>
						<node>
							<identifier>Lever_Start_L3_BlendBone</identifier>
							<transform>
								<row0>1.000000 0.000000 0.000000</row0>
								<row1>0.000000 0.959329 0.282291</row1>
								<row2>0.000000 0.282291 -0.959329</row2>
								<row3>1.340306 -0.416347 -0.106919</row3>
							</transform>
						</node>
					</node>
					<node>
						<identifier>Lever_Start_L4</identifier>
						<transform>
							<row0>1.000000 0.000000 0.000000</row0>
							<row1>0.000000 0.959329 -0.282291</row1>
							<row2>0.000000 0.282291 0.959329</row2>
							<row3>-1.340306 -0.328449 -0.838966</row3>
						</transform>
						<node>
							<identifier>Lever_Joint_L4</identifier>
							<transform>
								<row0>1.000000 -0.000000 0.000000</row0>
								<row1>0.000000 0.959329 0.282291</row1>
								<row2>0.000000 -0.282291 0.959329</row2>
								<row3>0.052026 -0.000649 -0.370000</row3>
							</transform>
							<node>
								<identifier>Track_L4</identifier>
								<transform>
									<row0>1.000000 0.000000 0.000000</row0>
									<row1>0.000000 1.000000 0.000000</row1>
									<row2>0.000000 0.000000 1.000000</row2>
									<row3>-0.052026 -0.324526 0.000005</row3>
								</transform>
								<node>
									<identifier>Track_L4_BlendBone</identifier>
									<transform>
										<row0>1.000000 0.000000 0.000000</row0>
										<row1>0.000000 1.000000 0.000000</row1>
										<row2>0.000000 0.000000 -1.000000</row2>
										<row3>1.340306 -0.000000 1.193730</row3>
									</transform>
								</node>
							</node>
							<node>
								<identifier>W_L4</identifier>
								<transform>
									<row0>1.000000 0.000000 0.000000</row0>
									<row1>0.000000 1.000000 0.000000</row1>
									<row2>0.000000 0.000000 1.000000</row2>
									<row3>-0.052026 -0.000005 0.000000</row3>
								</transform>
								<node>
									<identifier>W_L4_BlendBone</identifier>
									<transform>
										<row0>1.000000 0.000000 0.000000</row0>
										<row1>0.000000 1.000000 0.000000</row1>
										<row2>0.000000 0.000000 -1.000000</row2>
										<row3>1.340306 -0.324521 1.193735</row3>
									</transform>
								</node>
							</node>
							<node>
								<identifier>Lever_Joint_L4_BlendBone</identifier>
								<transform>
									<row0>1.000000 0.000000 0.000000</row0>
									<row1>0.000000 1.000000 0.000000</row1>
									<row2>0.000000 0.000000 -1.000000</row2>
									<row3>1.288279 -0.324526 1.193735</row3>
								</transform>
							</node>
						</node>
						<node>
							<identifier>Lever_Start_L4_BlendBone</identifier>
							<transform>
								<row0>1.000000 0.000000 0.000000</row0>
								<row1>0.000000 0.959329 0.282291</row1>
								<row2>0.000000 0.282291 -0.959329</row2>
								<row3>1.340306 -0.648957 0.683573</row3>
							</transform>
						</node>
					</node>
					<node>
						<identifier>Lever_Start_L5</identifier>
						<transform>
							<row0>1.000000 0.000000 0.000000</row0>
							<row1>0.000000 0.959329 -0.282291</row1>
							<row2>0.000000 0.282291 0.959329</row2>
							<row3>-1.340306 -0.328449 -1.812961</row3>
						</transform>
						<node>
							<identifier>Lever_Joint_L5</identifier>
							<transform>
								<row0>1.000000 -0.000000 0.000000</row0>
								<row1>-0.000000 0.959329 0.282291</row1>
								<row2>-0.000000 -0.282291 0.959329</row2>
								<row3>0.052026 -0.000649 -0.370000</row3>
							</transform>
							<node>
								<identifier>Track_L5</identifier>
								<transform>
									<row0>1.000000 0.000000 0.000000</row0>
									<row1>0.000000 1.000000 0.000000</row1>
									<row2>0.000000 -0.000000 1.000000</row2>
									<row3>-0.052026 -0.324526 0.000000</row3>
								</transform>
								<node>
									<identifier>Track_L5_BlendBone</identifier>
									<transform>
										<row0>1.000000 0.000000 0.000000</row0>
										<row1>0.000000 1.000000 0.000000</row1>
										<row2>0.000000 0.000000 -1.000000</row2>
										<row3>1.340306 0.000000 2.167730</row3>
									</transform>
								</node>
							</node>
							<node>
								<identifier>W_L5</identifier>
								<transform>
									<row0>1.000000 0.000000 0.000000</row0>
									<row1>0.000000 1.000000 0.000000</row1>
									<row2>0.000000 -0.000000 1.000000</row2>
									<row3>-0.052026 0.000000 0.000000</row3>
								</transform>
								<node>
									<identifier>W_L5_BlendBone</identifier>
									<transform>
										<row0>1.000000 0.000000 0.000000</row0>
										<row1>0.000000 1.000000 0.000000</row1>
										<row2>0.000000 0.000000 -1.000000</row2>
										<row3>1.340306 -0.324526 2.167730</row3>
									</transform>
								</node>
							</node>
							<node>
								<identifier>Lever_Joint_L5_BlendBone</identifier>
								<transform>
									<row0>1.000000 0.000000 0.000000</row0>
									<row1>0.000000 1.000000 0.000000</row1>
									<row2>0.000000 0.000000 -1.000000</row2>
									<row3>1.288279 -0.324526 2.167730</row3>
								</transform>
							</node>
						</node>
						<node>
							<identifier>Lever_Start_L5_BlendBone</identifier>
							<transform>
								<row0>1.000000 0.000000 0.000000</row0>
								<row1>0.000000 0.959329 0.282291</row1>
								<row2>0.000000 0.282291 -0.959329</row2>
								<row3>1.340306 -0.923907 1.617955</row3>
							</transform>
						</node>
					</node>
					<node>
						<identifier>Lever_Start_R0</identifier>
						<transform>
							<row0>1.000000 0.000000 0.000000</row0>
							<row1>0.000000 0.857706 -0.514140</row1>
							<row2>0.000000 0.514140 0.857706</row2>
							<row3>1.340306 -0.243519 2.427761</row3>
						</transform>
						<node>
							<identifier>Lever_Joint_R0</identifier>
							<transform>
								<row0>1.000000 0.000000 0.000000</row0>
								<row1>0.000000 0.857706 0.514140</row1>
								<row2>0.000000 -0.514140 0.857706</row2>
								<row3>-0.059875 0.000271 -0.370001</row3>
							</transform>
							<node>
								<identifier>Track_R0</identifier>
								<transform>
									<row0>1.000000 0.000000 0.000000</row0>
									<row1>0.000000 1.000000 0.000000</row1>
									<row2>-0.000000 -0.000000 1.000000</row2>
									<row3>0.059875 -0.324526 0.000000</row3>
								</transform>
								<node>
									<identifier>Track_R0_BlendBone</identifier>
									<transform>
										<row0>1.000000 0.000000 0.000000</row0>
										<row1>0.000000 1.000000 0.000000</row1>
										<row2>0.000000 0.000000 -1.000000</row2>
										<row3>-1.340306 0.000000 -2.110270</row3>
									</transform>
								</node>
							</node>
							<node>
								<identifier>W_R0</identifier>
								<transform>
									<row0>1.000000 0.000000 0.000000</row0>
									<row1>0.000000 1.000000 0.000000</row1>
									<row2>-0.000000 -0.000000 1.000000</row2>
									<row3>0.059875 0.000000 0.000000</row3>
								</transform>
								<node>
									<identifier>W_R0_BlendBone</identifier>
									<transform>
										<row0>1.000000 0.000000 0.000000</row0>
										<row1>0.000000 1.000000 0.000000</row1>
										<row2>0.000000 0.000000 -1.000000</row2>
										<row3>-1.340306 -0.324526 -2.110270</row3>
									</transform>
								</node>
							</node>
							<node>
								<identifier>Lever_Joint_R0_BlendBone</identifier>
								<transform>
									<row0>1.000000 0.000000 0.000000</row0>
									<row1>0.000000 1.000000 0.000000</row1>
									<row2>0.000000 0.000000 -1.000000</row2>
									<row3>-1.280431 -0.324526 -2.110270</row3>
								</transform>
							</node>
						</node>
						<node>
							<identifier>Lever_Start_R0_BlendBone</identifier>
							<transform>
								<row0>1.000000 0.000000 0.000000</row0>
								<row1>0.000000 0.857706 0.514140</row1>
								<row2>0.000000 0.514140 -0.857706</row2>
								<row3>-1.340306 0.806898 -2.346844</row3>
							</transform>
						</node>
					</node>
					<node>
						<identifier>Lever_Start_R1</identifier>
						<transform>
							<row0>1.000000 0.000000 0.000000</row0>
							<row1>0.000000 0.959329 -0.282291</row1>
							<row2>0.000000 0.282291 0.959329</row2>
							<row3>1.340306 -0.328449 1.633038</row3>
						</transform>
						<node>
							<identifier>Lever_Joint_R1</identifier>
							<transform>
								<row0>1.000000 0.000000 0.000000</row0>
								<row1>0.000000 0.959329 0.282291</row1>
								<row2>-0.000000 -0.282291 0.959329</row2>
								<row3>-0.059875 -0.000649 -0.370000</row3>
							</transform>
							<node>
								<identifier>Track_R1</identifier>
								<transform>
									<row0>1.000000 0.000000 0.000000</row0>
									<row1>0.000000 1.000000 0.000000</row1>
									<row2>0.000000 0.000000 1.000000</row2>
									<row3>0.059875 -0.324526 0.000001</row3>
								</transform>
								<node>
									<identifier>Track_R1_BlendBone</identifier>
									<transform>
										<row0>1.000000 0.000000 0.000000</row0>
										<row1>0.000000 1.000000 0.000000</row1>
										<row2>0.000000 0.000000 -1.000000</row2>
										<row3>-1.340306 -0.000000 -1.278270</row3>
									</transform>
								</node>
							</node>
							<node>
								<identifier>W_R1</identifier>
								<transform>
									<row0>1.000000 0.000000 0.000000</row0>
									<row1>0.000000 1.000000 0.000000</row1>
									<row2>0.000000 0.000000 1.000000</row2>
									<row3>0.059875 -0.000001 0.000000</row3>
								</transform>
								<node>
									<identifier>W_R1_BlendBone</identifier>
									<transform>
										<row0>1.000000 0.000000 0.000000</row0>
										<row1>0.000000 1.000000 0.000000</row1>
										<row2>0.000000 0.000000 -1.000000</row2>
										<row3>-1.340306 -0.324525 -1.278269</row3>
									</transform>
								</node>
							</node>
							<node>
								<identifier>Lever_Joint_R1_BlendBone</identifier>
								<transform>
									<row0>1.000000 0.000000 0.000000</row0>
									<row1>0.000000 1.000000 0.000000</row1>
									<row2>0.000000 0.000000 -1.000000</row2>
									<row3>-1.280431 -0.324526 -1.278269</row3>
								</transform>
							</node>
						</node>
						<node>
							<identifier>Lever_Start_R1_BlendBone</identifier>
							<transform>
								<row0>1.000000 0.000000 0.000000</row0>
								<row1>0.000000 0.959329 0.282291</row1>
								<row2>0.000000 0.282291 -0.959329</row2>
								<row3>-1.340306 0.048868 -1.687891</row3>
							</transform>
						</node>
					</node>
					<node>
						<identifier>Lever_Start_R2</identifier>
						<transform>
							<row0>1.000000 0.000000 0.000000</row0>
							<row1>0.000000 0.959329 -0.282291</row1>
							<row2>0.000000 0.282291 0.959329</row2>
							<row3>1.340306 -0.328449 0.809036</row3>
						</transform>
						<node>
							<identifier>Lever_Joint_R2</identifier>
							<transform>
								<row0>1.000000 0.000000 0.000000</row0>
								<row1>0.000000 0.959329 0.282291</row1>
								<row2>0.000000 -0.282291 0.959329</row2>
								<row3>-0.059875 -0.000649 -0.370000</row3>
							</transform>
							<node>
								<identifier>Track_R2</identifier>
								<transform>
									<row0>1.000000 0.000000 0.000000</row0>
									<row1>0.000000 1.000000 0.000000</row1>
									<row2>0.000000 0.000000 1.000000</row2>
									<row3>0.059875 -0.324526 0.000002</row3>
								</transform>
								<node>
									<identifier>Track_R2_BlendBone</identifier>
									<transform>
										<row0>1.000000 0.000000 0.000000</row0>
										<row1>0.000000 1.000000 0.000000</row1>
										<row2>0.000000 0.000000 -1.000000</row2>
										<row3>-1.340306 -0.000000 -0.454270</row3>
									</transform>
								</node>
							</node>
							<node>
								<identifier>W_R2</identifier>
								<transform>
									<row0>1.000000 0.000000 0.000000</row0>
									<row1>0.000000 1.000000 0.000000</row1>
									<row2>0.000000 0.000000 1.000000</row2>
									<row3>0.059875 -0.000002 0.000000</row3>
								</transform>
								<node>
									<identifier>W_R2_BlendBone</identifier>
									<transform>
										<row0>1.000000 0.000000 0.000000</row0>
										<row1>0.000000 1.000000 0.000000</row1>
										<row2>0.000000 0.000000 -1.000000</row2>
										<row3>-1.340306 -0.324524 -0.454268</row3>
									</transform>
								</node>
							</node>
							<node>
								<identifier>Lever_Joint_R2_BlendBone</identifier>
								<transform>
									<row0>1.000000 0.000000 0.000000</row0>
									<row1>0.000000 1.000000 0.000000</row1>
									<row2>0.000000 0.000000 -1.000000</row2>
									<row3>-1.280431 -0.324526 -0.454268</row3>
								</transform>
							</node>
						</node>
						<node>
							<identifier>Lever_Start_R2_BlendBone</identifier>
							<transform>
								<row0>1.000000 0.000000 0.000000</row0>
								<row1>0.000000 0.959329 0.282291</row1>
								<row2>0.000000 0.282291 -0.959329</row2>
								<row3>-1.340306 -0.183740 -0.897403</row3>
							</transform>
						</node>
					</node>
					<node>
						<identifier>Lever_Start_R3</identifier>
						<transform>
							<row0>1.000000 0.000000 0.000000</row0>
							<row1>0.000000 0.959329 -0.282291</row1>
							<row2>0.000000 0.282291 0.959329</row2>
							<row3>1.340306 -0.328449 -0.014961</row3>
						</transform>
						<node>
							<identifier>Lever_Joint_R3</identifier>
							<transform>
								<row0>1.000000 0.000000 0.000000</row0>
								<row1>0.000000 0.959329 0.282291</row1>
								<row2>0.000000 -0.282291 0.959329</row2>
								<row3>-0.059875 -0.000649 -0.370000</row3>
							</transform>
							<node>
								<identifier>Track_R3</identifier>
								<transform>
									<row0>1.000000 0.000000 0.000000</row0>
									<row1>0.000000 1.000000 0.000000</row1>
									<row2>0.000000 0.000000 1.000000</row2>
									<row3>0.059875 -0.324526 -0.000000</row3>
								</transform>
								<node>
									<identifier>Track_R3_BlendBone</identifier>
									<transform>
										<row0>1.000000 0.000000 0.000000</row0>
										<row1>0.000000 1.000000 0.000000</row1>
										<row2>0.000000 0.000000 -1.000000</row2>
										<row3>-1.340306 0.000000 0.369730</row3>
									</transform>
								</node>
							</node>
							<node>
								<identifier>W_R3</identifier>
								<transform>
									<row0>1.000000 0.000000 0.000000</row0>
									<row1>0.000000 1.000000 0.000000</row1>
									<row2>0.000000 0.000000 1.000000</row2>
									<row3>0.059875 0.000001 0.000000</row3>
								</transform>
								<node>
									<identifier>W_R3_BlendBone</identifier>
									<transform>
										<row0>1.000000 0.000000 0.000000</row0>
										<row1>0.000000 1.000000 0.000000</row1>
										<row2>0.000000 0.000000 -1.000000</row2>
										<row3>-1.340306 -0.324526 0.369730</row3>
									</transform>
								</node>
							</node>
							<node>
								<identifier>Lever_Joint_R3_BlendBone</identifier>
								<transform>
									<row0>1.000000 0.000000 0.000000</row0>
									<row1>0.000000 1.000000 0.000000</row1>
									<row2>0.000000 0.000000 -1.000000</row2>
									<row3>-1.280431 -0.324526 0.369730</row3>
								</transform>
							</node>
						</node>
						<node>
							<identifier>Lever_Start_R3_BlendBone</identifier>
							<transform>
								<row0>1.000000 0.000000 0.000000</row0>
								<row1>0.000000 0.959329 0.282291</row1>
								<row2>0.000000 0.282291 -0.959329</row2>
								<row3>-1.340306 -0.416347 -0.106919</row3>
							</transform>
						</node>
					</node>
					<node>
						<identifier>Lever_Start_R4</identifier>
						<transform>
							<row0>1.000000 0.000000 0.000000</row0>
							<row1>0.000000 0.959329 -0.282291</row1>
							<row2>0.000000 0.282291 0.959329</row2>
							<row3>1.340306 -0.328449 -0.838966</row3>
						</transform>
						<node>
							<identifier>Lever_Joint_R4</identifier>
							<transform>
								<row0>1.000000 0.000000 0.000000</row0>
								<row1>0.000000 0.959329 0.282291</row1>
								<row2>0.000000 -0.282291 0.959329</row2>
								<row3>-0.059875 -0.000649 -0.370000</row3>
							</transform>
							<node>
								<identifier>Track_R4</identifier>
								<transform>
									<row0>1.000000 0.000000 0.000000</row0>
									<row1>0.000000 1.000000 0.000000</row1>
									<row2>0.000000 0.000000 1.000000</row2>
									<row3>0.059875 -0.324526 0.000005</row3>
								</transform>
								<node>
									<identifier>Track_R4_BlendBone</identifier>
									<transform>
										<row0>1.000000 0.000000 0.000000</row0>
										<row1>0.000000 1.000000 0.000000</row1>
										<row2>0.000000 0.000000 -1.000000</row2>
										<row3>-1.340306 -0.000000 1.193730</row3>
									</transform>
								</node>
							</node>
							<node>
								<identifier>W_R4</identifier>
								<transform>
									<row0>1.000000 0.000000 0.000000</row0>
									<row1>0.000000 1.000000 0.000000</row1>
									<row2>0.000000 0.000000 1.000000</row2>
									<row3>0.059875 -0.000005 0.000000</row3>
								</transform>
								<node>
									<identifier>W_R4_BlendBone</identifier>
									<transform>
										<row0>1.000000 0.000000 0.000000</row0>
										<row1>0.000000 1.000000 0.000000</row1>
										<row2>0.000000 0.000000 -1.000000</row2>
										<row3>-1.340306 -0.324521 1.193735</row3>
									</transform>
								</node>
							</node>
							<node>
								<identifier>Lever_Joint_R4_BlendBone</identifier>
								<transform>
									<row0>1.000000 0.000000 0.000000</row0>
									<row1>0.000000 1.000000 0.000000</row1>
									<row2>0.000000 0.000000 -1.000000</row2>
									<row3>-1.280431 -0.324526 1.193735</row3>
								</transform>
							</node>
						</node>
						<node>
							<identifier>Lever_Start_R4_BlendBone</identifier>
							<transform>
								<row0>1.000000 0.000000 0.000000</row0>
								<row1>0.000000 0.959329 0.282291</row1>
								<row2>0.000000 0.282291 -0.959329</row2>
								<row3>-1.340306 -0.648957 0.683573</row3>
							</transform>
						</node>
					</node>
					<node>
						<identifier>Lever_Start_R5</identifier>
						<transform>
							<row0>1.000000 0.000000 0.000000</row0>
							<row1>0.000000 0.959329 -0.282291</row1>
							<row2>0.000000 0.282291 0.959329</row2>
							<row3>1.340306 -0.328449 -1.812961</row3>
						</transform>
						<node>
							<identifier>Lever_Joint_R5</identifier>
							<transform>
								<row0>1.000000 0.000000 -0.000000</row0>
								<row1>0.000000 0.959329 0.282291</row1>
								<row2>0.000000 -0.282291 0.959329</row2>
								<row3>-0.059875 -0.000649 -0.370000</row3>
							</transform>
							<node>
								<identifier>Track_R5</identifier>
								<transform>
									<row0>1.000000 -0.000000 0.000000</row0>
									<row1>0.000000 1.000000 0.000000</row1>
									<row2>-0.000000 0.000000 1.000000</row2>
									<row3>0.059875 -0.324526 0.000000</row3>
								</transform>
								<node>
									<identifier>Track_R5_BlendBone</identifier>
									<transform>
										<row0>1.000000 0.000000 0.000000</row0>
										<row1>0.000000 1.000000 0.000000</row1>
										<row2>0.000000 0.000000 -1.000000</row2>
										<row3>-1.340306 0.000000 2.167730</row3>
									</transform>
								</node>
							</node>
							<node>
								<identifier>W_R5</identifier>
								<transform>
									<row0>1.000000 -0.000000 0.000000</row0>
									<row1>0.000000 1.000000 0.000000</row1>
									<row2>-0.000000 0.000000 1.000000</row2>
									<row3>0.059875 0.000000 0.000000</row3>
								</transform>
								<node>
									<identifier>W_R5_BlendBone</identifier>
									<transform>
										<row0>1.000000 0.000000 0.000000</row0>
										<row1>0.000000 1.000000 0.000000</row1>
										<row2>0.000000 0.000000 -1.000000</row2>
										<row3>-1.340306 -0.324526 2.167730</row3>
									</transform>
								</node>
							</node>
							<node>
								<identifier>Lever_Joint_R5_BlendBone</identifier>
								<transform>
									<row0>1.000000 0.000000 0.000000</row0>
									<row1>0.000000 1.000000 0.000000</row1>
									<row2>0.000000 0.000000 -1.000000</row2>
									<row3>-1.280431 -0.324526 2.167730</row3>
								</transform>
							</node>
						</node>
						<node>
							<identifier>Lever_Start_R5_BlendBone</identifier>
							<transform>
								<row0>1.000000 0.000000 0.000000</row0>
								<row1>0.000000 0.959329 0.282291</row1>
								<row2>0.000000 0.282291 -0.959329</row2>
								<row3>-1.340306 -0.923907 1.617955</row3>
							</transform>
						</node>
					</node>
					<node>
						<identifier>Track_VT_L0</identifier>
						<transform>
							<row0>1.000000 0.000000 0.000000</row0>
							<row1>0.000000 1.000000 0.000000</row1>
							<row2>0.000000 0.000000 1.000000</row2>
							<row3>-1.340306 0.113391 2.249008</row3>
						</transform>
						<node>
							<identifier>Track_VT_L0_BlendBone</identifier>
							<transform>
								<row0>1.000000 0.000000 0.000000</row0>
								<row1>0.000000 1.000000 0.000000</row1>
								<row2>0.000000 0.000000 -1.000000</row2>
								<row3>1.340306 -0.871436 -2.249008</row3>
							</transform>
						</node>
					</node>
					<node>
						<identifier>Track_VT_L1</identifier>
						<transform>
							<row0>1.000000 0.000000 0.000000</row0>
							<row1>0.000000 1.000000 0.000000</row1>
							<row2>0.000000 0.000000 1.000000</row2>
							<row3>-1.340306 0.113391 0.898749</row3>
						</transform>
						<node>
							<identifier>Track_VT_L1_BlendBone</identifier>
							<transform>
								<row0>1.000000 0.000000 0.000000</row0>
								<row1>0.000000 1.000000 0.000000</row1>
								<row2>0.000000 0.000000 -1.000000</row2>
								<row3>1.340306 -0.871436 -0.898749</row3>
							</transform>
						</node>
					</node>
					<node>
						<identifier>Track_VT_L2</identifier>
						<transform>
							<row0>1.000000 0.000000 0.000000</row0>
							<row1>0.000000 1.000000 0.000000</row1>
							<row2>0.000000 0.000000 1.000000</row2>
							<row3>-1.340306 0.113391 -0.769244</row3>
						</transform>
						<node>
							<identifier>Track_VT_L2_BlendBone</identifier>
							<transform>
								<row0>1.000000 0.000000 0.000000</row0>
								<row1>0.000000 1.000000 0.000000</row1>
								<row2>0.000000 0.000000 -1.000000</row2>
								<row3>1.340306 -0.871436 0.769244</row3>
							</transform>
						</node>
					</node>
					<node>
						<identifier>Track_VT_L3</identifier>
						<transform>
							<row0>1.000000 0.000000 0.000000</row0>
							<row1>0.000000 1.000000 0.000000</row1>
							<row2>0.000000 0.000000 1.000000</row2>
							<row3>-1.340306 0.113391 -2.242787</row3>
						</transform>
						<node>
							<identifier>Track_VT_L3_BlendBone</identifier>
							<transform>
								<row0>1.000000 0.000000 0.000000</row0>
								<row1>0.000000 1.000000 0.000000</row1>
								<row2>0.000000 0.000000 -1.000000</row2>
								<row3>1.340306 -0.871436 2.242787</row3>
							</transform>
						</node>
					</node>
					<node>
						<identifier>Track_VT_R0</identifier>
						<transform>
							<row0>1.000000 0.000000 0.000000</row0>
							<row1>0.000000 1.000000 0.000000</row1>
							<row2>0.000000 0.000000 1.000000</row2>
							<row3>1.340306 0.113391 2.249008</row3>
						</transform>
						<node>
							<identifier>Track_VT_R0_BlendBone</identifier>
							<transform>
								<row0>1.000000 0.000000 0.000000</row0>
								<row1>0.000000 1.000000 0.000000</row1>
								<row2>0.000000 0.000000 -1.000000</row2>
								<row3>-1.340306 -0.871436 -2.249008</row3>
							</transform>
						</node>
					</node>
					<node>
						<identifier>Track_VT_R1</identifier>
						<transform>
							<row0>1.000000 0.000000 0.000000</row0>
							<row1>0.000000 1.000000 0.000000</row1>
							<row2>0.000000 0.000000 1.000000</row2>
							<row3>1.340306 0.113391 0.898749</row3>
						</transform>
						<node>
							<identifier>Track_VT_R1_BlendBone</identifier>
							<transform>
								<row0>1.000000 0.000000 0.000000</row0>
								<row1>0.000000 1.000000 0.000000</row1>
								<row2>0.000000 0.000000 -1.000000</row2>
								<row3>-1.340306 -0.871436 -0.898749</row3>
							</transform>
						</node>
					</node>
					<node>
						<identifier>Track_VT_R2</identifier>
						<transform>
							<row0>1.000000 0.000000 0.000000</row0>
							<row1>0.000000 1.000000 0.000000</row1>
							<row2>0.000000 0.000000 1.000000</row2>
							<row3>1.340306 0.113391 -0.769244</row3>
						</transform>
						<node>
							<identifier>Track_VT_R2_BlendBone</identifier>
							<transform>
								<row0>1.000000 0.000000 0.000000</row0>
								<row1>0.000000 1.000000 0.000000</row1>
								<row2>0.000000 0.000000 -1.000000</row2>
								<row3>-1.340306 -0.871436 0.769244</row3>
							</transform>
						</node>
					</node>
					<node>
						<identifier>Track_VT_R3</identifier>
						<transform>
							<row0>1.000000 0.000000 0.000000</row0>
							<row1>0.000000 1.000000 0.000000</row1>
							<row2>0.000000 0.000000 1.000000</row2>
							<row3>1.340306 0.113391 -2.242787</row3>
						</transform>
						<node>
							<identifier>Track_VT_R3_BlendBone</identifier>
							<transform>
								<row0>1.000000 0.000000 0.000000</row0>
								<row1>0.000000 1.000000 0.000000</row1>
								<row2>0.000000 0.000000 -1.000000</row2>
								<row3>-1.340306 -0.871436 2.242787</row3>
							</transform>
						</node>
					</node>
					<node>
						<identifier>WD_L0</identifier>
						<transform>
							<row0>1.000000 0.000000 0.000000</row0>
							<row1>0.000000 1.000000 0.000000</row1>
							<row2>0.000000 0.000000 1.000000</row2>
							<row3>-1.340306 -0.134520 2.775261</row3>
						</transform>
						<node>
							<identifier>WD_L0_BlendBone</identifier>
							<transform>
								<row0>1.000000 0.000000 0.000000</row0>
								<row1>0.000000 1.000000 0.000000</row1>
								<row2>0.000000 0.000000 -1.000000</row2>
								<row3>1.340306 -0.623526 -2.775261</row3>
							</transform>
						</node>
					</node>
					<node>
						<identifier>WD_L1</identifier>
						<transform>
							<row0>1.000000 0.000000 0.000000</row0>
							<row1>0.000000 1.000000 0.000000</row1>
							<row2>0.000000 0.000000 1.000000</row2>
							<row3>-1.340306 -0.033855 1.722755</row3>
						</transform>
						<node>
							<identifier>WD_L1_BlendBone</identifier>
							<transform>
								<row0>1.000000 0.000000 0.000000</row0>
								<row1>0.000000 1.000000 0.000000</row1>
								<row2>0.000000 0.000000 -1.000000</row2>
								<row3>1.340306 -0.724191 -1.722755</row3>
							</transform>
						</node>
					</node>
					<node>
						<identifier>WD_L2</identifier>
						<transform>
							<row0>1.000000 0.000000 0.000000</row0>
							<row1>0.000000 1.000000 0.000000</row1>
							<row2>0.000000 0.000000 1.000000</row2>
							<row3>-1.340306 -0.033855 0.074742</row3>
						</transform>
						<node>
							<identifier>WD_L2_BlendBone</identifier>
							<transform>
								<row0>1.000000 0.000000 0.000000</row0>
								<row1>0.000000 1.000000 0.000000</row1>
								<row2>0.000000 0.000000 -1.000000</row2>
								<row3>1.340306 -0.724191 -0.074742</row3>
							</transform>
						</node>
					</node>
					<node>
						<identifier>WD_L3</identifier>
						<transform>
							<row0>1.000000 0.000000 0.000000</row0>
							<row1>0.000000 1.000000 0.000000</row1>
							<row2>0.000000 0.000000 1.000000</row2>
							<row3>-1.340306 -0.033855 -1.613231</row3>
						</transform>
						<node>
							<identifier>WD_L3_BlendBone</identifier>
							<transform>
								<row0>1.000000 0.000000 0.000000</row0>
								<row1>0.000000 1.000000 0.000000</row1>
								<row2>0.000000 0.000000 -1.000000</row2>
								<row3>1.340306 -0.724191 1.613231</row3>
							</transform>
						</node>
					</node>
					<node>
						<identifier>WD_L4</identifier>
						<transform>
							<row0>1.000000 0.000000 0.000000</row0>
							<row1>0.000000 1.000000 0.000000</row1>
							<row2>0.000000 0.000000 1.000000</row2>
							<row3>-1.340306 -0.133830 -2.872344</row3>
						</transform>
						<node>
