<?xml version="1.0" encoding="utf-8"?>
<root>
	<node>
		<identifier>Scene Root</identifier>
		<transform>
			<row0>1.000000 0.000000 0.000000</row0>
			<row1>0.000000 1.000000 0.000000</row1>
			<row2>0.000000 0.000000 1.000000</row2>
			<row3>0.000000 0.000000 0.000000</row3>
		</transform>
		<node>
			<identifier>nodes_01</identifier>
			<transform>
				<row0>1.000000 0.000000 0.000000</row0>
				<row1>0.000000 1.000000 0.000000</row1>
				<row2>0.000000 0.000000 1.000000</row2>
				<row3>0.000000 0.000000 0.000000</row3>
			</transform>
			<node>
				<identifier>HP_Fire_1</identifier>
				<transform>
					<row0>1.000000 0.000000 0.000000</row0>
					<row1>0.000000 1.000000 0.000000</row1>
					<row2>0.000000 0.000000 1.000000</row2>
					<row3>0.472022 -0.003523 -1.196404</row3>
				</transform>
			</node>
			<node>
				<identifier>HP_Fire_2</identifier>
				<transform>
					<row0>1.000000 0.000000 0.000000</row0>
					<row1>0.000000 1.000000 0.000000</row1>
					<row2>0.000000 0.000000 1.000000</row2>
					<row3>-0.079819 -0.054121 0.814097</row3>
				</transform>
			</node>
			<node>
				<identifier>HP_TrackUp_LFront</identifier>
				<transform>
					<row0>1.000000 0.000000 0.000000</row0>
					<row1>0.000000 0.827508 0.561454</row1>
					<row2>0.000000 -0.561454 0.827508</row2>
					<row3>-1.019678 0.095488 1.844728</row3>
				</transform>
			</node>
			<node>
				<identifier>HP_TrackUp_LRear</identifier>
				<transform>
					<row0>-1.000000 0.000000 -0.000000</row0>
					<row1>0.000000 0.538430 -0.842670</row1>
					<row2>-0.000000 -0.842670 -0.538430</row2>
					<row3>-1.019678 -0.148914 -1.939398</row3>
				</transform>
			</node>
			<node>
				<identifier>HP_TrackUp_RFront</identifier>
				<transform>
					<row0>1.000000 0.000000 0.000000</row0>
					<row1>0.000000 0.827508 0.561454</row1>
					<row2>0.000000 -0.561454 0.827508</row2>
					<row3>1.019678 0.095489 1.844728</row3>
				</transform>
			</node>
			<node>
				<identifier>HP_TrackUp_RRear</identifier>
				<transform>
					<row0>-1.000000 0.000000 -0.000000</row0>
					<row1>0.000000 0.538430 -0.842670</row1>
					<row2>-0.000000 -0.842670 -0.538430</row2>
					<row3>1.019678 -0.148914 -1.939398</row3>
				</transform>
			</node>
			<node>
				<identifier>HP_Track_Exhaus_1</identifier>
				<transform>
					<row0>0.000000 -0.000019 -1.000000</row0>
					<row1>-0.000018 1.000000 -0.000019</row1>
					<row2>1.000000 0.000018 0.000000</row2>
					<row3>0.930178 0.134390 -1.933126</row3>
				</transform>
			</node>
			<node>
				<identifier>HP_turretJoint</identifier>
				<transform>
					<row0>1.000000 0.000000 0.000000</row0>
					<row1>0.000000 1.000000 0.000000</row1>
					<row2>0.000000 0.000000 1.000000</row2>
					<row3>-0.302500 0.489873 -0.236790</row3>
				</transform>
			</node>
		</node>
	</node>
	<renderSet>
		<treatAsWorldSpaceObject>false</treatAsWorldSpaceObject>
		<node>Scene Root</node>
		<geometry>
			<vertices>vertices</vertices>
			<primitive>indices</primitive>
			<primitiveGroup>
				0
				<material>
					<identifier>tank_hull_01</identifier>
					<fx>shaders/std_effects/PBS_tank.fx</fx>
					<collisionFlags>0</collisionFlags>
					<materialKind>0</materialKind>
					<property>
						normalMap
						<Texture>vehicles/russian/R42_T-60/T-60_hull_01_ANM.dds</Texture>
					</property>
					<property>
						metallicGlossMap
						<Texture>vehicles/russian/R42_T-60/T-60_hull_01_GMM.dds</Texture>
					</property>
					<property>
						g_useNormalPackDXT1
						<Bool>false</Bool>
					</property>
					<property>
						excludeMaskAndAOMap
						<Texture>vehicles/russian/R42_T-60/T-60_hull_01_AO.dds</Texture>
					</property>
					<property>
						colorIdMap
						<Texture>vehicles/russian/common/common_ID.dds</Texture>
					</property>
					<property>
						doubleSided
						<Bool>false</Bool>
					</property>
					<property>
						diffuseMap
						<Texture>vehicles/russian/R42_T-60/T-60_hull_01_AM.dds</Texture>
					</property>
					<property>
						alphaTestEnable
						<Bool>false</Bool>
					</property>
					<property>
						alphaReference
						<Int>64</Int>
					</property>
				</material>
				<groupOrigin>0.000665 0.037417 0.029932</groupOrigin>
			</primitiveGroup>
		</geometry>
	</renderSet>
	<boundingBox>
		<min>-1.158667 -0.503413 -2.002291</min>
		<max>1.159998 0.578248 2.062156</max>
	</boundingBox>
	<geometrySize>12454</geometrySize>
	<minUVDensity>0.009167</minUVDensity>
</root>
