<?xml version="1.0" encoding="utf-8"?>
<root>
	<node>
		<identifier>Scene Root</identifier>
		<transform>
			<row0>1.000000 0.000000 0.000000</row0>
			<row1>0.000000 1.000000 0.000000</row1>
			<row2>0.000000 0.000000 1.000000</row2>
			<row3>0.000000 0.000000 0.000000</row3>
		</transform>
		<node>
			<identifier>nodes_01</identifier>
			<transform>
				<row0>1.000000 0.000000 0.000000</row0>
				<row1>0.000000 1.000000 0.000000</row1>
				<row2>0.000000 0.000000 1.000000</row2>
				<row3>0.000000 0.000000 0.000000</row3>
			</transform>
			<node>
				<identifier>HP_Fire_1</identifier>
				<transform>
					<row0>1.000000 0.000000 0.000000</row0>
					<row1>0.000000 1.000000 0.000000</row1>
					<row2>0.000000 0.000000 1.000000</row2>
					<row3>0.000000 0.080690 -1.500000</row3>
				</transform>
			</node>
			<node>
				<identifier>HP_Fire_2</identifier>
				<transform>
					<row0>1.000000 0.000000 0.000000</row0>
					<row1>0.000000 1.000000 0.000000</row1>
					<row2>0.000000 0.000000 1.000000</row2>
					<row3>0.000000 0.080690 2.220505</row3>
				</transform>
			</node>
			<node>
				<identifier>HP_TrackUp_LFront</identifier>
				<transform>
					<row0>1.000000 0.000000 0.000000</row0>
					<row1>0.000000 0.726927 0.686715</row1>
					<row2>0.000000 -0.686715 0.726927</row2>
					<row3>-1.261082 0.050831 3.123449</row3>
				</transform>
			</node>
			<node>
				<identifier>HP_TrackUp_LRear</identifier>
				<transform>
					<row0>-1.000000 0.000000 0.000000</row0>
					<row1>0.000000 0.716967 -0.697107</row1>
					<row2>-0.000000 -0.697107 -0.716967</row2>
					<row3>-1.261082 0.084046 -3.224472</row3>
				</transform>
			</node>
			<node>
				<identifier>HP_TrackUp_RFront</identifier>
				<transform>
					<row0>1.000000 0.000000 0.000000</row0>
					<row1>0.000000 0.726927 0.686715</row1>
					<row2>0.000000 -0.686715 0.726927</row2>
					<row3>1.261082 0.050831 3.123448</row3>
				</transform>
			</node>
			<node>
				<identifier>HP_TrackUp_RRear</identifier>
				<transform>
					<row0>-1.000000 0.000000 0.000000</row0>
					<row1>0.000000 0.716967 -0.697107</row1>
					<row2>-0.000000 -0.697107 -0.716967</row2>
					<row3>1.261082 0.084046 -3.224472</row3>
				</transform>
			</node>
			<node>
				<identifier>HP_Track_Exhaus_1</identifier>
				<transform>
					<row0>-0.000000 -1.000000 -0.000000</row0>
					<row1>-0.707107 0.000000 0.707107</row1>
					<row2>-0.707107 0.000000 -0.707107</row2>
					<row3>-1.338611 0.735511 -1.732056</row3>
				</transform>
			</node>
			<node>
				<identifier>HP_Track_Exhaus_2</identifier>
				<transform>
					<row0>-0.000000 1.000000 0.000000</row0>
					<row1>0.707107 0.000000 0.707107</row1>
					<row2>0.707107 0.000000 -0.707107</row2>
					<row3>1.336962 0.735511 -1.732056</row3>
				</transform>
			</node>
			<node>
				<identifier>HP_turretJoint</identifier>
				<transform>
					<row0>1.000000 0.000000 0.000000</row0>
					<row1>0.000000 1.000000 0.000000</row1>
					<row2>0.000000 0.000000 1.000000</row2>
					<row3>0.000144 0.633887 0.834000</row3>
				</transform>
			</node>
		</node>
	</node>
	<renderSet>
		<treatAsWorldSpaceObject>false</treatAsWorldSpaceObject>
		<node>Scene Root</node>
		<geometry>
			<vertices>vertices</vertices>
			<primitive>indices</primitive>
			<primitiveGroup>
				0
				<material>
					<identifier>tank_hull_01</identifier>
					<property>
						selfIllumination
						<Float>0.000000</Float>
					</property>
					<collisionFlags>0</collisionFlags>
					<materialKind>0</materialKind>
					<fx>shaders/std_effects/PBS_tank.fx</fx>
					<property>
						metallicGlossMap
						<Texture>vehicles/russian/R90_IS_4M/_skins/R90_IS_4M_3DSt_TIR/IS_4M_3DSt_TIR_hull_01_GMM.dds</Texture>
					</property>
					<property>
						normalMap
						<Texture>vehicles/russian/R90_IS_4M/_skins/R90_IS_4M_3DSt_TIR/IS_4M_3DSt_TIR_hull_01_ANM.dds</Texture>
					</property>
					<property>
						diffuseMap
						<Texture>vehicles/russian/R90_IS_4M/_skins/R90_IS_4M_3DSt_TIR/IS_4M_3DSt_TIR_hull_01_AM.dds</Texture>
					</property>
					<property>
						excludeMaskAndAOMap
						<Texture>vehicles/russian/R90_IS_4M/_skins/R90_IS_4M_3DSt_TIR/IS_4M_3DSt_TIR_hull_01_AO.dds</Texture>
					</property>
				</material>
				<groupOrigin>-0.020403 0.080690 -0.201120</groupOrigin>
			</primitiveGroup>
			<primitiveGroup>
				1
				<material>
					<identifier>tank_equipment</identifier>
					<property>
						selfIllumination
						<Float>0.000000</Float>
					</property>
					<property>
						diffuseMap
						<Texture>vehicles/russian/3Dst_shared_textures/TIR_equipment_01_AM.dds</Texture>
					</property>
					<collisionFlags>0</collisionFlags>
					<materialKind>0</materialKind>
					<fx>shaders/std_effects/PBS_tank.fx</fx>
					<property>
						excludeMaskAndAOMap
						<Texture>vehicles/russian/3Dst_shared_textures/TIR_equipment_01_AO.dds</Texture>
					</property>
					<property>
						g_detailUVTiling
						<Vector4>7.014000 3.506850 0.000000 0.000000</Vector4>
					</property>
					<property>
						metallicDetailMap
						<Texture>vehicles/russian/Tank_detail/Details_map.dds</Texture>
					</property>
					<property>
						metallicGlossMap
						<Texture>vehicles/russian/3Dst_shared_textures/TIR_equipment_01_GMM.dds</Texture>
					</property>
					<property>
						normalMap
						<Texture>vehicles/russian/3Dst_shared_textures/TIR_equipment_01_ANM.dds</Texture>
					</property>
				</material>
				<groupOrigin>-0.010471 0.229042 -0.288083</groupOrigin>
			</primitiveGroup>
		</geometry>
	</renderSet>
	<boundingBox>
		<min>-1.790522 -0.621506 -3.847261</min>
		<max>1.749716 0.782886 3.445022</max>
	</boundingBox>
	<geometrySize>119480</geometrySize>
	<minUVDensity>0.001822</minUVDensity>
</root>
