<?xml version="1.0" encoding="utf-8"?>
<root>
	<node>
		<identifier>Scene Root</identifier>
		<transform>
			<row0>1.000000 0.000000 0.000000</row0>
			<row1>0.000000 1.000000 0.000000</row1>
			<row2>0.000000 0.000000 1.000000</row2>
			<row3>0.000000 0.000000 0.000000</row3>
		</transform>
		<node>
			<identifier>hd_out_UNI_027_OilPump_01</identifier>
			<transform>
				<row0>1.000000 0.000000 0.000000</row0>
				<row1>0.000000 1.000000 0.000000</row1>
				<row2>0.000000 0.000000 1.000000</row2>
				<row3>0.000000 0.000000 0.000000</row3>
			</transform>
			<node>
				<identifier>lod0</identifier>
				<transform>
					<row0>1.000000 0.000000 0.000000</row0>
					<row1>0.000000 1.000000 0.000000</row1>
					<row2>0.000000 0.000000 1.000000</row2>
					<row3>0.000000 0.000000 0.000000</row3>
				</transform>
				<node>
					<identifier>s1</identifier>
					<transform>
						<row0>1.000000 0.000000 0.000000</row0>
						<row1>0.000000 1.000000 0.000000</row1>
						<row2>0.000000 0.000000 1.000000</row2>
						<row3>0.000000 0.000000 0.000000</row3>
					</transform>
				</node>
			</node>
		</node>
		<node>
			<identifier>hd_out_UNI_027_OilPump_Pivot_joint</identifier>
			<transform>
				<row0>1.000000 0.000000 0.000000</row0>
				<row1>0.000000 1.000000 0.000000</row1>
				<row2>0.000000 0.000000 1.000000</row2>
				<row3>0.000000 0.000000 0.000000</row3>
			</transform>
			<node>
				<identifier>OilWellPump_01_Flywheel_joint</identifier>
				<transform>
					<row0>0.753018 -0.658000 0.000000</row0>
					<row1>0.658000 0.753018 0.000000</row1>
					<row2>0.000000 0.000000 1.000000</row2>
					<row3>0.882426 2.787000 0.000000</row3>
				</transform>
				<node>
					<identifier>OilWellPump_01_Flywheel_joint_BlendBone</identifier>
					<transform>
						<row0>0.753018 0.658000 0.000000</row0>
						<row1>-0.658000 0.753018 0.000000</row1>
						<row2>0.000000 0.000000 -1.000000</row2>
						<row3>1.169362 -2.679299 -0.000000</row3>
					</transform>
				</node>
			</node>
			<node>
				<identifier>OilWellPump_01_Frame_joint</identifier>
				<transform>
					<row0>-0.168370 0.985720 -0.002933</row0>
					<row1>0.985570 0.168396 0.017169</row1>
					<row2>0.017418 0.000000 -0.999848</row2>
					<row3>0.002427 1.031028 0.000000</row3>
				</transform>
				<node>
					<identifier>OilWellPump_01_Frame_joint_BlendBone</identifier>
					<transform>
						<row0>-0.168370 0.985570 0.017418</row0>
						<row1>0.985720 0.168396 0.000000</row1>
						<row2>0.002933 -0.017169 0.999848</row2>
						<row3>-1.015896 -0.176012 -0.000042</row3>
					</transform>
				</node>
			</node>
			<node>
				<identifier>OilWellPump_01_MainYoke_joint</identifier>
				<transform>
					<row0>0.958681 -0.283993 0.016703</row0>
					<row1>0.283950 0.958826 0.004949</row1>
					<row2>-0.017420 -0.000002 0.999848</row2>
					<row3>-0.829381 4.869803 -0.014491</row3>
				</transform>
				<node>
					<identifier>OilWellPump_01_SecondYoke_joint</identifier>
					<transform>
						<row0>0.524526 -0.851316 -0.011581</row0>
						<row1>0.850335 0.524502 -0.042758</row1>
						<row2>0.042475 0.012581 0.999018</row2>
						<row3>1.661624 0.568195 -0.016073</row3>
					</transform>
					<node>
						<identifier>OilWellPump_01_SecondYoke_End_joint</identifier>
						<transform>
							<row0>0.261324 0.964877 0.026891</row0>
							<row1>-0.965225 0.261418 -0.000000</row1>
							<row2>-0.007030 -0.025956 0.999638</row2>
							<row3>2.262839 0.111547 0.003875</row3>
						</transform>
						<node>
							<identifier>OilWellPump_01_SecondYoke_End_joint_BlendBone</identifier>
							<transform>
								<row0>1.000000 -0.000000 -0.000002</row0>
								<row1>0.000000 1.000000 -0.000002</row1>
								<row2>-0.000002 -0.000002 -1.000000</row2>
								<row3>-1.624272 -2.787725 0.014936</row3>
							</transform>
						</node>
					</node>
					<node>
						<identifier>OilWellPump_01_SecondYoke_joint_BlendBone</identifier>
						<transform>
							<row0>0.261324 0.964877 0.026889</row0>
							<row1>-0.965226 0.261418 -0.000002</row1>
							<row2>0.007031 0.025953 -0.999638</row2>
							<row3>4.529057 -2.184824 -0.024873</row3>
						</transform>
					</node>
				</node>
				<node>
					<identifier>OilWellPump_01_MainYoke_joint_BlendBone</identifier>
					<transform>
						<row0>0.958681 0.283950 -0.017420</row0>
						<row1>-0.283993 0.958826 -0.000002</row1>
						<row2>-0.016703 -0.004949 -0.999848</row2>
						<row3>2.178344 -4.433722 0.000049</row3>
					</transform>
				</node>
			</node>
			<node>
				<identifier>OilWellPump_01_Rod_joint</identifier>
				<transform>
					<row0>0.000000 -1.000000 0.000000</row0>
					<row1>-0.999848 -0.000000 -0.017418</row1>
					<row2>0.017418 0.000000 -0.999848</row2>
					<row3>-3.322408 3.460979 -0.000000</row3>
				</transform>
				<node>
					<identifier>OilWellPump_01_Rod_End_joint</identifier>
					<transform>
						<row0>-0.000000 -0.999848 0.017418</row0>
						<row1>-1.000000 -0.000000 -0.000000</row1>
						<row2>0.000000 -0.017418 -0.999848</row2>
						<row3>2.465884 0.000000 -0.000000</row3>
					</transform>
					<node>
						<identifier>OilWellPump_01_Rod_End_joint_BlendBone</identifier>
						<transform>
							<row0>1.000000 0.000000 -0.000000</row0>
							<row1>-0.000000 1.000000 -0.000000</row1>
							<row2>-0.000000 -0.000000 -1.000000</row2>
							<row3>3.322408 -0.995094 -0.000000</row3>
						</transform>
					</node>
				</node>
				<node>
					<identifier>OilWellPump_01_Rod_joint_BlendBone</identifier>
					<transform>
						<row0>0.000000 -0.999848 0.017418</row0>
						<row1>-1.000000 -0.000000 0.000000</row1>
						<row2>-0.000000 0.017418 0.999848</row2>
						<row3>3.460979 -3.321904 0.057869</row3>
					</transform>
				</node>
			</node>
			<node>
				<identifier>OilWellPump_01_Wheel_joint</identifier>
				<transform>
					<row0>-0.000002 0.999701 0.024440</row0>
					<row1>0.000068 0.024440 -0.999701</row1>
					<row2>-1.000000 0.000000 -0.000068</row2>
					<row3>2.530743 1.829794 -0.078215</row3>
				</transform>
				<node>
					<identifier>OilWellPump_01_Wheel_End_joint</identifier>
					<transform>
						<row0>-0.000002 0.000068 -1.000000</row0>
						<row1>0.999701 0.024440 -0.000000</row1>
						<row2>0.024440 -0.999701 -0.000068</row2>
						<row3>0.274528 0.006711 0.000000</row3>
					</transform>
					<node>
						<identifier>OilWellPump_01_Wheel_End_joint_BlendBone</identifier>
						<transform>
							<row0>1.000000 -0.000000 0.000000</row0>
							<row1>0.000000 1.000000 0.000000</row1>
							<row2>0.000000 0.000000 -1.000000</row2>
							<row3>-2.530743 -2.104405 0.078215</row3>
						</transform>
					</node>
				</node>
				<node>
					<identifier>OilWellPump_01_Wheel_joint_BlendBone</identifier>
					<transform>
						<row0>-0.000002 0.000068 -1.000000</row0>
						<row1>0.999701 0.024440 -0.000000</row1>
						<row2>-0.024440 0.999701 0.000068</row2>
						<row3>-1.827332 -0.123084 2.530738</row3>
					</transform>
				</node>
			</node>
			<node>
				<identifier>hd_out_UNI_027_OilPump_Pivot_joint_BlendBone</identifier>
				<transform>
					<row0>1.000000 0.000000 0.000000</row0>
					<row1>0.000000 1.000000 0.000000</row1>
					<row2>0.000000 0.000000 -1.000000</row2>
					<row3>0.000000 0.000000 0.000000</row3>
				</transform>
			</node>
		</node>
	</node>
	<renderSet>
		<treatAsWorldSpaceObject>true</treatAsWorldSpaceObject>
		<node>OilWellPump_01_Frame_joint_BlendBone</node>
		<node>OilWellPump_01_MainYoke_joint_BlendBone</node>
		<node>OilWellPump_01_SecondYoke_joint_BlendBone</node>
		<node>OilWellPump_01_Rod_joint_BlendBone</node>
		<node>OilWellPump_01_Rod_End_joint_BlendBone</node>
		<node>OilWellPump_01_Flywheel_joint_BlendBone</node>
		<node>OilWellPump_01_Wheel_joint_BlendBone</node>
		<node>OilWellPump_01_Wheel_End_joint_BlendBone</node>
		<geometry>
			<vertices>s0Shape.vertices</vertices>
			<primitive>s0Shape.indices</primitive>
			<primitiveGroup>
				0
				<material>
					<identifier>s_nd0_skinned</identifier>
					<fx>shaders/std_effects/PBS_ext_skinned.fx</fx>
					<materialKind>112</materialKind>
					<collisionFlags>255</collisionFlags>
					<property>
						diffuseMap
						<Texture>content/Outland/hd_out_UNI_027_OilPump/hd_out_UNI_027_OilPump_01_AM.dds</Texture>
					</property>
					<property>
						doubleSided
						<Bool>true</Bool>
					</property>
					<property>
						g_enableAO
						<Bool>true</Bool>
					</property>
					<property>
						metallicGlossMap
						<Texture>content/Outland/hd_out_UNI_027_OilPump/hd_out_UNI_027_OilPump_01_GMM.dds</Texture>
					</property>
					<property>
						normalMap
						<Texture>content/Outland/hd_out_UNI_027_OilPump/hd_out_UNI_027_OilPump_01_ANM.dds</Texture>
					</property>
				</material>
				<groupOrigin>0.361112 1.837269 -0.002377</groupOrigin>
			</primitiveGroup>
		</geometry>
	</renderSet>
	<renderSet>
		<treatAsWorldSpaceObject>false</treatAsWorldSpaceObject>
		<node>s1</node>
		<geometry>
			<vertices>sShape1.vertices</vertices>
			<primitive>sShape1.indices</primitive>
			<primitiveGroup>
				0
				<material>
					<identifier>s_nd1</identifier>
					<materialKind>112</materialKind>
					<collisionFlags>255</collisionFlags>
				</material>
				<groupOrigin>-0.883751 -1.165796 0.000000</groupOrigin>
			</primitiveGroup>
		</geometry>
	</renderSet>
	<constraints/>
	<boundingBox>
		<min>-3.506166 -2.576754 -1.737468</min>
		<max>4.228390 6.251291 1.742222</max>
	</boundingBox>
	<geometrySize>77744</geometrySize>
	<minUVDensity>0.001113</minUVDensity>
</root>
