<?xml version="1.0" encoding="utf-8"?>
<root>
	<node>
		<identifier>Scene Root</identifier>
		<transform>
			<row0>1.000000 0.000000 0.000000</row0>
			<row1>0.000000 1.000000 0.000000</row1>
			<row2>0.000000 0.000000 1.000000</row2>
			<row3>0.000000 0.000000 0.000000</row3>
		</transform>
		<node>
			<identifier>nodes_01</identifier>
			<transform>
				<row0>1.000000 0.000000 0.000000</row0>
				<row1>0.000000 1.000000 0.000000</row1>
				<row2>0.000000 0.000000 1.000000</row2>
				<row3>0.000000 0.000000 0.000000</row3>
			</transform>
			<node>
				<identifier>HP_s31_sequence_hull</identifier>
				<transform>
					<row0>1.000000 0.000000 0.000000</row0>
					<row1>0.000000 1.000000 0.000000</row1>
					<row2>0.000000 0.000000 1.000000</row2>
					<row3>0.000000 0.000000 0.000000</row3>
				</transform>
			</node>
			<node>
				<identifier>HP_Fire_1</identifier>
				<transform>
					<row0>1.000000 0.000000 0.000000</row0>
					<row1>0.000000 1.000000 0.000000</row1>
					<row2>0.000000 0.000000 1.000000</row2>
					<row3>0.000000 -0.087080 -1.925037</row3>
				</transform>
			</node>
			<node>
				<identifier>HP_Fire_2</identifier>
				<transform>
					<row0>1.000000 0.000000 0.000000</row0>
					<row1>0.000000 1.000000 0.000000</row1>
					<row2>0.000000 0.000000 1.000000</row2>
					<row3>0.000000 0.097257 1.479408</row3>
				</transform>
			</node>
			<node>
				<identifier>HP_TrackUp_LFront</identifier>
				<transform>
					<row0>1.000000 0.000000 0.000000</row0>
					<row1>0.000000 0.874829 0.484432</row1>
					<row2>0.000000 -0.484432 0.874829</row2>
					<row3>-1.231758 0.140924 3.229792</row3>
				</transform>
			</node>
			<node>
				<identifier>HP_TrackUp_LRear</identifier>
				<transform>
					<row0>-1.000000 0.000000 0.000000</row0>
					<row1>0.000000 0.754460 -0.656346</row1>
					<row2>-0.000000 -0.656346 -0.754460</row2>
					<row3>-1.231758 0.031690 -3.166673</row3>
				</transform>
			</node>
			<node>
				<identifier>HP_TrackUp_RFront</identifier>
				<transform>
					<row0>1.000000 0.000000 0.000000</row0>
					<row1>0.000000 0.874829 0.484432</row1>
					<row2>0.000000 -0.484432 0.874829</row2>
					<row3>1.231758 0.140924 3.229792</row3>
				</transform>
			</node>
			<node>
				<identifier>HP_TrackUp_RRear</identifier>
				<transform>
					<row0>-1.000000 0.000000 0.000000</row0>
					<row1>0.000000 0.754460 -0.656346</row1>
					<row2>-0.000000 -0.656346 -0.754460</row2>
					<row3>1.231758 0.031690 -3.166673</row3>
				</transform>
			</node>
			<node>
				<identifier>HP_Track_Exhaus_1</identifier>
				<transform>
					<row0>0.527374 0.519855 0.672032</row0>
					<row1>0.519855 0.428196 -0.739188</row1>
					<row2>-0.672032 0.739188 -0.044430</row2>
					<row3>-1.232547 0.447687 -3.617622</row3>
				</transform>
			</node>
			<node>
				<identifier>HP_Track_Exhaus_2</identifier>
				<transform>
					<row0>0.527383 0.519854 0.672026</row0>
					<row1>0.519854 0.428188 -0.739193</row1>
					<row2>-0.672026 0.739193 -0.044429</row2>
					<row3>-1.011026 0.447686 -3.617622</row3>
				</transform>
			</node>
			<node>
				<identifier>HP_Track_Exhaus_3</identifier>
				<transform>
					<row0>0.527373 -0.519855 -0.672033</row0>
					<row1>-0.519855 0.428197 -0.739188</row1>
					<row2>0.672033 0.739188 -0.044430</row2>
					<row3>1.227472 0.447687 -3.622061</row3>
				</transform>
			</node>
			<node>
				<identifier>HP_Track_Exhaus_4</identifier>
				<transform>
					<row0>0.527382 -0.519853 -0.672027</row0>
					<row1>-0.519853 0.428190 -0.739193</row1>
					<row2>0.672027 0.739193 -0.044428</row2>
					<row3>1.005951 0.447686 -3.622061</row3>
				</transform>
			</node>
			<node>
				<identifier>HP_turretJoint</identifier>
				<transform>
					<row0>1.000000 0.000000 0.000000</row0>
					<row1>0.000000 1.000000 0.000000</row1>
					<row2>0.000000 0.000000 1.000000</row2>
					<row3>0.006834 0.381361 0.696734</row3>
				</transform>
			</node>
		</node>
	</node>
	<renderSet>
		<treatAsWorldSpaceObject>false</treatAsWorldSpaceObject>
		<node>Scene Root</node>
		<geometry>
			<vertices>vertices</vertices>
			<primitive>indices</primitive>
			<primitiveGroup>
				0
				<material>
					<identifier>tank_hull_01</identifier>
					<property>
						selfIllumination
						<Float>0.000000</Float>
					</property>
					<collisionFlags>0</collisionFlags>
					<materialKind>0</materialKind>
					<fx>shaders/std_effects/PBS_tank.fx</fx>
					<property>
						metallicGlossMap
						<Texture>vehicles/sweden/S31_Strv_K/_skins/S31_Strv_K_S/Strv_K_S_hull_01_GMM.dds</Texture>
					</property>
					<property>
						normalMap
						<Texture>vehicles/sweden/S31_Strv_K/_skins/S31_Strv_K_S/Strv_K_S_hull_01_ANM.dds</Texture>
					</property>
					<property>
						diffuseMap
						<Texture>vehicles/sweden/S31_Strv_K/_skins/S31_Strv_K_S/Strv_K_S_hull_01_AM.dds</Texture>
					</property>
					<property>
						excludeMaskAndAOMap
						<Texture>vehicles/sweden/S31_Strv_K/_skins/S31_Strv_K_S/Strv_K_S_hull_01_AO.dds</Texture>
					</property>
				</material>
				<groupOrigin>-0.002644 -0.074529 -0.135968</groupOrigin>
			</primitiveGroup>
		</geometry>
	</renderSet>
	<boundingBox>
		<min>-1.605845 -0.674808 -3.708462</min>
		<max>1.600556 0.525750 3.436527</max>
	</boundingBox>
	<geometrySize>166558</geometrySize>
	<minUVDensity>0.001137</minUVDensity>
</root>
