<?xml version="1.0" encoding="utf-8"?>
<root>
	<node>
		<identifier>Scene Root</identifier>
		<transform>
			<row0>1.000000 0.000000 0.000000</row0>
			<row1>0.000000 1.000000 0.000000</row1>
			<row2>0.000000 0.000000 1.000000</row2>
			<row3>0.000000 0.000000 0.000000</row3>
		</transform>
		<node>
			<identifier>hd_env_SU_015_HighVoltagePoles_01</identifier>
			<transform>
				<row0>1.000000 0.000000 0.000000</row0>
				<row1>0.000000 1.000000 0.000000</row1>
				<row2>0.000000 0.000000 1.000000</row2>
				<row3>0.000000 0.000000 0.000000</row3>
			</transform>
			<node>
				<identifier>HP_snapping_01</identifier>
				<transform>
					<row0>1.000000 0.000000 0.000000</row0>
					<row1>0.000000 -0.969406 0.245464</row1>
					<row2>0.000000 -0.245464 -0.969406</row2>
					<row3>-9.071829 41.332626 -0.253390</row3>
				</transform>
			</node>
			<node>
				<identifier>HP_snapping_010</identifier>
				<transform>
					<row0>1.000000 0.000000 0.000000</row0>
					<row1>0.000000 -0.972628 0.232370</row1>
					<row2>0.000000 -0.232370 -0.972628</row2>
					<row3>11.671661 34.340580 -0.239197</row3>
				</transform>
			</node>
			<node>
				<identifier>HP_snapping_011</identifier>
				<transform>
					<row0>1.000000 0.000000 0.000000</row0>
					<row1>0.000000 -0.968861 0.247604</row1>
					<row2>0.000000 -0.247604 -0.968861</row2>
					<row3>9.072404 41.332626 -0.253390</row3>
				</transform>
			</node>
			<node>
				<identifier>HP_snapping_012</identifier>
				<transform>
					<row0>1.000000 0.000000 0.000000</row0>
					<row1>0.000000 0.951919 0.306349</row1>
					<row2>0.000000 -0.306349 0.951919</row2>
					<row3>9.058160 41.330017 0.273387</row3>
				</transform>
			</node>
			<node>
				<identifier>HP_snapping_013</identifier>
				<transform>
					<row0>1.000000 0.000000 0.000000</row0>
					<row1>0.000000 0.864975 -0.501814</row1>
					<row2>0.000000 0.501814 0.864975</row2>
					<row3>-0.001409 55.876900 0.044172</row3>
				</transform>
			</node>
			<node>
				<identifier>HP_snapping_02</identifier>
				<transform>
					<row0>1.000000 0.000000 0.000000</row0>
					<row1>0.000000 0.976618 0.214984</row1>
					<row2>0.000000 -0.214984 0.976618</row2>
					<row3>-9.063210 41.333347 0.273387</row3>
				</transform>
			</node>
			<node>
				<identifier>HP_snapping_03</identifier>
				<transform>
					<row0>1.000000 0.000000 0.000000</row0>
					<row1>0.000000 -0.967383 0.253318</row1>
					<row2>0.000000 -0.253318 -0.967383</row2>
					<row3>-11.673618 34.340580 -0.239197</row3>
				</transform>
			</node>
			<node>
				<identifier>HP_snapping_04</identifier>
				<transform>
					<row0>1.000000 0.000000 0.000000</row0>
					<row1>0.000000 0.897474 0.441067</row1>
					<row2>0.000000 -0.441067 0.897474</row2>
					<row3>-11.679928 34.341305 0.291697</row3>
				</transform>
			</node>
			<node>
				<identifier>HP_snapping_05</identifier>
				<transform>
					<row0>1.000000 0.000000 0.000000</row0>
					<row1>0.000000 -0.909147 0.416476</row1>
					<row2>0.000000 -0.416476 -0.909147</row2>
					<row3>-9.657690 27.838741 -0.239197</row3>
				</transform>
			</node>
			<node>
				<identifier>HP_snapping_06</identifier>
				<transform>
					<row0>1.000000 0.000000 0.000000</row0>
					<row1>0.000000 0.907021 0.421086</row1>
					<row2>0.000000 -0.421086 0.907021</row2>
					<row3>-9.645754 27.841076 0.291697</row3>
				</transform>
			</node>
			<node>
				<identifier>HP_snapping_07</identifier>
				<transform>
					<row0>1.000000 0.000000 0.000000</row0>
					<row1>0.000000 -0.957237 0.289304</row1>
					<row2>0.000000 -0.289304 -0.957237</row2>
					<row3>9.658571 27.838741 -0.239197</row3>
				</transform>
			</node>
			<node>
				<identifier>HP_snapping_08</identifier>
				<transform>
					<row0>1.000000 0.000000 0.000000</row0>
					<row1>0.000000 0.974135 0.225967</row1>
					<row2>0.000000 -0.225967 0.974135</row2>
					<row3>9.647219 27.836819 0.291697</row3>
				</transform>
			</node>
			<node>
				<identifier>HP_snapping_09</identifier>
				<transform>
					<row0>1.000000 0.000000 0.000000</row0>
					<row1>0.000000 0.943900 0.330233</row1>
					<row2>0.000000 -0.330233 0.943900</row2>
					<row3>11.679050 34.337437 0.287795</row3>
				</transform>
			</node>
		</node>
	</node>
	<renderSet>
		<treatAsWorldSpaceObject>false</treatAsWorldSpaceObject>
		<node>Scene Root</node>
		<geometry>
			<vertices>vertices</vertices>
			<primitive>indices</primitive>
			<primitiveGroup>
				0
				<material>
					<identifier>s_nd0</identifier>
					<collisionFlags>0</collisionFlags>
					<materialKind>112</materialKind>
					<fx>shaders/std_effects/PBS_ext.fx</fx>
					<property>
						g_enableAO
						<Bool>true</Bool>
					</property>
					<property>
						doubleSided
						<Bool>true</Bool>
					</property>
					<property>
						diffuseMap
						<Texture>content/Environment/hd_env_SU_015_HighVoltagePoles/hd_env_SU_015_HighVoltagePoles_AM.dds</Texture>
					</property>
					<property>
						normalMap
						<Texture>content/Environment/hd_env_SU_015_HighVoltagePoles/hd_env_SU_015_HighVoltagePoles_ANM.dds</Texture>
					</property>
					<property>
						metallicGlossMap
						<Texture>content/Environment/hd_env_SU_015_HighVoltagePoles/hd_env_SU_015_HighVoltagePoles_GMM.dds</Texture>
					</property>
					<property>
						g_enableTerrainBlending
						<Bool>true</Bool>
					</property>
				</material>
				<groupOrigin>0.006214 25.246561 0.032970</groupOrigin>
			</primitiveGroup>
		</geometry>
	</renderSet>
	<boundingBox>
		<min>-11.924235 -5.469065 -7.170152</min>
		<max>11.936663 55.861629 7.238702</max>
	</boundingBox>
	<customBsp>true</customBsp>
	<geometrySize>43296</geometrySize>
	<minUVDensity>0.002296</minUVDensity>
</root>
