<?xml version="1.0" encoding="utf-8"?>
<root>
	<node>
		<identifier>Scene Root</identifier>
		<transform>
			<row0>1.000000 0.000000 0.000000</row0>
			<row1>0.000000 1.000000 0.000000</row1>
			<row2>0.000000 0.000000 1.000000</row2>
			<row3>0.000000 0.000000 0.000000</row3>
		</transform>
		<node>
			<identifier>hd_env_AM_070_TrafficLight_02</identifier>
			<transform>
				<row0>1.000000 0.000000 0.000000</row0>
				<row1>0.000000 1.000000 0.000000</row1>
				<row2>0.000000 0.000000 1.000000</row2>
				<row3>0.000000 0.000000 0.000000</row3>
			</transform>
			<node>
				<identifier>HP_module0</identifier>
				<transform>
					<row0>1.000000 0.000000 0.000000</row0>
					<row1>0.000000 1.000000 0.000000</row1>
					<row2>0.000000 0.000000 1.000000</row2>
					<row3>0.000000 0.340865 0.000000</row3>
				</transform>
			</node>
			<node>
				<identifier>TrafficLight_Root</identifier>
				<transform>
					<row0>0.938054 0.346488 -0.000028</row0>
					<row1>-0.346488 0.938054 0.000005</row1>
					<row2>0.000028 0.000005 1.000000</row2>
					<row3>0.392992 4.598392 0.000052</row3>
				</transform>
				<node>
					<identifier>TrafficLight_Pole01</identifier>
					<transform>
						<row0>0.970516 -0.240714 -0.012489</row0>
						<row1>0.240733 0.970591 0.000003</row1>
						<row2>0.012121 -0.003010 0.999922</row2>
						<row3>2.829528 0.000002 0.000000</row3>
					</transform>
					<node>
						<identifier>TrafficLight_Light01</identifier>
						<transform>
							<row0>0.009929 -0.009450 0.999906</row0>
							<row1>0.110164 0.993879 0.008299</row1>
							<row2>-0.993864 0.110071 0.010909</row2>
							<row3>0.000000 0.000000 0.079660</row3>
						</transform>
						<node>
							<identifier>TrafficLight_Light01_BlendBone</identifier>
							<transform>
								<row0>0.023352 -0.000217 -0.999727</row0>
								<row1>-0.006914 0.999976 -0.000378</row1>
								<row2>-0.999703 -0.006921 -0.023350</row2>
								<row3>-0.112212 -5.578656 3.047653</row3>
							</transform>
						</node>
					</node>
					<node>
						<identifier>TrafficLight_Pole02</identifier>
						<transform>
							<row0>0.993879 -0.110477 0.000000</row0>
							<row1>0.110477 0.993879 -0.000002</row1>
							<row2>0.000000 0.000002 1.000000</row2>
							<row3>3.864784 0.000001 0.000000</row3>
						</transform>
						<node>
							<identifier>TrafficLight_Light02</identifier>
							<transform>
								<row0>0.053331 -0.078270 0.995505</row0>
								<row1>0.000000 0.996924 0.078381</row1>
								<row2>-0.998577 -0.004180 0.053167</row2>
								<row3>0.000001 -0.000001 0.074286</row3>
							</transform>
							<node>
								<identifier>TrafficLight_Light02_BlendBone</identifier>
								<transform>
									<row0>0.065713 0.000967 -0.997838</row0>
									<row1>-0.076893 0.997031 -0.004098</row1>
									<row2>-0.994871 -0.076997 -0.065593</row2>
									<row3>-0.016631 -5.996648 6.897013</row3>
								</transform>
							</node>
						</node>
						<node>
							<identifier>TrafficLight_Pole02_BlendBone</identifier>
							<transform>
								<row0>0.999923 -0.000009 0.012441</row0>
								<row1>-0.000009 0.999999 0.001383</row1>
								<row2>0.012441 0.001383 -0.999922</row2>
								<row3>-6.888085 -6.005728 -0.045600</row3>
							</transform>
						</node>
					</node>
					<node>
						<identifier>TrafficLight_Pole01_BlendBone</identifier>
						<transform>
							<row0>0.993801 -0.110477 0.012441</row0>
							<row1>0.110468 0.993879 0.001381</row1>
							<row2>0.012518 -0.000002 -0.999922</row2>
							<row3>-3.644632 -5.207989 -0.045591</row3>
						</transform>
					</node>
				</node>
				<node>
					<identifier>TrafficLight_Root_BlendBone</identifier>
					<transform>
						<row0>0.938055 -0.346488 0.000028</row0>
						<row1>0.346488 0.938055 0.000005</row1>
						<row2>0.000028 -0.000005 -1.000000</row2>
						<row3>-1.961936 -4.177376 -0.000087</row3>
					</transform>
				</node>
			</node>
			<node>
				<identifier>lod1</identifier>
				<transform>
					<row0>1.000000 0.000000 0.000000</row0>
					<row1>0.000000 1.000000 0.000000</row1>
					<row2>0.000000 0.000000 1.000000</row2>
					<row3>0.000000 0.000000 0.000000</row3>
				</transform>
				<node>
					<identifier>d0</identifier>
					<transform>
						<row0>1.000000 0.000000 0.000000</row0>
						<row1>0.000000 1.000000 0.000000</row1>
						<row2>0.000000 0.000000 1.000000</row2>
						<row3>0.000000 0.000000 0.000000</row3>
					</transform>
				</node>
				<node>
					<identifier>n0</identifier>
					<transform>
						<row0>1.000000 0.000000 0.000000</row0>
						<row1>0.000000 1.000000 0.000000</row1>
						<row2>0.000000 0.000000 1.000000</row2>
						<row3>0.000000 0.000000 0.000000</row3>
					</transform>
				</node>
			</node>
		</node>
	</node>
	<renderSet>
		<treatAsWorldSpaceObject>false</treatAsWorldSpaceObject>
		<node>d0</node>
		<geometry>
			<vertices>dShape0.vertices</vertices>
			<primitive>dShape0.indices</primitive>
			<primitiveGroup>
				0
				<material>
					<identifier>d_metal0</identifier>
					<collisionFlags>0</collisionFlags>
					<materialKind>87</materialKind>
					<fx>shaders/std_effects/PBS_ext.fx</fx>
					<property>
						alphaReference
						<Int>0</Int>
					</property>
					<property>
						g_enableAO
						<Bool>true</Bool>
					</property>
					<property>
						doubleSided
						<Bool>false</Bool>
					</property>
					<property>
						alphaTestEnable
						<Bool>false</Bool>
					</property>
					<property>
						diffuseMap
						<Texture>content/Environment/hd_env_AM_070_TrafficLight/hd_env_AM_070_TrafficLight_AM.dds</Texture>
					</property>
					<property>
						normalMap
						<Texture>content/Environment/hd_env_AM_070_TrafficLight/hd_env_AM_070_TrafficLight_ANM.dds</Texture>
					</property>
					<property>
						metallicGlossMap
						<Texture>content/Environment/hd_env_AM_070_TrafficLight/hd_env_AM_070_TrafficLight_GMM.dds</Texture>
					</property>
				</material>
				<groupOrigin>-0.116394 0.129801 -0.283141</groupOrigin>
			</primitiveGroup>
		</geometry>
	</renderSet>
	<renderSet>
		<treatAsWorldSpaceObject>false</treatAsWorldSpaceObject>
		<node>n0</node>
		<geometry>
			<vertices>nShape0.vertices</vertices>
			<primitive>nShape0.indices</primitive>
			<primitiveGroup>
				0
				<material>
					<identifier>n_metal0</identifier>
					<collisionFlags>0</collisionFlags>
					<materialKind>73</materialKind>
					<fx>shaders/std_effects/PBS_ext.fx</fx>
					<property>
						alphaReference
						<Int>0</Int>
					</property>
					<property>
						g_enableAO
						<Bool>true</Bool>
					</property>
					<property>
						doubleSided
						<Bool>false</Bool>
					</property>
					<property>
						alphaTestEnable
						<Bool>false</Bool>
					</property>
					<property>
						diffuseMap
						<Texture>content/Environment/hd_env_AM_070_TrafficLight/hd_env_AM_070_TrafficLight_AM.dds</Texture>
					</property>
					<property>
						normalMap
						<Texture>content/Environment/hd_env_AM_070_TrafficLight/hd_env_AM_070_TrafficLight_ANM.dds</Texture>
					</property>
					<property>
						metallicGlossMap
						<Texture>content/Environment/hd_env_AM_070_TrafficLight/hd_env_AM_070_TrafficLight_GMM.dds</Texture>
					</property>
				</material>
				<groupOrigin>3.265099 3.366069 -0.000001</groupOrigin>
			</primitiveGroup>
		</geometry>
	</renderSet>
	<renderSet>
		<treatAsWorldSpaceObject>true</treatAsWorldSpaceObject>
		<node>TrafficLight_Pole01_BlendBone</node>
		<node>TrafficLight_Pole02_BlendBone</node>
		<node>TrafficLight_Light02_BlendBone</node>
		<node>TrafficLight_Light01_BlendBone</node>
		<node>TrafficLight_Root_BlendBone</node>
		<geometry>
			<vertices>n1Shape.vertices</vertices>
			<primitive>n1Shape.indices</primitive>
			<primitiveGroup>
				0
				<material>
					<identifier>n_metal1_skinned</identifier>
					<collisionFlags>0</collisionFlags>
					<materialKind>73</materialKind>
					<fx>shaders/std_effects/PBS_ext_skinned.fx</fx>
					<property>
						alphaReference
						<Int>0</Int>
					</property>
					<property>
						g_enableAO
						<Bool>true</Bool>
					</property>
					<property>
						doubleSided
						<Bool>false</Bool>
					</property>
					<property>
						alphaTestEnable
						<Bool>false</Bool>
					</property>
					<property>
						diffuseMap
						<Texture>content/Environment/hd_env_AM_070_TrafficLight/hd_env_AM_070_TrafficLight_AM.dds</Texture>
					</property>
					<property>
						normalMap
						<Texture>content/Environment/hd_env_AM_070_TrafficLight/hd_env_AM_070_TrafficLight_ANM.dds</Texture>
					</property>
					<property>
						metallicGlossMap
						<Texture>content/Environment/hd_env_AM_070_TrafficLight/hd_env_AM_070_TrafficLight_GMM.dds</Texture>
					</property>
				</material>
				<groupOrigin>3.802991 5.349104 -0.267018</groupOrigin>
			</primitiveGroup>
		</geometry>
	</renderSet>
	<constraints/>
	<boundingBox>
		<min>-1.015011 -0.116526 -1.189997</min>
		<max>7.271747 6.760376 0.656254</max>
	</boundingBox>
	<geometrySize>36542</geometrySize>
	<minUVDensity>0.015498</minUVDensity>
</root>
