<?xml version="1.0" encoding="utf-8"?>
<root>
	<node>
		<identifier>Scene Root</identifier>
		<transform>
			<row0>1.000000 0.000000 0.000000</row0>
			<row1>0.000000 1.000000 0.000000</row1>
			<row2>0.000000 0.000000 1.000000</row2>
			<row3>0.000000 0.000000 0.000000</row3>
		</transform>
		<node>
			<identifier>nodes_01</identifier>
			<transform>
				<row0>1.000000 0.000000 0.000000</row0>
				<row1>0.000000 1.000000 0.000000</row1>
				<row2>0.000000 0.000000 1.000000</row2>
				<row3>0.000000 0.000000 0.000000</row3>
			</transform>
			<node>
				<identifier>HP_Wheel_L_01_Front</identifier>
				<transform>
					<row0>1.000000 0.000000 0.000000</row0>
					<row1>0.000000 0.993847 -0.110758</row1>
					<row2>0.000000 0.110758 0.993847</row2>
					<row3>-1.025540 0.000000 2.176650</row3>
				</transform>
			</node>
			<node>
				<identifier>HP_Wheel_L_01_Rear</identifier>
				<transform>
					<row0>-1.000000 0.000000 0.000000</row0>
					<row1>0.000000 0.994751 0.102324</row1>
					<row2>-0.000000 0.102324 -0.994751</row2>
					<row3>-1.025540 0.000000 2.105220</row3>
				</transform>
			</node>
			<node>
				<identifier>HP_Wheel_L_02_Front</identifier>
				<transform>
					<row0>1.000000 0.000000 0.000000</row0>
					<row1>0.000000 0.993847 -0.110758</row1>
					<row2>0.000000 0.110758 0.993847</row2>
					<row3>-1.025540 0.000000 0.726361</row3>
				</transform>
			</node>
			<node>
				<identifier>HP_Wheel_L_02_Rear</identifier>
				<transform>
					<row0>-1.000000 0.000000 0.000000</row0>
					<row1>0.000000 0.994751 0.102324</row1>
					<row2>-0.000000 0.102324 -0.994751</row2>
					<row3>-1.025540 0.000000 0.654936</row3>
				</transform>
			</node>
			<node>
				<identifier>HP_Wheel_L_03_Front</identifier>
				<transform>
					<row0>1.000000 0.000000 0.000000</row0>
					<row1>0.000000 0.993847 -0.110758</row1>
					<row2>0.000000 0.110758 0.993847</row2>
					<row3>-1.025540 0.000000 -0.687799</row3>
				</transform>
			</node>
			<node>
				<identifier>HP_Wheel_L_03_Rear</identifier>
				<transform>
					<row0>-1.000000 0.000000 0.000000</row0>
					<row1>0.000000 0.994751 0.102324</row1>
					<row2>-0.000000 0.102324 -0.994751</row2>
					<row3>-1.025540 0.000000 -0.759224</row3>
				</transform>
			</node>
			<node>
				<identifier>HP_Wheel_L_04_Front</identifier>
				<transform>
					<row0>1.000000 0.000000 0.000000</row0>
					<row1>0.000000 0.993847 -0.110758</row1>
					<row2>0.000000 0.110758 0.993847</row2>
					<row3>-1.025540 0.000000 -2.112040</row3>
				</transform>
			</node>
			<node>
				<identifier>HP_Wheel_L_04_Rear</identifier>
				<transform>
					<row0>-1.000000 0.000000 0.000000</row0>
					<row1>0.000000 0.994751 0.102324</row1>
					<row2>-0.000000 0.102324 -0.994751</row2>
					<row3>-1.025540 0.000000 -2.183470</row3>
				</transform>
			</node>
			<node>
				<identifier>HP_Wheel_R_01_Front</identifier>
				<transform>
					<row0>1.000000 0.000000 0.000000</row0>
					<row1>0.000000 0.993847 -0.110758</row1>
					<row2>0.000000 0.110758 0.993847</row2>
					<row3>1.025540 0.000000 2.176650</row3>
				</transform>
			</node>
			<node>
				<identifier>HP_Wheel_R_01_Rear</identifier>
				<transform>
					<row0>-1.000000 0.000000 0.000000</row0>
					<row1>0.000000 0.994751 0.102324</row1>
					<row2>-0.000000 0.102324 -0.994751</row2>
					<row3>1.025540 0.000000 2.105220</row3>
				</transform>
			</node>
			<node>
				<identifier>HP_Wheel_R_02_Front</identifier>
				<transform>
					<row0>1.000000 0.000000 0.000000</row0>
					<row1>0.000000 0.993847 -0.110758</row1>
					<row2>0.000000 0.110758 0.993847</row2>
					<row3>1.025540 0.000000 0.726361</row3>
				</transform>
			</node>
			<node>
				<identifier>HP_Wheel_R_02_Rear</identifier>
				<transform>
					<row0>-1.000000 0.000000 0.000000</row0>
					<row1>0.000000 0.994751 0.102324</row1>
					<row2>-0.000000 0.102324 -0.994751</row2>
					<row3>1.025540 0.000000 0.654936</row3>
				</transform>
			</node>
			<node>
				<identifier>HP_Wheel_R_03_Front</identifier>
				<transform>
					<row0>1.000000 0.000000 0.000000</row0>
					<row1>0.000000 0.993847 -0.110758</row1>
					<row2>0.000000 0.110758 0.993847</row2>
					<row3>1.025540 0.000000 -0.687799</row3>
				</transform>
			</node>
			<node>
				<identifier>HP_Wheel_R_03_Rear</identifier>
				<transform>
					<row0>-1.000000 0.000000 0.000000</row0>
					<row1>0.000000 0.994751 0.102324</row1>
					<row2>-0.000000 0.102324 -0.994751</row2>
					<row3>1.025540 0.000000 -0.759224</row3>
				</transform>
			</node>
			<node>
				<identifier>HP_Wheel_R_04_Front</identifier>
				<transform>
					<row0>1.000000 0.000000 0.000000</row0>
					<row1>0.000000 0.993847 -0.110758</row1>
					<row2>0.000000 0.110758 0.993847</row2>
					<row3>1.025540 0.000000 -2.112040</row3>
				</transform>
			</node>
			<node>
				<identifier>HP_Wheel_R_04_Rear</identifier>
				<transform>
					<row0>-1.000000 0.000000 0.000000</row0>
					<row1>0.000000 0.994751 0.102324</row1>
					<row2>-0.000000 0.102324 -0.994751</row2>
					<row3>1.025540 0.000000 -2.183470</row3>
				</transform>
			</node>
			<node>
				<identifier>HP_gui</identifier>
				<transform>
					<row0>1.000000 0.000000 0.000000</row0>
					<row1>0.000000 0.000000 -1.000000</row1>
					<row2>0.000000 1.000000 0.000000</row2>
					<row3>0.000000 3.629890 -0.146320</row3>
				</transform>
			</node>
			<node>
				<identifier>Tank</identifier>
				<transform>
					<row0>1.000000 0.000000 0.000000</row0>
					<row1>0.000000 1.000000 0.000000</row1>
					<row2>0.000000 0.000000 1.000000</row2>
					<row3>0.000000 0.500000 0.000000</row3>
				</transform>
				<node>
					<identifier>Track_L0</identifier>
					<transform>
						<row0>1.000000 0.000000 0.000000</row0>
						<row1>0.000000 1.000000 0.000000</row1>
						<row2>0.000000 0.000000 1.000000</row2>
						<row3>-1.025544 -0.500000 2.139198</row3>
					</transform>
					<node>
						<identifier>WD_L0</identifier>
						<transform>
							<row0>1.000000 0.000000 0.000000</row0>
							<row1>0.000000 1.000000 0.000000</row1>
							<row2>0.000000 0.000000 1.000000</row2>
							<row3>0.145440 0.610064 -0.000000</row3>
						</transform>
						<node>
							<identifier>WD_L0_BlendBone</identifier>
							<transform>
								<row0>1.000000 0.000000 0.000000</row0>
								<row1>0.000000 1.000000 0.000000</row1>
								<row2>0.000000 0.000000 -1.000000</row2>
								<row3>0.880104 -0.610064 -2.139198</row3>
							</transform>
						</node>
					</node>
					<node>
						<identifier>Track_L0_BlendBone</identifier>
						<transform>
							<row0>1.000000 0.000000 0.000000</row0>
							<row1>0.000000 1.000000 0.000000</row1>
							<row2>0.000000 0.000000 -1.000000</row2>
							<row3>1.025544 0.000000 -2.139198</row3>
						</transform>
					</node>
				</node>
				<node>
					<identifier>Track_L3</identifier>
					<transform>
						<row0>1.000000 0.000000 0.000000</row0>
						<row1>0.000000 1.000000 0.000000</row1>
						<row2>0.000000 0.000000 1.000000</row2>
						<row3>-1.025544 -0.500000 -2.139191</row3>
					</transform>
					<node>
						<identifier>WD_L1</identifier>
						<transform>
							<row0>1.000000 0.000000 0.000000</row0>
							<row1>0.000000 1.000000 0.000000</row1>
							<row2>0.000000 0.000000 1.000000</row2>
							<row3>0.145440 0.610064 0.000000</row3>
						</transform>
						<node>
							<identifier>WD_L1_BlendBone</identifier>
							<transform>
								<row0>1.000000 0.000000 0.000000</row0>
								<row1>0.000000 1.000000 0.000000</row1>
								<row2>0.000000 0.000000 -1.000000</row2>
								<row3>0.880104 -0.610064 2.139191</row3>
							</transform>
						</node>
					</node>
					<node>
						<identifier>Track_L3_BlendBone</identifier>
						<transform>
							<row0>1.000000 0.000000 0.000000</row0>
							<row1>0.000000 1.000000 0.000000</row1>
							<row2>0.000000 0.000000 -1.000000</row2>
							<row3>1.025544 0.000000 2.139191</row3>
						</transform>
					</node>
				</node>
				<node>
					<identifier>Track_R0</identifier>
					<transform>
						<row0>1.000000 0.000000 0.000000</row0>
						<row1>0.000000 1.000000 0.000000</row1>
						<row2>0.000000 0.000000 1.000000</row2>
						<row3>1.025544 -0.500000 2.139198</row3>
					</transform>
					<node>
						<identifier>WD_R0</identifier>
						<transform>
							<row0>1.000000 0.000000 0.000000</row0>
							<row1>0.000000 1.000000 0.000000</row1>
							<row2>-0.000000 -0.000000 1.000000</row2>
							<row3>-0.145000 0.610000 -0.000000</row3>
						</transform>
						<node>
							<identifier>WD_R0_BlendBone</identifier>
							<transform>
								<row0>1.000000 0.000000 0.000000</row0>
								<row1>0.000000 1.000000 0.000000</row1>
								<row2>0.000000 0.000000 -1.000000</row2>
								<row3>-0.880544 -0.610000 -2.139198</row3>
							</transform>
						</node>
					</node>
					<node>
						<identifier>Track_R0_BlendBone</identifier>
						<transform>
							<row0>1.000000 0.000000 0.000000</row0>
							<row1>0.000000 1.000000 0.000000</row1>
							<row2>0.000000 0.000000 -1.000000</row2>
							<row3>-1.025544 0.000000 -2.139198</row3>
						</transform>
					</node>
				</node>
				<node>
					<identifier>Track_R3</identifier>
					<transform>
						<row0>1.000000 0.000000 0.000000</row0>
						<row1>0.000000 1.000000 0.000000</row1>
						<row2>0.000000 0.000000 1.000000</row2>
						<row3>1.025544 -0.500000 -2.139191</row3>
					</transform>
					<node>
						<identifier>WD_R1</identifier>
						<transform>
							<row0>1.000000 0.000000 0.000000</row0>
							<row1>0.000000 1.000000 0.000000</row1>
							<row2>-0.000000 0.000000 1.000000</row2>
							<row3>-0.145000 0.610064 0.000000</row3>
						</transform>
						<node>
							<identifier>WD_R1_BlendBone</identifier>
							<transform>
								<row0>1.000000 0.000000 0.000000</row0>
								<row1>0.000000 1.000000 0.000000</row1>
								<row2>0.000000 0.000000 -1.000000</row2>
								<row3>-0.880544 -0.610064 2.139191</row3>
							</transform>
						</node>
					</node>
					<node>
						<identifier>Track_R3_BlendBone</identifier>
						<transform>
							<row0>1.000000 0.000000 0.000000</row0>
							<row1>0.000000 1.000000 0.000000</row1>
							<row2>0.000000 0.000000 -1.000000</row2>
							<row3>-1.025544 0.000000 2.139191</row3>
						</transform>
					</node>
				</node>
				<node>
					<identifier>V</identifier>
					<transform>
						<row0>1.000000 0.000000 0.000000</row0>
						<row1>0.000000 1.000000 0.000000</row1>
						<row2>0.000000 0.000000 1.000000</row2>
						<row3>0.000000 0.702150 0.000000</row3>
					</transform>
					<node>
						<identifier>Lever_Start_L1</identifier>
						<transform>
							<row0>1.000000 0.000000 0.000000</row0>
							<row1>-0.000000 0.993373 0.114937</row1>
							<row2>0.000000 -0.114937 0.993373</row2>
							<row3>-1.025544 -0.586911 0.405329</row3>
						</transform>
						<node>
							<identifier>Lever_Joint_L1</identifier>
							<transform>
								<row0>1.000000 -0.000000 0.000000</row0>
								<row1>0.000000 0.993373 -0.114937</row1>
								<row2>-0.000000 0.114937 0.993373</row2>
								<row3>0.000000 0.000032 0.301408</row3>
							</transform>
							<node>
								<identifier>Track_L1</identifier>
								<transform>
									<row0>1.000000 -0.000000 0.000000</row0>
									<row1>-0.000000 1.000000 0.000000</row1>
									<row2>0.000000 0.000000 1.000000</row2>
									<row3>0.000000 -0.580628 0.000000</row3>
								</transform>
								<node>
									<identifier>Track_L1_BlendBone</identifier>
									<transform>
										<row0>1.000000 0.000000 -0.000000</row0>
										<row1>-0.000000 1.000000 0.000000</row1>
										<row2>-0.000000 0.000000 -1.000000</row2>
										<row3>1.025544 0.000000 -0.704743</row3>
									</transform>
								</node>
							</node>
							<node>
								<identifier>W_L0</identifier>
								<transform>
									<row0>1.000000 -0.000000 0.000000</row0>
									<row1>-0.000000 1.000000 0.000000</row1>
									<row2>0.000000 0.000000 1.000000</row2>
									<row3>-0.050000 0.000000 0.000000</row3>
								</transform>
								<node>
									<identifier>W_L0_BlendBone</identifier>
									<transform>
										<row0>1.000000 0.000000 -0.000000</row0>
										<row1>-0.000000 1.000000 0.000000</row1>
										<row2>-0.000000 0.000000 -1.000000</row2>
										<row3>1.075544 -0.580628 -0.704743</row3>
									</transform>
								</node>
							</node>
							<node>
								<identifier>Lever_Joint_L1_BlendBone</identifier>
								<transform>
									<row0>1.000000 0.000000 -0.000000</row0>
									<row1>-0.000000 1.000000 0.000000</row1>
									<row2>-0.000000 0.000000 -1.000000</row2>
									<row3>1.025544 -0.580628 -0.704743</row3>
								</transform>
							</node>
						</node>
						<node>
							<identifier>Lever_Start_L1_BlendBone</identifier>
							<transform>
								<row0>1.000000 -0.000000 0.000000</row0>
								<row1>0.000000 0.993373 -0.114937</row1>
								<row2>0.000000 -0.114937 -0.993373</row2>
								<row3>1.025544 -0.657750 -0.331929</row3>
							</transform>
						</node>
					</node>
					<node>
						<identifier>Lever_Start_L2</identifier>
						<transform>
							<row0>1.000000 0.000000 0.000000</row0>
							<row1>-0.000000 0.993373 -0.114937</row1>
							<row2>-0.000000 0.114937 0.993373</row2>
							<row3>-1.025544 -0.587000 -0.405000</row3>
						</transform>
						<node>
							<identifier>Lever_Joint_L2</identifier>
							<transform>
								<row0>1.000000 -0.000000 -0.000000</row0>
								<row1>0.000000 0.993373 0.114937</row1>
								<row2>0.000000 -0.114937 0.993373</row2>
								<row3>0.000000 0.000158 -0.301726</row3>
							</transform>
							<node>
								<identifier>Track_L2</identifier>
								<transform>
									<row0>1.000000 -0.000000 -0.000000</row0>
									<row1>-0.000000 1.000000 0.000000</row1>
									<row2>0.000000 0.000000 1.000000</row2>
									<row3>0.000000 -0.580628 0.000000</row3>
								</transform>
								<node>
									<identifier>Track_L2_BlendBone</identifier>
									<transform>
										<row0>1.000000 0.000000 0.000000</row0>
										<row1>-0.000000 1.000000 -0.000000</row1>
										<row2>0.000000 -0.000000 -1.000000</row2>
										<row3>1.025544 -0.000000 0.704744</row3>
									</transform>
								</node>
							</node>
							<node>
								<identifier>W_L1</identifier>
								<transform>
									<row0>1.000000 -0.000000 -0.000000</row0>
									<row1>-0.000000 1.000000 0.000000</row1>
									<row2>0.000000 0.000000 1.000000</row2>
									<row3>-0.050000 0.000000 0.000000</row3>
								</transform>
								<node>
									<identifier>W_L1_BlendBone</identifier>
									<transform>
										<row0>1.000000 0.000000 0.000000</row0>
										<row1>-0.000000 1.000000 -0.000000</row1>
										<row2>0.000000 -0.000000 -1.000000</row2>
										<row3>1.075544 -0.580628 0.704744</row3>
									</transform>
								</node>
							</node>
							<node>
								<identifier>Lever_Joint_L2_BlendBone</identifier>
								<transform>
									<row0>1.000000 0.000000 0.000000</row0>
									<row1>-0.000000 1.000000 -0.000000</row1>
									<row2>0.000000 -0.000000 -1.000000</row2>
									<row3>1.025544 -0.580628 0.704744</row3>
								</transform>
							</node>
						</node>
						<node>
							<identifier>Lever_Start_L2_BlendBone</identifier>
							<transform>
								<row0>1.000000 -0.000000 -0.000000</row0>
								<row1>0.000000 0.993373 0.114937</row1>
								<row2>-0.000000 0.114937 -0.993373</row2>
								<row3>1.025544 -0.657623 0.331612</row3>
							</transform>
						</node>
					</node>
					<node>
						<identifier>Lever_Start_R1</identifier>
						<transform>
							<row0>1.000000 -0.000000 0.000000</row0>
							<row1>0.000000 0.993373 0.114937</row1>
							<row2>-0.000000 -0.114937 0.993373</row2>
							<row3>1.025544 -0.586911 0.405329</row3>
						</transform>
						<node>
							<identifier>Lever_Joint_R1</identifier>
							<transform>
								<row0>1.000000 0.000000 -0.000000</row0>
								<row1>-0.000000 0.993373 -0.114937</row1>
								<row2>-0.000000 0.114937 0.993373</row2>
								<row3>-0.000000 0.000032 0.301408</row3>
							</transform>
							<node>
								<identifier>Track_R1</identifier>
								<transform>
									<row0>1.000000 0.000000 -0.000000</row0>
									<row1>0.000000 1.000000 0.000000</row1>
									<row2>0.000000 0.000000 1.000000</row2>
									<row3>0.000000 -0.580628 0.000000</row3>
								</transform>
								<node>
									<identifier>Track_R1_BlendBone</identifier>
									<transform>
										<row0>1.000000 -0.000000 0.000000</row0>
										<row1>0.000000 1.000000 0.000000</row1>
										<row2>0.000000 0.000000 -1.000000</row2>
										<row3>-1.025544 -0.000000 -0.704743</row3>
									</transform>
								</node>
							</node>
							<node>
								<identifier>W_R0</identifier>
								<transform>
									<row0>1.000000 0.000000 -0.000000</row0>
									<row1>0.000000 1.000000 0.000000</row1>
									<row2>0.000000 0.000000 1.000000</row2>
									<row3>0.050000 0.000000 0.000000</row3>
								</transform>
								<node>
									<identifier>W_R0_BlendBone</identifier>
									<transform>
										<row0>1.000000 -0.000000 0.000000</row0>
										<row1>0.000000 1.000000 0.000000</row1>
										<row2>0.000000 0.000000 -1.000000</row2>
										<row3>-1.075544 -0.580628 -0.704743</row3>
									</transform>
								</node>
							</node>
							<node>
								<identifier>Lever_Joint_R1_BlendBone</identifier>
								<transform>
									<row0>1.000000 -0.000000 0.000000</row0>
									<row1>0.000000 1.000000 0.000000</row1>
									<row2>0.000000 0.000000 -1.000000</row2>
									<row3>-1.025544 -0.580628 -0.704743</row3>
								</transform>
							</node>
						</node>
						<node>
							<identifier>Lever_Start_R1_BlendBone</identifier>
							<transform>
								<row0>1.000000 0.000000 -0.000000</row0>
								<row1>-0.000000 0.993373 -0.114937</row1>
								<row2>0.000000 -0.114937 -0.993373</row2>
								<row3>-1.025544 -0.657750 -0.331929</row3>
							</transform>
						</node>
					</node>
					<node>
						<identifier>Lever_Start_R2</identifier>
						<transform>
							<row0>1.000000 -0.000000 0.000000</row0>
							<row1>0.000000 0.993373 -0.114937</row1>
							<row2>0.000000 0.114937 0.993373</row2>
							<row3>1.025544 -0.587000 -0.405000</row3>
						</transform>
						<node>
							<identifier>Lever_Joint_R2</identifier>
							<transform>
								<row0>1.000000 0.000000 0.000000</row0>
								<row1>-0.000000 0.993373 0.114937</row1>
								<row2>-0.000000 -0.114937 0.993373</row2>
								<row3>-0.000000 0.000158 -0.301726</row3>
							</transform>
							<node>
								<identifier>Track_R2</identifier>
								<transform>
									<row0>1.000000 0.000000 0.000000</row0>
									<row1>0.000000 1.000000 0.000000</row1>
									<row2>0.000000 0.000000 1.000000</row2>
									<row3>0.000000 -0.580628 0.000000</row3>
								</transform>
								<node>
									<identifier>Track_R2_BlendBone</identifier>
									<transform>
										<row0>1.000000 -0.000000 -0.000000</row0>
										<row1>0.000000 1.000000 -0.000000</row1>
										<row2>-0.000000 -0.000000 -1.000000</row2>
										<row3>-1.025544 -0.000000 0.704744</row3>
									</transform>
								</node>
							</node>
							<node>
								<identifier>W_R1</identifier>
								<transform>
									<row0>1.000000 0.000000 0.000000</row0>
									<row1>0.000000 1.000000 0.000000</row1>
									<row2>0.000000 0.000000 1.000000</row2>
									<row3>0.050000 0.000000 0.000000</row3>
								</transform>
								<node>
									<identifier>W_R1_BlendBone</identifier>
									<transform>
										<row0>1.000000 -0.000000 -0.000000</row0>
										<row1>0.000000 1.000000 -0.000000</row1>
										<row2>-0.000000 -0.000000 -1.000000</row2>
										<row3>-1.075544 -0.580628 0.704744</row3>
									</transform>
								</node>
							</node>
							<node>
								<identifier>Lever_Joint_R2_BlendBone</identifier>
								<transform>
									<row0>1.000000 -0.000000 -0.000000</row0>
									<row1>0.000000 1.000000 -0.000000</row1>
									<row2>-0.000000 -0.000000 -1.000000</row2>
									<row3>-1.025544 -0.580628 0.704744</row3>
								</transform>
							</node>
						</node>
						<node>
							<identifier>Lever_Start_R2_BlendBone</identifier>
							<transform>
								<row0>1.000000 0.000000 0.000000</row0>
								<row1>-0.000000 0.993373 0.114937</row1>
								<row2>0.000000 0.114937 -0.993373</row2>
								<row3>-1.025544 -0.657623 0.331612</row3>
							</transform>
						</node>
					</node>
					<node>
						<identifier>V_BlendBone</identifier>
						<transform>
							<row0>1.000000 0.000000 0.000000</row0>
							<row1>0.000000 1.000000 0.000000</row1>
							<row2>0.000000 0.000000 -1.000000</row2>
							<row3>0.000000 -1.202150 0.000000</row3>
						</transform>
					</node>
				</node>
				<node>
					<identifier>Tank_BlendBone</identifier>
					<transform>
						<row0>1.000000 0.000000 0.000000</row0>
						<row1>0.000000 1.000000 0.000000</row1>
						<row2>0.000000 0.000000 -1.000000</row2>
						<row3>0.000000 -0.500000 0.000000</row3>
					</transform>
				</node>
			</node>
		</node>
	</node>
	<renderSet>
		<treatAsWorldSpaceObject>true</treatAsWorldSpaceObject>
		<node>WD_L0_BlendBone</node>
		<node>W_L0_BlendBone</node>
		<node>W_L1_BlendBone</node>
		<node>Lever_Start_L2_BlendBone</node>
		<node>Track_L3_BlendBone</node>
		<node>V_BlendBone</node>
		<node>Lever_Start_L1_BlendBone</node>
		<node>Track_L0_BlendBone</node>
		<node>WD_L1_BlendBone</node>
		<geometry>
			<vertices>exportChassL1Shape.vertices</vertices>
			<stream>exportChassL1Shape.colour</stream>
			<primitive>exportChassL1Shape.indices</primitive>
			<primitiveGroup>
				0
				<material>
					<identifier>tank_chassis_01_skinned</identifier>
					<collisionFlags>0</collisionFlags>
					<materialKind>0</materialKind>
					<fx>shaders/std_effects/PBS_tank_skinned.fx</fx>
					<property>
						alphaReference
						<Int>128</Int>
					</property>
					<property>
						g_detailUVTiling
						<Vector4>3.506850 3.506850 0.000000 0.000000</Vector4>
					</property>
					<property>
						diffuseMap
						<Texture>vehicles/french/F106_Panhard_EBR_75_Mle1954/Panhard_EBR_75_Mle1954_chassis_01_AM.dds</Texture>
					</property>
					<property>
						normalMap
						<Texture>vehicles/french/F106_Panhard_EBR_75_Mle1954/Panhard_EBR_75_Mle1954_chassis_01_ANM.dds</Texture>
					</property>
					<property>
						metallicGlossMap
						<Texture>vehicles/french/F106_Panhard_EBR_75_Mle1954/Panhard_EBR_75_Mle1954_chassis_01_GMM.dds</Texture>
					</property>
					<property>
						excludeMaskAndAOMap
						<Texture>vehicles/french/F106_Panhard_EBR_75_Mle1954/Panhard_EBR_75_Mle1954_chassis_01_AO.dds</Texture>
					</property>
					<property>
						colorIdMap
						<Texture>vehicles/russian/common/common_ID.dds</Texture>
					</property>
					<property>
						metallicDetailMap
						<Texture>vehicles/russian/Tank_detail/Details_map.dds</Texture>
					</property>
				</material>
				<groupOrigin>-0.844903 0.614703 -0.000003</groupOrigin>
			</primitiveGroup>
			<primitiveGroup>
				1
				<material>
					<identifier>tank_tire_01_skinned</identifier>
					<collisionFlags>0</collisionFlags>
					<materialKind>0</materialKind>
					<fx>shaders/std_effects/PBS_wheel_skinned.fx</fx>
					<property>
						diffuseMap
						<Texture>vehicles/french/F106_Panhard_EBR_75_Mle1954/Panhard_EBR_75_Mle1954_chassis_01_AM.dds</Texture>
					</property>
					<property>
						normalMap
						<Texture>vehicles/french/F106_Panhard_EBR_75_Mle1954/Panhard_EBR_75_Mle1954_chassis_01_ANM.dds</Texture>
					</property>
					<property>
						metallicGlossMap
						<Texture>vehicles/french/F106_Panhard_EBR_75_Mle1954/Panhard_EBR_75_Mle1954_chassis_01_GMM.dds</Texture>
					</property>
					<property>
						excludeMaskAndAOMap
						<Texture>vehicles/french/F106_Panhard_EBR_75_Mle1954/Panhard_EBR_75_Mle1954_chassis_01_AO.dds</Texture>
					</property>
				</material>
				<groupOrigin>-1.024501 0.609958 0.000001</groupOrigin>
			</primitiveGroup>
		</geometry>
	</renderSet>
	<renderSet>
		<treatAsWorldSpaceObject>true</treatAsWorldSpaceObject>
		<node>WD_R0_BlendBone</node>
		<node>W_R0_BlendBone</node>
		<node>W_R1_BlendBone</node>
		<node>Lever_Start_R2_BlendBone</node>
		<node>Track_R3_BlendBone</node>
		<node>V_BlendBone</node>
		<node>Lever_Start_R1_BlendBone</node>
		<node>Track_R0_BlendBone</node>
		<node>WD_R1_BlendBone</node>
		<geometry>
			<vertices>exportChassR1Shape.vertices</vertices>
			<stream>exportChassR1Shape.colour</stream>
			<primitive>exportChassR1Shape.indices</primitive>
			<primitiveGroup>
				0
				<material>
					<identifier>tank_chassis_01_skinned</identifier>
					<collisionFlags>0</collisionFlags>
					<materialKind>0</materialKind>
					<fx>shaders/std_effects/PBS_tank_skinned.fx</fx>
					<property>
						alphaReference
						<Int>128</Int>
					</property>
					<property>
						g_detailUVTiling
						<Vector4>3.506850 3.506850 0.000000 0.000000</Vector4>
					</property>
					<property>
						diffuseMap
						<Texture>vehicles/french/F106_Panhard_EBR_75_Mle1954/Panhard_EBR_75_Mle1954_chassis_01_AM.dds</Texture>
					</property>
					<property>
						normalMap
						<Texture>vehicles/french/F106_Panhard_EBR_75_Mle1954/Panhard_EBR_75_Mle1954_chassis_01_ANM.dds</Texture>
					</property>
					<property>
						metallicGlossMap
						<Texture>vehicles/french/F106_Panhard_EBR_75_Mle1954/Panhard_EBR_75_Mle1954_chassis_01_GMM.dds</Texture>
					</property>
					<property>
						excludeMaskAndAOMap
						<Texture>vehicles/french/F106_Panhard_EBR_75_Mle1954/Panhard_EBR_75_Mle1954_chassis_01_AO.dds</Texture>
					</property>
					<property>
						colorIdMap
						<Texture>vehicles/russian/common/common_ID.dds</Texture>
					</property>
					<property>
						metallicDetailMap
						<Texture>vehicles/russian/Tank_detail/Details_map.dds</Texture>
					</property>
				</material>
				<groupOrigin>0.844903 0.614703 -0.000003</groupOrigin>
			</primitiveGroup>
			<primitiveGroup>
				1
				<material>
					<identifier>tank_tire_01_skinned</identifier>
					<collisionFlags>0</collisionFlags>
					<materialKind>0</materialKind>
					<fx>shaders/std_effects/PBS_wheel_skinned.fx</fx>
					<property>
						diffuseMap
						<Texture>vehicles/french/F106_Panhard_EBR_75_Mle1954/Panhard_EBR_75_Mle1954_chassis_01_AM.dds</Texture>
					</property>
					<property>
						normalMap
						<Texture>vehicles/french/F106_Panhard_EBR_75_Mle1954/Panhard_EBR_75_Mle1954_chassis_01_ANM.dds</Texture>
					</property>
					<property>
						metallicGlossMap
						<Texture>vehicles/french/F106_Panhard_EBR_75_Mle1954/Panhard_EBR_75_Mle1954_chassis_01_GMM.dds</Texture>
					</property>
					<property>
						excludeMaskAndAOMap
						<Texture>vehicles/french/F106_Panhard_EBR_75_Mle1954/Panhard_EBR_75_Mle1954_chassis_01_AO.dds</Texture>
					</property>
				</material>
				<groupOrigin>1.025874 0.610234 0.001154</groupOrigin>
			</primitiveGroup>
		</geometry>
	</renderSet>
	<constraints/>
	<boundingBox>
		<min>-1.217240 -0.012792 -2.744712</min>
		<max>1.217240 1.242198 2.743685</max>
	</boundingBox>
	<geometrySize>308120</geometrySize>
	<minUVDensity>0.030004</minUVDensity>
</root>
