<?xml version="1.0" encoding="utf-8"?>
<root>
	<node>
		<identifier>Scene Root</identifier>
		<transform>
			<row0>1.000000 0.000000 0.000000</row0>
			<row1>0.000000 1.000000 0.000000</row1>
			<row2>0.000000 0.000000 1.000000</row2>
			<row3>0.000000 0.000000 0.000000</row3>
		</transform>
		<node>
			<identifier>nodes_01</identifier>
			<transform>
				<row0>1.000000 0.000000 0.000000</row0>
				<row1>0.000000 1.000000 0.000000</row1>
				<row2>0.000000 0.000000 1.000000</row2>
				<row3>0.000000 0.000000 0.000000</row3>
			</transform>
			<node>
				<identifier>HP_Wheel_L_01_Front</identifier>
				<transform>
					<row0>1.000000 0.000000 0.000000</row0>
					<row1>0.000000 0.993847 -0.110758</row1>
					<row2>0.000000 0.110758 0.993847</row2>
					<row3>-1.237756 0.000000 1.720264</row3>
				</transform>
			</node>
			<node>
				<identifier>HP_Wheel_L_01_Rear</identifier>
				<transform>
					<row0>-1.000000 0.000000 0.000000</row0>
					<row1>0.000000 0.994751 0.102324</row1>
					<row2>-0.000000 0.102324 -0.994751</row2>
					<row3>-1.237756 0.000000 1.648839</row3>
				</transform>
			</node>
			<node>
				<identifier>HP_Wheel_L_02_Front</identifier>
				<transform>
					<row0>1.000000 0.000000 0.000000</row0>
					<row1>0.000000 0.993847 -0.110758</row1>
					<row2>0.000000 0.110758 0.993847</row2>
					<row3>-1.237756 0.000000 0.090474</row3>
				</transform>
			</node>
			<node>
				<identifier>HP_Wheel_L_02_Rear</identifier>
				<transform>
					<row0>-1.000000 0.000000 0.000000</row0>
					<row1>0.000000 0.994751 0.102324</row1>
					<row2>-0.000000 0.102324 -0.994751</row2>
					<row3>-1.237756 0.000000 0.019049</row3>
				</transform>
			</node>
			<node>
				<identifier>HP_Wheel_L_03_Front</identifier>
				<transform>
					<row0>1.000000 0.000000 0.000000</row0>
					<row1>0.000000 0.993847 -0.110758</row1>
					<row2>0.000000 0.110758 0.993847</row2>
					<row3>-1.237756 0.000000 -1.545823</row3>
				</transform>
			</node>
			<node>
				<identifier>HP_Wheel_L_03_Rear</identifier>
				<transform>
					<row0>-1.000000 0.000000 0.000000</row0>
					<row1>0.000000 0.994751 0.102324</row1>
					<row2>-0.000000 0.102324 -0.994751</row2>
					<row3>-1.237756 0.000000 -1.617248</row3>
				</transform>
			</node>
			<node>
				<identifier>HP_Wheel_R_01_Front</identifier>
				<transform>
					<row0>1.000000 0.000000 0.000000</row0>
					<row1>0.000000 0.993847 -0.110758</row1>
					<row2>0.000000 0.110758 0.993847</row2>
					<row3>1.237746 0.000000 1.720264</row3>
				</transform>
			</node>
			<node>
				<identifier>HP_Wheel_R_01_Rear</identifier>
				<transform>
					<row0>-1.000000 0.000000 0.000000</row0>
					<row1>0.000000 0.994751 0.102324</row1>
					<row2>-0.000000 0.102324 -0.994751</row2>
					<row3>1.237746 0.000000 1.648839</row3>
				</transform>
			</node>
			<node>
				<identifier>HP_Wheel_R_02_Front</identifier>
				<transform>
					<row0>1.000000 0.000000 0.000000</row0>
					<row1>0.000000 0.993847 -0.110758</row1>
					<row2>0.000000 0.110758 0.993847</row2>
					<row3>1.237746 0.000000 0.090474</row3>
				</transform>
			</node>
			<node>
				<identifier>HP_Wheel_R_02_Rear</identifier>
				<transform>
					<row0>-1.000000 0.000000 0.000000</row0>
					<row1>0.000000 0.994751 0.102324</row1>
					<row2>-0.000000 0.102324 -0.994751</row2>
					<row3>1.237746 0.000000 0.019049</row3>
				</transform>
			</node>
			<node>
				<identifier>HP_Wheel_R_03_Front</identifier>
				<transform>
					<row0>1.000000 0.000000 0.000000</row0>
					<row1>0.000000 0.993847 -0.110758</row1>
					<row2>0.000000 0.110758 0.993847</row2>
					<row3>1.237746 0.000000 -1.545823</row3>
				</transform>
			</node>
			<node>
				<identifier>HP_Wheel_R_03_Rear</identifier>
				<transform>
					<row0>-1.000000 0.000000 0.000000</row0>
					<row1>0.000000 0.994751 0.102324</row1>
					<row2>-0.000000 0.102324 -0.994751</row2>
					<row3>1.237746 0.000000 -1.617248</row3>
				</transform>
			</node>
			<node>
				<identifier>HP_gui</identifier>
				<transform>
					<row0>1.000000 0.000000 0.000000</row0>
					<row1>0.000000 0.000000 -1.000000</row1>
					<row2>0.000000 1.000000 0.000000</row2>
					<row3>0.000000 4.220000 0.000000</row3>
				</transform>
			</node>
			<node>
				<identifier>Tank</identifier>
				<transform>
					<row0>1.000000 0.000000 0.000000</row0>
					<row1>0.000000 1.000000 0.000000</row1>
					<row2>0.000000 0.000000 1.000000</row2>
					<row3>0.000000 0.500000 0.000000</row3>
				</transform>
				<node>
					<identifier>Track_L0</identifier>
					<transform>
						<row0>1.000000 0.000000 0.000000</row0>
						<row1>0.000000 1.000000 0.000000</row1>
						<row2>0.000000 0.000000 1.000000</row2>
						<row3>-1.237437 -0.500000 1.679919</row3>
					</transform>
					<node>
						<identifier>WD_L0</identifier>
						<transform>
							<row0>1.000000 0.000000 0.000000</row0>
							<row1>0.000000 1.000000 0.000000</row1>
							<row2>0.000000 0.000000 1.000000</row2>
							<row3>-0.000005 0.625070 -0.000000</row3>
						</transform>
						<node>
							<identifier>WD_L0_BlendBone</identifier>
							<transform>
								<row0>1.000000 0.000000 0.000000</row0>
								<row1>0.000000 1.000000 0.000000</row1>
								<row2>0.000000 0.000000 -1.000000</row2>
								<row3>1.237443 -0.625070 -1.679919</row3>
							</transform>
						</node>
					</node>
					<node>
						<identifier>Track_L0_BlendBone</identifier>
						<transform>
							<row0>1.000000 0.000000 0.000000</row0>
							<row1>0.000000 1.000000 0.000000</row1>
							<row2>0.000000 0.000000 -1.000000</row2>
							<row3>1.237437 0.000000 -1.679919</row3>
						</transform>
					</node>
				</node>
				<node>
					<identifier>Track_L1</identifier>
					<transform>
						<row0>1.000000 0.000000 0.000000</row0>
						<row1>0.000000 1.000000 0.000000</row1>
						<row2>0.000000 0.000000 1.000000</row2>
						<row3>-1.237437 -0.500000 0.049919</row3>
					</transform>
					<node>
						<identifier>W_L0</identifier>
						<transform>
							<row0>1.000000 0.000000 0.000000</row0>
							<row1>0.000000 1.000000 0.000000</row1>
							<row2>0.000000 0.000000 1.000000</row2>
							<row3>-0.000005 0.625070 0.000000</row3>
						</transform>
						<node>
							<identifier>W_L0_BlendBone</identifier>
							<transform>
								<row0>1.000000 0.000000 0.000000</row0>
								<row1>0.000000 1.000000 0.000000</row1>
								<row2>0.000000 0.000000 -1.000000</row2>
								<row3>1.237443 -0.625070 -0.049919</row3>
							</transform>
						</node>
					</node>
					<node>
						<identifier>Track_L1_BlendBone</identifier>
						<transform>
							<row0>1.000000 0.000000 0.000000</row0>
							<row1>0.000000 1.000000 0.000000</row1>
							<row2>0.000000 0.000000 -1.000000</row2>
							<row3>1.237437 0.000000 -0.049919</row3>
						</transform>
					</node>
				</node>
				<node>
					<identifier>Track_L2</identifier>
					<transform>
						<row0>1.000000 0.000000 0.000000</row0>
						<row1>0.000000 1.000000 0.000000</row1>
						<row2>0.000000 0.000000 1.000000</row2>
						<row3>-1.237437 -0.500000 -1.580081</row3>
					</transform>
					<node>
						<identifier>WD_L1</identifier>
						<transform>
							<row0>1.000000 0.000000 0.000000</row0>
							<row1>0.000000 1.000000 0.000000</row1>
							<row2>0.000000 0.000000 1.000000</row2>
							<row3>-0.000006 0.625070 0.000000</row3>
						</transform>
						<node>
							<identifier>WD_L1_BlendBone</identifier>
							<transform>
								<row0>1.000000 0.000000 0.000000</row0>
								<row1>0.000000 1.000000 0.000000</row1>
								<row2>0.000000 0.000000 -1.000000</row2>
								<row3>1.237443 -0.625070 1.580081</row3>
							</transform>
						</node>
					</node>
					<node>
						<identifier>Track_L2_BlendBone</identifier>
						<transform>
							<row0>1.000000 0.000000 0.000000</row0>
							<row1>0.000000 1.000000 0.000000</row1>
							<row2>0.000000 0.000000 -1.000000</row2>
							<row3>1.237437 0.000000 1.580081</row3>
						</transform>
					</node>
				</node>
				<node>
					<identifier>Track_R0</identifier>
					<transform>
						<row0>1.000000 0.000000 0.000000</row0>
						<row1>0.000000 1.000000 0.000000</row1>
						<row2>0.000000 0.000000 1.000000</row2>
						<row3>1.237437 -0.500000 1.679919</row3>
					</transform>
					<node>
						<identifier>WD_R0</identifier>
						<transform>
							<row0>1.000000 0.000000 0.000000</row0>
							<row1>0.000000 1.000000 0.000000</row1>
							<row2>-0.000000 -0.000000 1.000000</row2>
							<row3>-0.000008 0.625070 0.000000</row3>
						</transform>
						<node>
							<identifier>WD_R0_BlendBone</identifier>
							<transform>
								<row0>1.000000 0.000000 0.000000</row0>
								<row1>0.000000 1.000000 0.000000</row1>
								<row2>0.000000 0.000000 -1.000000</row2>
								<row3>-1.237429 -0.625070 -1.679919</row3>
							</transform>
						</node>
					</node>
					<node>
						<identifier>Track_R0_BlendBone</identifier>
						<transform>
							<row0>1.000000 0.000000 0.000000</row0>
							<row1>0.000000 1.000000 0.000000</row1>
							<row2>0.000000 0.000000 -1.000000</row2>
							<row3>-1.237437 0.000000 -1.679919</row3>
						</transform>
					</node>
				</node>
				<node>
					<identifier>Track_R1</identifier>
					<transform>
						<row0>1.000000 0.000000 0.000000</row0>
						<row1>0.000000 1.000000 0.000000</row1>
						<row2>0.000000 0.000000 1.000000</row2>
						<row3>1.237437 -0.500000 0.049919</row3>
					</transform>
					<node>
						<identifier>W_R0</identifier>
						<transform>
							<row0>1.000000 0.000000 0.000000</row0>
							<row1>0.000000 1.000000 0.000000</row1>
							<row2>0.000000 0.000000 1.000000</row2>
							<row3>-0.000008 0.625070 0.000000</row3>
						</transform>
						<node>
							<identifier>W_R0_BlendBone</identifier>
							<transform>
								<row0>1.000000 0.000000 0.000000</row0>
								<row1>0.000000 1.000000 0.000000</row1>
								<row2>0.000000 0.000000 -1.000000</row2>
								<row3>-1.237429 -0.625070 -0.049919</row3>
							</transform>
						</node>
					</node>
					<node>
						<identifier>Track_R1_BlendBone</identifier>
						<transform>
							<row0>1.000000 0.000000 0.000000</row0>
							<row1>0.000000 1.000000 0.000000</row1>
							<row2>0.000000 0.000000 -1.000000</row2>
							<row3>-1.237437 0.000000 -0.049919</row3>
						</transform>
					</node>
				</node>
				<node>
					<identifier>Track_R2</identifier>
					<transform>
						<row0>1.000000 0.000000 0.000000</row0>
						<row1>0.000000 1.000000 0.000000</row1>
						<row2>0.000000 0.000000 1.000000</row2>
						<row3>1.237437 -0.500000 -1.580081</row3>
					</transform>
					<node>
						<identifier>WD_R1</identifier>
						<transform>
							<row0>1.000000 0.000000 0.000000</row0>
							<row1>0.000000 1.000000 0.000000</row1>
							<row2>0.000000 0.000000 1.000000</row2>
							<row3>-0.000008 0.625070 0.000000</row3>
						</transform>
						<node>
							<identifier>WD_R1_BlendBone</identifier>
							<transform>
								<row0>1.000000 0.000000 0.000000</row0>
								<row1>0.000000 1.000000 0.000000</row1>
								<row2>0.000000 0.000000 -1.000000</row2>
								<row3>-1.237429 -0.625070 1.580081</row3>
							</transform>
						</node>
					</node>
					<node>
						<identifier>Track_R2_BlendBone</identifier>
						<transform>
							<row0>1.000000 0.000000 0.000000</row0>
							<row1>0.000000 1.000000 0.000000</row1>
							<row2>0.000000 0.000000 -1.000000</row2>
							<row3>-1.237437 0.000000 1.580081</row3>
						</transform>
					</node>
				</node>
				<node>
					<identifier>V</identifier>
					<transform>
						<row0>1.000000 0.000000 0.000000</row0>
						<row1>0.000000 1.000000 0.000000</row1>
						<row2>0.000000 0.000000 1.000000</row2>
						<row3>0.000000 0.702150 0.000000</row3>
					</transform>
					<node>
						<identifier>V_BlendBone</identifier>
						<transform>
							<row0>1.000000 0.000000 0.000000</row0>
							<row1>0.000000 1.000000 0.000000</row1>
							<row2>0.000000 0.000000 -1.000000</row2>
							<row3>0.000000 -1.202150 0.000000</row3>
						</transform>
					</node>
				</node>
			</node>
		</node>
	</node>
	<renderSet>
		<treatAsWorldSpaceObject>true</treatAsWorldSpaceObject>
		<node>V_BlendBone</node>
		<geometry>
			<vertices>chassis_R_Shape.vertices</vertices>
			<primitive>chassis_R_Shape.indices</primitive>
			<primitiveGroup>
				0
				<material>
					<identifier>tank_proxy_skinned</identifier>
					<fx>shaders/std_effects/PBS_tank_skinned.fx</fx>
					<collisionFlags>0</collisionFlags>
					<materialKind>0</materialKind>
					<property>
						colorIdMap
						<Texture>vehicles/russian/common/common_ID.dds</Texture>
					</property>
					<property>
						diffuseMap
						<Texture>vehicles/british/GB121_GSOR_1010_FB/GSOR_1010_FB_proxy_AM.dds</Texture>
					</property>
					<property>
						excludeMaskAndAOMap
						<Texture>vehicles/british/GB121_GSOR_1010_FB/GSOR_1010_FB_proxy_AO.dds</Texture>
					</property>
					<property>
						metallicGlossMap
						<Texture>vehicles/british/GB121_GSOR_1010_FB/GSOR_1010_FB_proxy_GMM.dds</Texture>
					</property>
					<property>
						normalMap
						<Texture>vehicles/british/GB121_GSOR_1010_FB/GSOR_1010_FB_proxy_ANM.dds</Texture>
					</property>
				</material>
				<groupOrigin>1.048694 0.634938 -0.032335</groupOrigin>
			</primitiveGroup>
		</geometry>
	</renderSet>
	<renderSet>
		<treatAsWorldSpaceObject>true</treatAsWorldSpaceObject>
		<node>V_BlendBone</node>
		<geometry>
			<vertices>chassis_L_Shape.vertices</vertices>
			<primitive>chassis_L_Shape.indices</primitive>
			<primitiveGroup>
				0
				<material>
					<identifier>tank_proxy_skinned</identifier>
					<fx>shaders/std_effects/PBS_tank_skinned.fx</fx>
					<collisionFlags>0</collisionFlags>
					<materialKind>0</materialKind>
					<property>
						colorIdMap
						<Texture>vehicles/russian/common/common_ID.dds</Texture>
					</property>
					<property>
						diffuseMap
						<Texture>vehicles/british/GB121_GSOR_1010_FB/GSOR_1010_FB_proxy_AM.dds</Texture>
					</property>
					<property>
						excludeMaskAndAOMap
						<Texture>vehicles/british/GB121_GSOR_1010_FB/GSOR_1010_FB_proxy_AO.dds</Texture>
					</property>
					<property>
						metallicGlossMap
						<Texture>vehicles/british/GB121_GSOR_1010_FB/GSOR_1010_FB_proxy_GMM.dds</Texture>
					</property>
					<property>
						normalMap
						<Texture>vehicles/british/GB121_GSOR_1010_FB/GSOR_1010_FB_proxy_ANM.dds</Texture>
					</property>
				</material>
				<groupOrigin>-1.048694 0.634938 -0.032335</groupOrigin>
			</primitiveGroup>
		</geometry>
	</renderSet>
	<constraints/>
	<boundingBox>
		<min>-1.465491 0.009800 -2.236549</min>
		<max>1.465491 1.260075 2.301220</max>
	</boundingBox>
	<geometrySize>11028</geometrySize>
	<minUVDensity>0.008098</minUVDensity>
</root>
