<?xml version="1.0" encoding="utf-8"?>
<root>
	<node>
		<identifier>Scene Root</identifier>
		<transform>
			<row0>1.000000 0.000000 0.000000</row0>
			<row1>0.000000 1.000000 0.000000</row1>
			<row2>0.000000 0.000000 1.000000</row2>
			<row3>0.000000 0.000000 0.000000</row3>
		</transform>
		<node>
			<identifier>nodes_01</identifier>
			<transform>
				<row0>1.000000 0.000000 0.000000</row0>
				<row1>0.000000 1.000000 0.000000</row1>
				<row2>0.000000 0.000000 1.000000</row2>
				<row3>0.000000 0.000000 0.000000</row3>
			</transform>
			<node>
				<identifier>HP_Fire_1</identifier>
				<transform>
					<row0>1.000000 0.000000 0.000000</row0>
					<row1>0.000000 1.000000 0.000000</row1>
					<row2>0.000000 0.000000 1.000000</row2>
					<row3>0.000000 0.088649 -1.500000</row3>
				</transform>
			</node>
			<node>
				<identifier>HP_Fire_2</identifier>
				<transform>
					<row0>1.000000 0.000000 0.000000</row0>
					<row1>0.000000 1.000000 0.000000</row1>
					<row2>0.000000 0.000000 1.000000</row2>
					<row3>-0.437349 0.088649 1.665891</row3>
				</transform>
			</node>
			<node>
				<identifier>HP_TrackUp_LFront</identifier>
				<transform>
					<row0>1.000000 0.000000 0.000000</row0>
					<row1>0.000000 0.805797 0.592192</row1>
					<row2>0.000000 -0.592192 0.805797</row2>
					<row3>-1.167884 0.072730 2.243759</row3>
				</transform>
			</node>
			<node>
				<identifier>HP_TrackUp_LRear</identifier>
				<transform>
					<row0>-1.000000 0.000000 0.000000</row0>
					<row1>0.000000 0.820679 -0.571389</row1>
					<row2>-0.000000 -0.571389 -0.820679</row2>
					<row3>-1.167884 0.094948 -2.246364</row3>
				</transform>
			</node>
			<node>
				<identifier>HP_TrackUp_RFront</identifier>
				<transform>
					<row0>1.000000 0.000000 0.000000</row0>
					<row1>0.000000 0.805797 0.592192</row1>
					<row2>0.000000 -0.592192 0.805797</row2>
					<row3>1.167884 0.072072 2.243600</row3>
				</transform>
			</node>
			<node>
				<identifier>HP_TrackUp_RRear</identifier>
				<transform>
					<row0>-1.000000 0.000000 0.000000</row0>
					<row1>0.000000 0.820679 -0.571389</row1>
					<row2>-0.000000 -0.571389 -0.820679</row2>
					<row3>1.167884 0.094436 -2.246363</row3>
				</transform>
			</node>
			<node>
				<identifier>HP_Track_Exhaus_1</identifier>
				<transform>
					<row0>0.183013 -0.183013 -0.965926</row0>
					<row1>-0.707107 -0.707107 -0.000000</row1>
					<row2>-0.683013 0.683013 -0.258819</row2>
					<row3>-1.226807 0.336210 -2.320828</row3>
				</transform>
			</node>
			<node>
				<identifier>HP_Track_Exhaus_2</identifier>
				<transform>
					<row0>-0.183013 -0.183013 -0.965926</row0>
					<row1>-0.707107 0.707107 0.000000</row1>
					<row2>0.683013 0.683013 -0.258819</row2>
					<row3>1.226807 0.336210 -2.320828</row3>
				</transform>
			</node>
			<node>
				<identifier>HP_turretJoint</identifier>
				<transform>
					<row0>1.000000 0.000000 0.000000</row0>
					<row1>0.000000 1.000000 0.000000</row1>
					<row2>0.000000 0.000000 1.000000</row2>
					<row3>0.004156 0.553429 0.459386</row3>
				</transform>
			</node>
		</node>
	</node>
	<renderSet>
		<treatAsWorldSpaceObject>false</treatAsWorldSpaceObject>
		<node>Scene Root</node>
		<geometry>
			<vertices>vertices</vertices>
			<stream>colour</stream>
			<primitive>indices</primitive>
			<primitiveGroup>
				0
				<material>
					<identifier>tank_hull_01</identifier>
					<property>
						selfIllumination
						<Float>0.000000</Float>
					</property>
					<collisionFlags>0</collisionFlags>
					<materialKind>0</materialKind>
					<fx>shaders/std_effects/PBS_tank.fx</fx>
					<property>
						metallicGlossMap
						<Texture>vehicles/chinese/Ch24_Type64_SH/Type64_SH_hull_01_GMM.dds</Texture>
					</property>
					<property>
						normalMap
						<Texture>vehicles/chinese/Ch24_Type64_SH/Type64_SH_hull_01_ANM.dds</Texture>
					</property>
					<property>
						diffuseMap
						<Texture>vehicles/chinese/Ch24_Type64_SH/Type64_SH_hull_01_AM.dds</Texture>
					</property>
					<property>
						excludeMaskAndAOMap
						<Texture>vehicles/chinese/Ch24_Type64_SH/Type64_SH_hull_01_AO.dds</Texture>
					</property>
				</material>
				<groupOrigin>0.008640 0.088648 0.065352</groupOrigin>
			</primitiveGroup>
			<primitiveGroup>
				1
				<material>
					<identifier>tank_damage_01</identifier>
					<property>
						selfIllumination
						<Float>0.000000</Float>
					</property>
					<property>
						diffuseMap
						<Texture>vehicles/chinese/Ch24_Type64_SH/Type64_SH_damage_AM.dds</Texture>
					</property>
					<collisionFlags>0</collisionFlags>
					<materialKind>0</materialKind>
					<fx>shaders/std_effects/PBS_tank.fx</fx>
					<property>
						alphaReference
						<Int>64</Int>
					</property>
					<property>
						alphaTestEnable
						<Bool>true</Bool>
					</property>
					<property>
						excludeMaskAndAOMap
						<Texture>vehicles/chinese/Ch24_Type64_SH/Type64_SH_damage_AO.dds</Texture>
					</property>
					<property>
						g_detailUVTiling
						<Vector4>1.750000 1.750000 0.000000 0.000000</Vector4>
					</property>
					<property>
						metallicDetailMap
						<Texture>vehicles/russian/Tank_detail/Details_map.dds</Texture>
					</property>
					<property>
						metallicGlossMap
						<Texture>vehicles/chinese/Ch24_Type64_SH/Type64_SH_damage_GMM.dds</Texture>
					</property>
					<property>
						normalMap
						<Texture>vehicles/chinese/Ch24_Type64_SH/Type64_SH_damage_ANM.dds</Texture>
					</property>
				</material>
				<groupOrigin>1.019253 0.495299 0.341319</groupOrigin>
			</primitiveGroup>
		</geometry>
	</renderSet>
	<boundingBox>
		<min>-1.590144 -0.536323 -2.624222</min>
		<max>1.607424 0.713620 2.754926</max>
	</boundingBox>
	<geometrySize>291108</geometrySize>
	<minUVDensity>0.002234</minUVDensity>
</root>
