<?xml version="1.0" encoding="utf-8"?>
<root>
	<node>
		<identifier>Scene Root</identifier>
		<transform>
			<row0>1.000000 0.000000 0.000000</row0>
			<row1>0.000000 1.000000 0.000000</row1>
			<row2>0.000000 0.000000 1.000000</row2>
			<row3>0.000000 0.000000 0.000000</row3>
		</transform>
		<node>
			<identifier>nodes_01</identifier>
			<transform>
				<row0>1.000000 0.000000 0.000000</row0>
				<row1>0.000000 1.000000 0.000000</row1>
				<row2>0.000000 0.000000 1.000000</row2>
				<row3>0.000000 0.000000 0.000000</row3>
			</transform>
			<node>
				<identifier>HP_Fire_1</identifier>
				<transform>
					<row0>1.000000 0.000000 0.000000</row0>
					<row1>0.000000 1.000000 0.000000</row1>
					<row2>0.000000 0.000000 1.000000</row2>
					<row3>0.000000 0.081299 -2.965348</row3>
				</transform>
			</node>
			<node>
				<identifier>HP_Fire_2</identifier>
				<transform>
					<row0>1.000000 0.000000 0.000000</row0>
					<row1>0.000000 1.000000 0.000000</row1>
					<row2>0.000000 0.000000 1.000000</row2>
					<row3>0.000000 0.081299 2.179493</row3>
				</transform>
			</node>
			<node>
				<identifier>HP_TrackUp_LFront</identifier>
				<transform>
					<row0>1.000000 0.000000 0.000000</row0>
					<row1>0.000000 0.413119 0.910677</row1>
					<row2>0.000000 -0.910677 0.413119</row2>
					<row3>-1.320428 -0.031290 3.496670</row3>
				</transform>
			</node>
			<node>
				<identifier>HP_TrackUp_LRear</identifier>
				<transform>
					<row0>-1.000000 0.000000 0.000000</row0>
					<row1>0.000000 0.410781 -0.911734</row1>
					<row2>-0.000000 -0.911734 -0.410781</row2>
					<row3>-1.320428 -0.090218 -3.561640</row3>
				</transform>
			</node>
			<node>
				<identifier>HP_TrackUp_RFront</identifier>
				<transform>
					<row0>1.000000 0.000000 0.000000</row0>
					<row1>0.000000 0.413119 0.910677</row1>
					<row2>0.000000 -0.910677 0.413119</row2>
					<row3>1.320428 -0.031356 3.496602</row3>
				</transform>
			</node>
			<node>
				<identifier>HP_TrackUp_RRear</identifier>
				<transform>
					<row0>-1.000000 0.000000 0.000000</row0>
					<row1>0.000000 0.410781 -0.911734</row1>
					<row2>-0.000000 -0.911734 -0.410781</row2>
					<row3>1.320428 -0.090224 -3.561632</row3>
				</transform>
			</node>
			<node>
				<identifier>HP_Track_Exhaus_1</identifier>
				<transform>
					<row0>-0.500000 -0.866025 0.000000</row0>
					<row1>0.000000 0.000000 1.000000</row1>
					<row2>-0.866025 0.500000 0.000000</row2>
					<row3>-1.414109 0.635538 -1.672462</row3>
				</transform>
			</node>
			<node>
				<identifier>HP_Track_Exhaus_2</identifier>
				<transform>
					<row0>-0.500000 0.866025 0.000000</row0>
					<row1>-0.000000 -0.000000 1.000000</row1>
					<row2>0.866025 0.500000 0.000000</row2>
					<row3>1.414146 0.635477 -1.672462</row3>
				</transform>
			</node>
			<node>
				<identifier>HP_turretJoint</identifier>
				<transform>
					<row0>1.000000 0.000000 0.000000</row0>
					<row1>0.000000 1.000000 0.000000</row1>
					<row2>0.000000 0.000000 1.000000</row2>
					<row3>0.000000 0.592166 0.605525</row3>
				</transform>
			</node>
		</node>
	</node>
	<renderSet>
		<treatAsWorldSpaceObject>false</treatAsWorldSpaceObject>
		<node>Scene Root</node>
		<geometry>
			<vertices>vertices</vertices>
			<primitive>indices</primitive>
			<primitiveGroup>
				0
				<material>
					<identifier>tank_hull_01</identifier>
					<fx>shaders/std_effects/PBS_tank.fx</fx>
					<materialKind>0</materialKind>
					<collisionFlags>0</collisionFlags>
					<property>
						diffuseMap
						<Texture>vehicles/chinese/Ch45_WZ_114/_skins/Ch45_WZ_114_3DSt_CNG_21/WZ_114_3DSt_CNG_21_hull_01_AM.dds</Texture>
					</property>
					<property>
						excludeMaskAndAOMap
						<Texture>vehicles/chinese/Ch45_WZ_114/_skins/Ch45_WZ_114_3DSt_CNG_21/WZ_114_3DSt_CNG_21_hull_01_AO.dds</Texture>
					</property>
					<property>
						g_detailUVTiling
						<Vector4>7.013700 7.013700 0.000000 0.000000</Vector4>
					</property>
					<property>
						metallicDetailMap
						<Texture>vehicles/russian/Tank_detail/Details_map.dds</Texture>
					</property>
					<property>
						metallicGlossMap
						<Texture>vehicles/chinese/Ch45_WZ_114/_skins/Ch45_WZ_114_3DSt_CNG_21/WZ_114_3DSt_CNG_21_hull_01_GMM.dds</Texture>
					</property>
					<property>
						normalMap
						<Texture>vehicles/chinese/Ch45_WZ_114/_skins/Ch45_WZ_114_3DSt_CNG_21/WZ_114_3DSt_CNG_21_hull_01_ANM.dds</Texture>
					</property>
				</material>
				<groupOrigin>-0.023429 0.081299 -0.130269</groupOrigin>
			</primitiveGroup>
			<primitiveGroup>
				1
				<material>
					<identifier>tank_equipment</identifier>
					<fx>shaders/std_effects/PBS_tank.fx</fx>
					<materialKind>0</materialKind>
					<collisionFlags>0</collisionFlags>
					<property>
						diffuseMap
						<Texture>vehicles/chinese/Ch45_WZ_114/_skins/Ch45_WZ_114_3DSt_CNG_21/WZ_114_3DSt_CNG_21_equipment_AM.dds</Texture>
					</property>
					<property>
						excludeMaskAndAOMap
						<Texture>vehicles/chinese/Ch45_WZ_114/_skins/Ch45_WZ_114_3DSt_CNG_21/WZ_114_3DSt_CNG_21_equipment_AO.dds</Texture>
					</property>
					<property>
						g_detailUVTiling
						<Vector4>3.507000 3.507000 0.000000 0.000000</Vector4>
					</property>
					<property>
						metallicDetailMap
						<Texture>vehicles/russian/Tank_detail/Details_map.dds</Texture>
					</property>
					<property>
						metallicGlossMap
						<Texture>vehicles/chinese/Ch45_WZ_114/_skins/Ch45_WZ_114_3DSt_CNG_21/WZ_114_3DSt_CNG_21_equipment_GMM.dds</Texture>
					</property>
					<property>
						normalMap
						<Texture>vehicles/chinese/Ch45_WZ_114/_skins/Ch45_WZ_114_3DSt_CNG_21/WZ_114_3DSt_CNG_21_equipment_ANM.dds</Texture>
					</property>
				</material>
				<groupOrigin>-0.044378 0.055961 -0.401142</groupOrigin>
			</primitiveGroup>
		</geometry>
	</renderSet>
	<boundingBox>
		<min>-1.799086 -0.677431 -3.929504</min>
		<max>1.712952 0.789354 3.668966</max>
	</boundingBox>
	<geometrySize>226612</geometrySize>
	<minUVDensity>0.001486</minUVDensity>
</root>
