<?xml version="1.0" encoding="utf-8"?>
<root>
	<node>
		<identifier>Scene Root</identifier>
		<transform>
			<row0>1.000000 0.000000 0.000000</row0>
			<row1>0.000000 1.000000 0.000000</row1>
			<row2>0.000000 0.000000 1.000000</row2>
			<row3>0.000000 0.000000 0.000000</row3>
		</transform>
		<node>
			<identifier>nodes_01</identifier>
			<transform>
				<row0>1.000000 0.000000 0.000000</row0>
				<row1>0.000000 1.000000 0.000000</row1>
				<row2>0.000000 0.000000 1.000000</row2>
				<row3>0.000000 0.000000 0.000000</row3>
			</transform>
			<node>
				<identifier>HP_Fire_1</identifier>
				<transform>
					<row0>1.000000 0.000000 0.000000</row0>
					<row1>0.000000 1.000000 0.000000</row1>
					<row2>0.000000 0.000000 1.000000</row2>
					<row3>0.000000 0.053758 -1.500000</row3>
				</transform>
			</node>
			<node>
				<identifier>HP_Fire_2</identifier>
				<transform>
					<row0>1.000000 0.000000 0.000000</row0>
					<row1>0.000000 1.000000 0.000000</row1>
					<row2>0.000000 0.000000 1.000000</row2>
					<row3>0.000000 0.053758 1.500000</row3>
				</transform>
			</node>
			<node>
				<identifier>HP_TrackUp_LFront</identifier>
				<transform>
					<row0>1.000000 0.000000 0.000000</row0>
					<row1>0.000000 0.827775 0.561061</row1>
					<row2>0.000000 -0.561061 0.827775</row2>
					<row3>-1.238460 -0.036326 3.137726</row3>
				</transform>
			</node>
			<node>
				<identifier>HP_TrackUp_LRear</identifier>
				<transform>
					<row0>-1.000000 0.000000 0.000000</row0>
					<row1>0.000000 0.626896 -0.779103</row1>
					<row2>-0.000000 -0.779103 -0.626896</row2>
					<row3>-1.238460 0.018072 -3.262343</row3>
				</transform>
			</node>
			<node>
				<identifier>HP_TrackUp_RFront</identifier>
				<transform>
					<row0>1.000000 0.000000 0.000000</row0>
					<row1>0.000000 0.827775 0.561061</row1>
					<row2>0.000000 -0.561061 0.827775</row2>
					<row3>1.238460 -0.036326 3.137726</row3>
				</transform>
			</node>
			<node>
				<identifier>HP_TrackUp_RRear</identifier>
				<transform>
					<row0>-1.000000 0.000000 0.000000</row0>
					<row1>0.000000 0.626896 -0.779103</row1>
					<row2>-0.000000 -0.779103 -0.626896</row2>
					<row3>1.238460 0.018072 -3.262343</row3>
				</transform>
			</node>
			<node>
				<identifier>HP_Track_Exhaus_1</identifier>
				<transform>
					<row0>-0.000000 1.000000 -0.000000</row0>
					<row1>0.606390 0.000000 -0.795168</row1>
					<row2>-0.795168 -0.000000 -0.606390</row2>
					<row3>-1.319784 0.638807 -1.725312</row3>
				</transform>
			</node>
			<node>
				<identifier>HP_Track_Exhaus_2</identifier>
				<transform>
					<row0>0.000000 1.000000 -0.000000</row0>
					<row1>0.650898 0.000000 0.759165</row1>
					<row2>0.759165 -0.000000 -0.650898</row2>
					<row3>1.325978 0.638807 -1.724170</row3>
				</transform>
			</node>
			<node>
				<identifier>HP_turretJoint</identifier>
				<transform>
					<row0>1.000000 0.000000 0.000000</row0>
					<row1>0.000000 1.000000 0.000000</row1>
					<row2>0.000000 0.000000 1.000000</row2>
					<row3>0.000000 0.594538 0.659800</row3>
				</transform>
			</node>
		</node>
	</node>
	<renderSet>
		<treatAsWorldSpaceObject>false</treatAsWorldSpaceObject>
		<node>Scene Root</node>
		<geometry>
			<vertices>vertices</vertices>
			<primitive>indices</primitive>
			<primitiveGroup>
				0
				<material>
					<identifier>tank_proxy</identifier>
					<fx>shaders/std_effects/PBS_tank.fx</fx>
					<materialKind>0</materialKind>
					<collisionFlags>0</collisionFlags>
					<property>
						colorIdMap
						<Texture>vehicles/russian/common/common_ID.dds</Texture>
					</property>
					<property>
						diffuseMap
						<Texture>vehicles/russian/R169_ST_II/_skins/R169_ST_II_3DSt_TIR/ST_II_3DSt_TIR_proxy_AM.dds</Texture>
					</property>
					<property>
						excludeMaskAndAOMap
						<Texture>vehicles/russian/R169_ST_II/_skins/R169_ST_II_3DSt_TIR/ST_II_3DSt_TIR_proxy_AO.dds</Texture>
					</property>
					<property>
						metallicGlossMap
						<Texture>vehicles/russian/R169_ST_II/_skins/R169_ST_II_3DSt_TIR/ST_II_3DSt_TIR_proxy_GMM.dds</Texture>
					</property>
					<property>
						normalMap
						<Texture>vehicles/russian/R169_ST_II/_skins/R169_ST_II_3DSt_TIR/ST_II_3DSt_TIR_proxy_ANM.dds</Texture>
					</property>
				</material>
				<groupOrigin>0.005796 0.022888 -0.270777</groupOrigin>
			</primitiveGroup>
		</geometry>
	</renderSet>
	<boundingBox>
		<min>-1.674124 -0.629553 -3.768639</min>
		<max>1.685716 0.675330 3.227085</max>
	</boundingBox>
	<geometrySize>2448</geometrySize>
	<minUVDensity>0.002233</minUVDensity>
</root>
