<?xml version="1.0" encoding="utf-8"?>
<root>
	<node>
		<identifier>Scene Root</identifier>
		<transform>
			<row0>1.000000 0.000000 0.000000</row0>
			<row1>0.000000 1.000000 0.000000</row1>
			<row2>0.000000 0.000000 1.000000</row2>
			<row3>0.000000 0.000000 0.000000</row3>
		</transform>
		<node>
			<identifier>nodes_01</identifier>
			<transform>
				<row0>1.000000 0.000000 0.000000</row0>
				<row1>0.000000 1.000000 0.000000</row1>
				<row2>0.000000 0.000000 1.000000</row2>
				<row3>0.000000 0.000000 0.000000</row3>
			</transform>
			<node>
				<identifier>HP_Attachment</identifier>
				<transform>
					<row0>1.000000 0.000000 0.000000</row0>
					<row1>0.000000 1.000000 0.000000</row1>
					<row2>0.000000 0.000000 1.000000</row2>
					<row3>0.000000 0.000000 0.000000</row3>
				</transform>
			</node>
			<node>
				<identifier>HP_Fire_1</identifier>
				<transform>
					<row0>1.000000 0.000000 0.000000</row0>
					<row1>0.000000 1.000000 0.000000</row1>
					<row2>0.000000 0.000000 1.000000</row2>
					<row3>0.000000 0.183332 -2.062571</row3>
				</transform>
			</node>
			<node>
				<identifier>HP_Fire_2</identifier>
				<transform>
					<row0>1.000000 0.000000 0.000000</row0>
					<row1>0.000000 1.000000 0.000000</row1>
					<row2>0.000000 0.000000 1.000000</row2>
					<row3>0.574506 0.183332 0.889685</row3>
				</transform>
			</node>
			<node>
				<identifier>HP_TrackUp_LFront</identifier>
				<transform>
					<row0>1.000000 0.000000 0.000000</row0>
					<row1>0.000000 0.863445 0.504443</row1>
					<row2>0.000000 -0.504443 0.863445</row2>
					<row3>-1.149593 0.048992 2.534211</row3>
				</transform>
			</node>
			<node>
				<identifier>HP_TrackUp_LRear</identifier>
				<transform>
					<row0>-1.000000 0.000000 0.000000</row0>
					<row1>0.000000 0.412286 -0.911055</row1>
					<row2>-0.000000 -0.911055 -0.412286</row2>
					<row3>-1.149593 -0.000418 -2.843898</row3>
				</transform>
			</node>
			<node>
				<identifier>HP_TrackUp_RFront</identifier>
				<transform>
					<row0>1.000000 0.000000 0.000000</row0>
					<row1>0.000000 0.863445 0.504443</row1>
					<row2>0.000000 -0.504443 0.863445</row2>
					<row3>1.149593 0.048992 2.534211</row3>
				</transform>
			</node>
			<node>
				<identifier>HP_TrackUp_RRear</identifier>
				<transform>
					<row0>-1.000000 0.000000 0.000000</row0>
					<row1>0.000000 0.412286 -0.911055</row1>
					<row2>-0.000000 -0.911055 -0.412286</row2>
					<row3>1.149593 -0.000418 -2.843898</row3>
				</transform>
			</node>
			<node>
				<identifier>HP_Track_Exhaus_1</identifier>
				<transform>
					<row0>1.000000 0.000000 0.000000</row0>
					<row1>0.000000 -0.992118 0.125304</row1>
					<row2>0.000000 -0.125304 -0.992118</row2>
					<row3>-0.533368 -0.013260 -2.757284</row3>
				</transform>
			</node>
			<node>
				<identifier>HP_Track_Exhaus_2</identifier>
				<transform>
					<row0>1.000000 0.000000 0.000000</row0>
					<row1>0.000000 -0.999253 0.038633</row1>
					<row2>0.000000 -0.038633 -0.999253</row2>
					<row3>0.530804 -0.013260 -2.761593</row3>
				</transform>
			</node>
			<node>
				<identifier>HP_turretJoint</identifier>
				<transform>
					<row0>1.000000 0.000000 0.000000</row0>
					<row1>0.000000 1.000000 0.000000</row1>
					<row2>0.000000 0.000000 1.000000</row2>
					<row3>0.004100 0.871730 -0.176270</row3>
				</transform>
			</node>
		</node>
	</node>
	<renderSet>
		<treatAsWorldSpaceObject>false</treatAsWorldSpaceObject>
		<node>Scene Root</node>
		<geometry>
			<vertices>vertices</vertices>
			<primitive>indices</primitive>
			<primitiveGroup>
				0
				<material>
					<identifier>tank_hull_01</identifier>
					<property>
						selfIllumination
						<Float>0.000000</Float>
					</property>
					<collisionFlags>0</collisionFlags>
					<materialKind>0</materialKind>
					<fx>shaders/std_effects/PBS_tank.fx</fx>
					<property>
						metallicGlossMap
						<Texture>vehicles/american/A06_M4A3E8_Sherman/_skins/A172_M4A3E8_Sherman_BPXIV_3Dst/M4A3E8_Sherman_BPXIV_3Dst_hull_01_GMM.dds</Texture>
					</property>
					<property>
						normalMap
						<Texture>vehicles/american/A06_M4A3E8_Sherman/_skins/A172_M4A3E8_Sherman_BPXIV_3Dst/M4A3E8_Sherman_BPXIV_3Dst_hull_01_ANM.dds</Texture>
					</property>
					<property>
						diffuseMap
						<Texture>vehicles/american/A06_M4A3E8_Sherman/_skins/A172_M4A3E8_Sherman_BPXIV_3Dst/M4A3E8_Sherman_BPXIV_3Dst_hull_01_AM.dds</Texture>
					</property>
					<property>
						excludeMaskAndAOMap
						<Texture>vehicles/american/A06_M4A3E8_Sherman/_skins/A172_M4A3E8_Sherman_BPXIV_3Dst/M4A3E8_Sherman_BPXIV_3Dst_hull_01_AO.dds</Texture>
					</property>
					<property>
						colorIdMap
						<Texture>vehicles/russian/common/common_ID.dds</Texture>
					</property>
					<property>
						g_useDetailMetallic
						<Bool>true</Bool>
					</property>
					<property>
						metallicDetailMap
						<Texture>vehicles/russian/Tank_detail/Details_map.dds</Texture>
					</property>
					<property>
						g_detailUVTiling
						<Vector4>7.013699 7.013699 0.000000 0.000000</Vector4>
					</property>
				</material>
				<groupOrigin>0.006705 0.244922 0.008290</groupOrigin>
			</primitiveGroup>
			<primitiveGroup>
				1
				<material>
					<identifier>tank_turret_01</identifier>
					<fx>shaders/std_effects/PBS_tank.fx</fx>
					<materialKind>0</materialKind>
					<collisionFlags>0</collisionFlags>
					<property>
						diffuseMap
						<Texture>vehicles/american/A06_M4A3E8_Sherman/_skins/A172_M4A3E8_Sherman_BPXIV_3Dst/M4A3E8_Sherman_BPXIV_3Dst_turret_01_AM.dds</Texture>
					</property>
					<property>
						excludeMaskAndAOMap
						<Texture>vehicles/american/A06_M4A3E8_Sherman/_skins/A172_M4A3E8_Sherman_BPXIV_3Dst/M4A3E8_Sherman_BPXIV_3Dst_turret_01_AO.dds</Texture>
					</property>
					<property>
						metallicGlossMap
						<Texture>vehicles/american/A06_M4A3E8_Sherman/_skins/A172_M4A3E8_Sherman_BPXIV_3Dst/M4A3E8_Sherman_BPXIV_3Dst_turret_01_GMM.dds</Texture>
					</property>
					<property>
						normalMap
						<Texture>vehicles/american/A06_M4A3E8_Sherman/_skins/A172_M4A3E8_Sherman_BPXIV_3Dst/M4A3E8_Sherman_BPXIV_3Dst_turret_01_ANM.dds</Texture>
					</property>
				</material>
				<groupOrigin>-0.137239 0.522801 -0.397645</groupOrigin>
			</primitiveGroup>
		</geometry>
	</renderSet>
	<boundingBox>
		<min>-1.773114 -0.535938 -3.454643</min>
		<max>1.520359 1.080378 3.386118</max>
	</boundingBox>
	<geometrySize>506508</geometrySize>
	<minUVDensity>0.002384</minUVDensity>
</root>
