<?xml version="1.0" encoding="utf-8"?>
<root>
	<node>
		<identifier>Scene Root</identifier>
		<transform>
			<row0>1.000000 0.000000 0.000000</row0>
			<row1>0.000000 1.000000 0.000000</row1>
			<row2>0.000000 0.000000 1.000000</row2>
			<row3>0.000000 0.000000 0.000000</row3>
		</transform>
		<node>
			<identifier>nodes_01</identifier>
			<transform>
				<row0>1.000000 0.000000 0.000000</row0>
				<row1>0.000000 1.000000 0.000000</row1>
				<row2>0.000000 0.000000 1.000000</row2>
				<row3>0.000000 0.000000 0.000000</row3>
			</transform>
			<node>
				<identifier>HP_Fire_1</identifier>
				<transform>
					<row0>1.000000 0.000000 0.000000</row0>
					<row1>0.000000 1.000000 0.000000</row1>
					<row2>0.000000 0.000000 1.000000</row2>
					<row3>0.000000 0.357419 -2.214517</row3>
				</transform>
			</node>
			<node>
				<identifier>HP_Fire_2</identifier>
				<transform>
					<row0>1.000000 0.000000 0.000000</row0>
					<row1>0.000000 1.000000 0.000000</row1>
					<row2>0.000000 0.000000 1.000000</row2>
					<row3>0.000000 0.357419 -0.420625</row3>
				</transform>
			</node>
			<node>
				<identifier>HP_TrackUp_LFront</identifier>
				<transform>
					<row0>1.000000 0.000000 0.000000</row0>
					<row1>0.000000 0.352200 0.935925</row1>
					<row2>0.000000 -0.935925 0.352200</row2>
					<row3>-1.419976 -0.076385 2.591079</row3>
				</transform>
			</node>
			<node>
				<identifier>HP_TrackUp_LRear</identifier>
				<transform>
					<row0>-1.000000 0.000000 0.000000</row0>
					<row1>0.000000 0.223630 -0.974674</row1>
					<row2>-0.000000 -0.974674 -0.223630</row2>
					<row3>-1.419976 -0.100699 -2.617847</row3>
				</transform>
			</node>
			<node>
				<identifier>HP_TrackUp_RFront</identifier>
				<transform>
					<row0>1.000000 0.000000 0.000000</row0>
					<row1>0.000000 0.352200 0.935925</row1>
					<row2>0.000000 -0.935925 0.352200</row2>
					<row3>1.420082 -0.077799 2.591540</row3>
				</transform>
			</node>
			<node>
				<identifier>HP_TrackUp_RRear</identifier>
				<transform>
					<row0>-1.000000 0.000000 0.000000</row0>
					<row1>0.000000 0.223630 -0.974674</row1>
					<row2>-0.000000 -0.974674 -0.223630</row2>
					<row3>1.420082 -0.090998 -2.619430</row3>
				</transform>
			</node>
			<node>
				<identifier>HP_Track_Exhaus_1</identifier>
				<transform>
					<row0>1.000000 0.000000 0.000000</row0>
					<row1>0.000000 -0.999467 -0.032636</row1>
					<row2>0.000000 0.032636 -0.999467</row2>
					<row3>-0.577351 0.420687 -2.697013</row3>
				</transform>
			</node>
			<node>
				<identifier>HP_Track_Exhaus_2</identifier>
				<transform>
					<row0>1.000000 0.000000 0.000000</row0>
					<row1>0.000000 -0.999467 -0.032636</row1>
					<row2>0.000000 0.032636 -0.999467</row2>
					<row3>0.597315 0.420687 -2.697013</row3>
				</transform>
			</node>
			<node>
				<identifier>HP_turretJoint</identifier>
				<transform>
					<row0>1.000000 0.000000 0.000000</row0>
					<row1>0.000000 1.000000 0.000000</row1>
					<row2>0.000000 0.000000 1.000000</row2>
					<row3>0.000081 0.688419 -0.420625</row3>
				</transform>
			</node>
		</node>
	</node>
	<renderSet>
		<treatAsWorldSpaceObject>false</treatAsWorldSpaceObject>
		<node>Scene Root</node>
		<geometry>
			<vertices>vertices</vertices>
			<primitive>indices</primitive>
			<primitiveGroup>
				0
				<material>
					<identifier>tank_hull_01</identifier>
					<property>
						g_detailPowerGloss
						<Float>
							0.35
							<!--BW_String-->
						</Float>
					</property>
					<property>
						g_detailPowerAlbedo
						<Float>
							0.11
							<!--BW_String-->
						</Float>
					</property>
					<property>
						g_maskBias
						<Float>
							0.18
							<!--BW_String-->
						</Float>
					</property>
					<property>
						g_detailPower
						<Float>5</Float>
					</property>
					<collisionFlags>0</collisionFlags>
					<materialKind>0</materialKind>
					<fx>shaders/std_effects/PBS_tank.fx</fx>
					<property>
						metallicGlossMap
						<Texture>vehicles/russian/R194_ST_62_var_2/ST_62_var_2_hull_01_GMM.dds</Texture>
					</property>
					<property>
						normalMap
						<Texture>vehicles/russian/R194_ST_62_var_2/ST_62_var_2_hull_01_ANM.dds</Texture>
					</property>
					<property>
						diffuseMap
						<Texture>vehicles/russian/R194_ST_62_var_2/ST_62_var_2_hull_01_AM.dds</Texture>
					</property>
					<property>
						excludeMaskAndAOMap
						<Texture>vehicles/russian/R194_ST_62_var_2/ST_62_var_2_hull_01_AO.dds</Texture>
					</property>
					<property>
						colorIdMap
						<Texture>vehicles/russian/common/common_ID.dds</Texture>
					</property>
					<property>
						g_useDetailMetallic
						<Bool>true</Bool>
					</property>
					<property>
						metallicDetailMap
						<Texture>vehicles/russian/Tank_detail/Details_map.dds</Texture>
					</property>
					<property>
						g_detailUVTiling
						<Vector4>7.013699 7.013699 0.000000 0.000000</Vector4>
					</property>
				</material>
				<groupOrigin>-0.001302 0.140378 0.051960</groupOrigin>
			</primitiveGroup>
		</geometry>
	</renderSet>
	<boundingBox>
		<min>-1.791178 -0.458581 -2.937682</min>
		<max>1.788575 0.739338 3.041602</max>
	</boundingBox>
	<geometrySize>955022</geometrySize>
	<minUVDensity>0.002621</minUVDensity>
</root>
