<?xml version="1.0" encoding="utf-8"?>
<root>
	<node>
		<identifier>Scene Root</identifier>
		<transform>
			<row0>1.000000 0.000000 0.000000</row0>
			<row1>0.000000 1.000000 0.000000</row1>
			<row2>0.000000 0.000000 1.000000</row2>
			<row3>0.000000 0.000000 0.000000</row3>
		</transform>
		<node>
			<identifier>nodes_01</identifier>
			<transform>
				<row0>1.000000 0.000000 0.000000</row0>
				<row1>0.000000 1.000000 0.000000</row1>
				<row2>0.000000 0.000000 1.000000</row2>
				<row3>0.000000 0.000000 0.000000</row3>
			</transform>
			<node>
				<identifier>HP_Fire_1</identifier>
				<transform>
					<row0>1.000000 0.000000 0.000000</row0>
					<row1>0.000000 1.000000 0.000000</row1>
					<row2>0.000000 0.000000 1.000000</row2>
					<row3>0.012186 -0.034401 -2.341131</row3>
				</transform>
			</node>
			<node>
				<identifier>HP_Fire_2</identifier>
				<transform>
					<row0>1.000000 0.000000 0.000000</row0>
					<row1>0.000000 1.000000 0.000000</row1>
					<row2>0.000000 0.000000 1.000000</row2>
					<row3>0.492308 -0.006889 2.323498</row3>
				</transform>
			</node>
			<node>
				<identifier>HP_TrackUp_LFront</identifier>
				<transform>
					<row0>1.000000 0.000000 0.000000</row0>
					<row1>0.000000 0.415629 0.909534</row1>
					<row2>0.000000 -0.909534 0.415629</row2>
					<row3>-1.315030 -0.026847 3.922017</row3>
				</transform>
			</node>
			<node>
				<identifier>HP_TrackUp_LRear</identifier>
				<transform>
					<row0>-1.000000 0.000000 0.000000</row0>
					<row1>0.000000 0.722734 -0.691127</row1>
					<row2>-0.000000 -0.691127 -0.722734</row2>
					<row3>-1.315030 -0.048624 -3.083501</row3>
				</transform>
			</node>
			<node>
				<identifier>HP_TrackUp_RFront</identifier>
				<transform>
					<row0>1.000000 0.000000 0.000000</row0>
					<row1>0.000000 0.415690 0.909506</row1>
					<row2>0.000000 -0.909506 0.415690</row2>
					<row3>1.315030 -0.026956 3.922011</row3>
				</transform>
			</node>
			<node>
				<identifier>HP_TrackUp_RRear</identifier>
				<transform>
					<row0>-1.000000 0.000000 0.000000</row0>
					<row1>0.000000 0.722734 -0.691127</row1>
					<row2>-0.000000 -0.691127 -0.722734</row2>
					<row3>1.315030 -0.048738 -3.083500</row3>
				</transform>
			</node>
			<node>
				<identifier>HP_Track_Exhaus_1</identifier>
				<transform>
					<row0>-0.874232 -0.000000 0.485508</row0>
					<row1>-0.125659 0.965926 -0.226268</row1>
					<row2>-0.468965 -0.258819 -0.844443</row2>
					<row3>-1.400887 0.398610 -3.101138</row3>
				</transform>
			</node>
			<node>
				<identifier>HP_Track_Exhaus_2</identifier>
				<transform>
					<row0>-0.865619 0.000000 -0.500703</row0>
					<row1>0.129591 0.965926 -0.224039</row1>
					<row2>0.483642 -0.258819 -0.836124</row2>
					<row3>1.400711 0.398328 -3.100848</row3>
				</transform>
			</node>
			<node>
				<identifier>HP_turretJoint</identifier>
				<transform>
					<row0>1.000000 0.000000 0.000000</row0>
					<row1>0.000000 1.000000 0.000000</row1>
					<row2>0.000000 0.000000 1.000000</row2>
					<row3>0.000000 0.542513 0.741719</row3>
				</transform>
			</node>
		</node>
	</node>
	<renderSet>
		<treatAsWorldSpaceObject>false</treatAsWorldSpaceObject>
		<node>Scene Root</node>
		<geometry>
			<vertices>vertices</vertices>
			<primitive>indices</primitive>
			<primitiveGroup>
				0
				<material>
					<identifier>tank_proxy</identifier>
					<property>
						selfIllumination
						<Float>0.000000</Float>
					</property>
					<collisionFlags>0</collisionFlags>
					<materialKind>0</materialKind>
					<fx>shaders/std_effects/PBS_tank.fx</fx>
					<property>
						metallicGlossMap
						<Texture>vehicles/british/GB86_Centurion_Action_X/_skins/GB86_Centurion_Action_X_3DSt_HW23/Centurion_Action_X_3DSt_HW23_proxy_GMM.dds</Texture>
					</property>
					<property>
						normalMap
						<Texture>vehicles/british/GB86_Centurion_Action_X/_skins/GB86_Centurion_Action_X_3DSt_HW23/Centurion_Action_X_3DSt_HW23_proxy_ANM.dds</Texture>
					</property>
					<property>
						diffuseMap
						<Texture>vehicles/british/GB86_Centurion_Action_X/_skins/GB86_Centurion_Action_X_3DSt_HW23/Centurion_Action_X_3DSt_HW23_proxy_AM.dds</Texture>
					</property>
					<property>
						excludeMaskAndAOMap
						<Texture>vehicles/british/GB86_Centurion_Action_X/_skins/GB86_Centurion_Action_X_3DSt_HW23/Centurion_Action_X_3DSt_HW23_proxy_AO.dds</Texture>
					</property>
				</material>
				<groupOrigin>-0.057237 -0.012981 0.130529</groupOrigin>
			</primitiveGroup>
		</geometry>
	</renderSet>
	<boundingBox>
		<min>-1.911213 -0.756091 -3.732774</min>
		<max>1.796739 0.730128 3.993831</max>
	</boundingBox>
	<geometrySize>4660</geometrySize>
	<minUVDensity>0.003090</minUVDensity>
</root>
