<?xml version="1.0" encoding="utf-8"?>
<root>
	<node>
		<identifier>Scene Root</identifier>
		<transform>
			<row0>1.000000 0.000000 0.000000</row0>
			<row1>0.000000 1.000000 0.000000</row1>
			<row2>0.000000 0.000000 1.000000</row2>
			<row3>0.000000 0.000000 0.000000</row3>
		</transform>
		<node>
			<identifier>nodes_01</identifier>
			<transform>
				<row0>1.000000 0.000000 0.000000</row0>
				<row1>0.000000 1.000000 0.000000</row1>
				<row2>0.000000 0.000000 1.000000</row2>
				<row3>0.000000 0.000000 0.000000</row3>
			</transform>
			<node>
				<identifier>HP_Fire_1</identifier>
				<transform>
					<row0>1.000000 0.000000 0.000000</row0>
					<row1>0.000000 1.000000 0.000000</row1>
					<row2>0.000000 0.000000 1.000000</row2>
					<row3>0.538390 -0.051675 -2.571113</row3>
				</transform>
			</node>
			<node>
				<identifier>HP_Fire_2</identifier>
				<transform>
					<row0>1.000000 0.000000 0.000000</row0>
					<row1>0.000000 1.000000 0.000000</row1>
					<row2>0.000000 0.000000 1.000000</row2>
					<row3>0.230021 -0.013416 -0.127702</row3>
				</transform>
			</node>
			<node>
				<identifier>HP_TrackUp_LFront</identifier>
				<transform>
					<row0>1.000000 0.000000 0.000000</row0>
					<row1>0.000000 0.036074 0.999349</row1>
					<row2>0.000000 -0.999349 0.036074</row2>
					<row3>-1.100264 -0.269946 3.633127</row3>
				</transform>
			</node>
			<node>
				<identifier>HP_TrackUp_LRear</identifier>
				<transform>
					<row0>-1.000000 0.000000 0.000000</row0>
					<row1>0.000000 0.067737 -0.997703</row1>
					<row2>-0.000000 -0.997703 -0.067737</row2>
					<row3>-1.100264 -0.193102 -3.198759</row3>
				</transform>
			</node>
			<node>
				<identifier>HP_TrackUp_RFront</identifier>
				<transform>
					<row0>1.000000 0.000000 0.000000</row0>
					<row1>0.000000 0.036074 0.999349</row1>
					<row2>0.000000 -0.999349 0.036074</row2>
					<row3>1.100264 -0.269946 3.633127</row3>
				</transform>
			</node>
			<node>
				<identifier>HP_TrackUp_RRear</identifier>
				<transform>
					<row0>-1.000000 0.000000 0.000000</row0>
					<row1>0.000000 0.067737 -0.997703</row1>
					<row2>-0.000000 -0.997703 -0.067737</row2>
					<row3>1.100264 -0.193102 -3.198759</row3>
				</transform>
			</node>
			<node>
				<identifier>HP_Track_Exhaus_1</identifier>
				<transform>
					<row0>1.000000 0.000000 0.000000</row0>
					<row1>0.000000 -0.933865 -0.357626</row1>
					<row2>0.000000 0.357626 -0.933865</row2>
					<row3>0.059156 0.431093 -2.484559</row3>
				</transform>
			</node>
			<node>
				<identifier>HP_Track_Exhaus_2</identifier>
				<transform>
					<row0>1.000000 0.000000 0.000000</row0>
					<row1>0.000000 -0.933865 -0.357626</row1>
					<row2>0.000000 0.357626 -0.933865</row2>
					<row3>-0.066440 0.431093 -2.484559</row3>
				</transform>
			</node>
			<node>
				<identifier>HP_turretJoint</identifier>
				<transform>
					<row0>1.000000 0.000000 0.000000</row0>
					<row1>0.000000 1.000000 0.000000</row1>
					<row2>0.000000 0.000000 1.000000</row2>
					<row3>-0.045359 0.331680 0.207833</row3>
				</transform>
			</node>
		</node>
	</node>
	<renderSet>
		<treatAsWorldSpaceObject>false</treatAsWorldSpaceObject>
		<node>Scene Root</node>
		<geometry>
			<vertices>vertices</vertices>
			<primitive>indices</primitive>
			<primitiveGroup>
				0
				<material>
					<identifier>tank_proxy</identifier>
					<fx>shaders/std_effects/PBS_tank.fx</fx>
					<materialKind>0</materialKind>
					<collisionFlags>0</collisionFlags>
					<property>
						colorIdMap
						<Texture>vehicles/russian/common/common_ID.dds</Texture>
					</property>
					<property>
						diffuseMap
						<Texture>vehicles/british/GB09_Churchill_VII/_skins/GB136_Churchill_BPXIV_3Dst/Churchill_BPXIV_3Dst_proxy_AM.dds</Texture>
					</property>
					<property>
						excludeMaskAndAOMap
						<Texture>vehicles/british/GB09_Churchill_VII/_skins/GB136_Churchill_BPXIV_3Dst/Churchill_BPXIV_3Dst_proxy_AO.dds</Texture>
					</property>
					<property>
						metallicGlossMap
						<Texture>vehicles/british/GB09_Churchill_VII/_skins/GB136_Churchill_BPXIV_3Dst/Churchill_BPXIV_3Dst_proxy_GMM.dds</Texture>
					</property>
					<property>
						normalMap
						<Texture>vehicles/british/GB09_Churchill_VII/_skins/GB136_Churchill_BPXIV_3Dst/Churchill_BPXIV_3Dst_proxy_ANM.dds</Texture>
					</property>
				</material>
				<groupOrigin>-0.044501 -0.168082 -0.238028</groupOrigin>
			</primitiveGroup>
		</geometry>
	</renderSet>
	<boundingBox>
		<min>-1.887850 -0.839119 -3.925788</min>
		<max>1.798848 0.502955 3.449732</max>
	</boundingBox>
	<geometrySize>2896</geometrySize>
	<minUVDensity>0.004708</minUVDensity>
</root>
