<?xml version="1.0" encoding="utf-8"?>
<root>
	<node>
		<identifier>Scene Root</identifier>
		<transform>
			<row0>1.000000 0.000000 0.000000</row0>
			<row1>0.000000 1.000000 0.000000</row1>
			<row2>0.000000 0.000000 1.000000</row2>
			<row3>0.000000 0.000000 0.000000</row3>
		</transform>
		<node>
			<identifier>nodes_01</identifier>
			<transform>
				<row0>1.000000 0.000000 0.000000</row0>
				<row1>0.000000 1.000000 0.000000</row1>
				<row2>0.000000 0.000000 1.000000</row2>
				<row3>0.000000 0.000000 0.000000</row3>
			</transform>
			<node>
				<identifier>HP_Fire_1</identifier>
				<transform>
					<row0>1.000000 0.000000 0.000000</row0>
					<row1>0.000000 1.000000 0.000000</row1>
					<row2>0.000000 0.000000 1.000000</row2>
					<row3>0.000000 0.174412 -2.776480</row3>
				</transform>
			</node>
			<node>
				<identifier>HP_Fire_2</identifier>
				<transform>
					<row0>1.000000 0.000000 0.000000</row0>
					<row1>0.000000 1.000000 0.000000</row1>
					<row2>0.000000 0.000000 1.000000</row2>
					<row3>0.000000 0.174412 1.740033</row3>
				</transform>
			</node>
			<node>
				<identifier>HP_TrackUp_LFront</identifier>
				<transform>
					<row0>1.000000 0.000000 0.000000</row0>
					<row1>0.000000 0.978148 0.207912</row1>
					<row2>0.000000 -0.207912 0.978148</row2>
					<row3>-1.343961 0.091060 3.300544</row3>
				</transform>
			</node>
			<node>
				<identifier>HP_TrackUp_LRear</identifier>
				<transform>
					<row0>-1.000000 0.000000 0.000000</row0>
					<row1>0.000000 0.990268 -0.139173</row1>
					<row2>-0.000000 -0.139173 -0.990268</row2>
					<row3>-1.343961 0.120115 -3.287802</row3>
				</transform>
			</node>
			<node>
				<identifier>HP_TrackUp_RFront</identifier>
				<transform>
					<row0>1.000000 0.000000 0.000000</row0>
					<row1>0.000000 0.978148 0.207912</row1>
					<row2>0.000000 -0.207912 0.978148</row2>
					<row3>1.343961 0.091060 3.300544</row3>
				</transform>
			</node>
			<node>
				<identifier>HP_TrackUp_RRear</identifier>
				<transform>
					<row0>-1.000000 0.000000 0.000000</row0>
					<row1>0.000000 0.990268 -0.139173</row1>
					<row2>-0.000000 -0.139173 -0.990268</row2>
					<row3>1.343961 0.120115 -3.287802</row3>
				</transform>
			</node>
			<node>
				<identifier>HP_Track_Exhaus_1</identifier>
				<transform>
					<row0>-0.000000 0.469472 0.882948</row0>
					<row1>1.000000 -0.000000 0.000000</row1>
					<row2>0.000000 0.882948 -0.469472</row2>
					<row3>-0.716035 0.472361 -3.838939</row3>
				</transform>
			</node>
			<node>
				<identifier>HP_Track_Exhaus_2</identifier>
				<transform>
					<row0>0.001521 0.422606 0.906312</row0>
					<row1>0.999848 -0.016400 0.005969</row1>
					<row2>0.017386 0.906165 -0.422566</row2>
					<row3>0.718671 0.472361 -3.838939</row3>
				</transform>
			</node>
			<node>
				<identifier>HP_turretJoint</identifier>
				<transform>
					<row0>1.000000 0.000000 0.000000</row0>
					<row1>0.000000 1.000000 0.000000</row1>
					<row2>0.000000 0.000000 1.000000</row2>
					<row3>-0.000000 0.686792 0.459964</row3>
				</transform>
			</node>
			<node>
				<identifier>HP_light_hull_1</identifier>
				<transform>
					<row0>1.000000 0.000000 0.000000</row0>
					<row1>0.000000 1.000000 0.000000</row1>
					<row2>0.000000 0.000000 1.000000</row2>
					<row3>1.313810 0.490909 2.997360</row3>
				</transform>
			</node>
			<node>
				<identifier>HP_light_hull_2</identifier>
				<transform>
					<row0>1.000000 0.000000 0.000000</row0>
					<row1>0.000000 1.000000 0.000000</row1>
					<row2>0.000000 0.000000 1.000000</row2>
					<row3>-1.313810 0.490909 2.997360</row3>
				</transform>
			</node>
		</node>
	</node>
	<renderSet>
		<treatAsWorldSpaceObject>false</treatAsWorldSpaceObject>
		<node>Scene Root</node>
		<geometry>
			<vertices>vertices</vertices>
			<primitive>indices</primitive>
			<primitiveGroup>
				0
				<material>
					<identifier>tank_hull_01</identifier>
					<collisionFlags>0</collisionFlags>
					<materialKind>0</materialKind>
					<property>
						diffuseMap
						<Texture>vehicles/french/F82_AMX_M4_Mle1949_Ter/AMX_M4_Mle1949_Ter_hull_01_AM.dds</Texture>
					</property>
					<property>
						alphaReference
						<Int>64</Int>
					</property>
					<property>
						alphaTestEnable
						<Bool>true</Bool>
					</property>
					<property>
						excludeMaskAndAOMap
						<Texture>vehicles/french/F82_AMX_M4_Mle1949_Ter/AMX_M4_Mle1949_Ter_hull_01_AO.dds</Texture>
					</property>
					<property>
						colorIdMap
						<Texture>vehicles/russian/common/common_ID.dds</Texture>
					</property>
					<property>
						g_useNormalPackDXT1
						<Bool>false</Bool>
					</property>
					<fx>shaders/std_effects/PBS_tank.fx</fx>
					<property>
						g_detailPower
						<Float>5</Float>
					</property>
					<property>
						g_detailPowerAlbedo
						<Float>
							0.11
							<!--BW_String-->
						</Float>
					</property>
					<property>
						g_detailPowerGloss
						<Float>
							0.35
							<!--BW_String-->
						</Float>
					</property>
					<property>
						g_maskBias
						<Float>
							0.18
							<!--BW_String-->
						</Float>
					</property>
					<property>
						metallicGlossMap
						<Texture>vehicles/french/F82_AMX_M4_Mle1949_Ter/AMX_M4_Mle1949_Ter_hull_01_GMM.dds</Texture>
					</property>
					<property>
						metallicDetailMap
						<Texture>vehicles/russian/Tank_detail/Details_map.dds</Texture>
					</property>
					<property>
						g_detailUVTiling
						<Vector4>
							8.41644 8.41644 0.000000 0.000000
							<!--BW_String-->
						</Vector4>
					</property>
					<property>
						normalMap
						<Texture>vehicles/french/F82_AMX_M4_Mle1949_Ter/AMX_M4_Mle1949_Ter_hull_01_ANM.dds</Texture>
					</property>
					<property>
						g_useDetailMetallic
						<Bool>false</Bool>
					</property>
				</material>
				<groupOrigin>0.001298 0.174479 -0.230661</groupOrigin>
			</primitiveGroup>
		</geometry>
	</renderSet>
	<boundingBox>
		<min>-1.747898 -0.653714 -4.037685</min>
		<max>1.750494 1.002672 3.576363</max>
	</boundingBox>
	<geometrySize>217134</geometrySize>
	<minUVDensity>0.001732</minUVDensity>
</root>
