<?xml version="1.0" encoding="utf-8"?>
<root>
	<node>
		<identifier>Scene Root</identifier>
		<transform>
			<row0>1.000000 0.000000 0.000000</row0>
			<row1>0.000000 1.000000 0.000000</row1>
			<row2>0.000000 0.000000 1.000000</row2>
			<row3>0.000000 0.000000 0.000000</row3>
		</transform>
		<node>
			<identifier>nodes_01</identifier>
			<transform>
				<row0>1.000000 0.000000 0.000000</row0>
				<row1>0.000000 1.000000 0.000000</row1>
				<row2>0.000000 0.000000 1.000000</row2>
				<row3>0.000000 0.000000 0.000000</row3>
			</transform>
			<node>
				<identifier>HP_Fire_1</identifier>
				<transform>
					<row0>1.000000 0.000000 0.000000</row0>
					<row1>0.000000 1.000000 0.000000</row1>
					<row2>0.000000 0.000000 1.000000</row2>
					<row3>0.000000 -0.278666 -1.500000</row3>
				</transform>
			</node>
			<node>
				<identifier>HP_Fire_2</identifier>
				<transform>
					<row0>1.000000 0.000000 0.000000</row0>
					<row1>0.000000 1.000000 0.000000</row1>
					<row2>0.000000 0.000000 1.000000</row2>
					<row3>0.000000 -0.278666 1.500000</row3>
				</transform>
			</node>
			<node>
				<identifier>HP_Track_Exhaus_1</identifier>
				<transform>
					<row0>1.000000 0.000000 0.000000</row0>
					<row1>0.000000 -0.632765 0.774344</row1>
					<row2>0.000000 -0.774344 -0.632765</row2>
					<row3>0.978866 0.110228 -0.172258</row3>
				</transform>
			</node>
			<node>
				<identifier>HP_Track_Exhaus_2</identifier>
				<transform>
					<row0>1.000000 0.000000 0.000000</row0>
					<row1>0.000000 -0.617004 0.786960</row1>
					<row2>0.000000 -0.786960 -0.617004</row2>
					<row3>-0.973744 0.110228 -0.172258</row3>
				</transform>
			</node>
			<node>
				<identifier>HP_Track_Exhaus_3</identifier>
				<transform>
					<row0>1.000000 0.000000 0.000000</row0>
					<row1>0.000000 0.715739 0.698367</row1>
					<row2>0.000000 -0.698367 0.715739</row2>
					<row3>0.978866 0.128343 0.146745</row3>
				</transform>
			</node>
			<node>
				<identifier>HP_Track_Exhaus_4</identifier>
				<transform>
					<row0>1.000000 0.000000 0.000000</row0>
					<row1>0.000000 0.720197 0.693770</row1>
					<row2>0.000000 -0.693770 0.720197</row2>
					<row3>-0.973744 0.128343 0.146745</row3>
				</transform>
			</node>
			<node>
				<identifier>HP_turretJoint</identifier>
				<transform>
					<row0>1.000000 0.000000 0.000000</row0>
					<row1>0.000000 1.000000 0.000000</row1>
					<row2>0.000000 0.000000 1.000000</row2>
					<row3>0.000000 0.226365 -0.007033</row3>
				</transform>
			</node>
		</node>
	</node>
	<renderSet>
		<treatAsWorldSpaceObject>false</treatAsWorldSpaceObject>
		<node>Scene Root</node>
		<geometry>
			<vertices>vertices</vertices>
			<primitive>indices</primitive>
			<primitiveGroup>
				0
				<material>
					<identifier>tank_proxy</identifier>
					<collisionFlags>0</collisionFlags>
					<materialKind>0</materialKind>
					<fx>shaders/std_effects/PBS_tank.fx</fx>
					<property>
						alphaReference
						<Int>0</Int>
					</property>
					<property>
						g_detailUVTiling
						<Vector4>7.013700 7.013700 0.000000 0.000000</Vector4>
					</property>
					<property>
						doubleSided
						<Bool>false</Bool>
					</property>
					<property>
						alphaTestEnable
						<Bool>false</Bool>
					</property>
					<property>
						diffuseMap
						<Texture>vehicles/french/F108_Panhard_EBR_105/Panhard_EBR_105_proxy_AM.dds</Texture>
					</property>
					<property>
						normalMap
						<Texture>vehicles/french/F108_Panhard_EBR_105/Panhard_EBR_105_proxy_ANM.dds</Texture>
					</property>
					<property>
						metallicGlossMap
						<Texture>vehicles/french/F108_Panhard_EBR_105/Panhard_EBR_105_proxy_GMM.dds</Texture>
					</property>
					<property>
						excludeMaskAndAOMap
						<Texture>vehicles/french/F108_Panhard_EBR_105/Panhard_EBR_105_proxy_AO.dds</Texture>
					</property>
					<property>
						colorIdMap
						<Texture>vehicles/russian/common/common_ID.dds</Texture>
					</property>
					<property>
						metallicDetailMap
						<Texture>vehicles/russian/Tank_detail/Details_map.dds</Texture>
					</property>
				</material>
				<groupOrigin>0.044959 -0.295067 -0.013825</groupOrigin>
			</primitiveGroup>
		</geometry>
	</renderSet>
	<boundingBox>
		<min>-1.256421 -0.850230 -2.682856</min>
		<max>1.346340 0.260095 2.655205</max>
	</boundingBox>
	<geometrySize>4484</geometrySize>
	<minUVDensity>0.004101</minUVDensity>
</root>
