<?xml version="1.0" encoding="utf-8"?>
<root>
	<node>
		<identifier>Scene Root</identifier>
		<transform>
			<row0>1.000000 0.000000 0.000000</row0>
			<row1>0.000000 1.000000 0.000000</row1>
			<row2>0.000000 0.000000 1.000000</row2>
			<row3>0.000000 0.000000 0.000000</row3>
		</transform>
		<node>
			<identifier>nodes_01</identifier>
			<transform>
				<row0>1.000000 0.000000 0.000000</row0>
				<row1>0.000000 1.000000 0.000000</row1>
				<row2>0.000000 0.000000 1.000000</row2>
				<row3>0.000000 0.000000 0.000000</row3>
			</transform>
			<node>
				<identifier>HP_Fire_1</identifier>
				<transform>
					<row0>1.000000 0.000000 0.000000</row0>
					<row1>0.000000 1.000000 0.000000</row1>
					<row2>0.000000 0.000000 1.000000</row2>
					<row3>0.000000 0.510926 -1.987311</row3>
				</transform>
			</node>
			<node>
				<identifier>HP_Fire_2</identifier>
				<transform>
					<row0>1.000000 0.000000 0.000000</row0>
					<row1>0.000000 1.000000 0.000000</row1>
					<row2>0.000000 0.000000 1.000000</row2>
					<row3>-0.614778 0.524665 1.883906</row3>
				</transform>
			</node>
			<node>
				<identifier>HP_TrackUp_LFront</identifier>
				<transform>
					<row0>1.000000 0.000000 0.000000</row0>
					<row1>0.000000 0.978148 0.207912</row1>
					<row2>0.000000 -0.207912 0.978148</row2>
					<row3>-1.257352 0.109625 2.846242</row3>
				</transform>
			</node>
			<node>
				<identifier>HP_TrackUp_LRear</identifier>
				<transform>
					<row0>-1.000000 0.000000 0.000000</row0>
					<row1>0.000000 0.990268 -0.139173</row1>
					<row2>-0.000000 -0.139173 -0.990268</row2>
					<row3>-1.257352 0.126010 -2.767412</row3>
				</transform>
			</node>
			<node>
				<identifier>HP_TrackUp_RFront</identifier>
				<transform>
					<row0>1.000000 0.000000 0.000000</row0>
					<row1>0.000000 0.978148 0.207912</row1>
					<row2>0.000000 -0.207912 0.978148</row2>
					<row3>1.257352 0.109408 2.845995</row3>
				</transform>
			</node>
			<node>
				<identifier>HP_TrackUp_RRear</identifier>
				<transform>
					<row0>-1.000000 0.000000 0.000000</row0>
					<row1>0.000000 0.990268 -0.139173</row1>
					<row2>-0.000000 -0.139173 -0.990268</row2>
					<row3>1.257352 0.124229 -2.767663</row3>
				</transform>
			</node>
			<node>
				<identifier>HP_Track_Exhaus_1</identifier>
				<transform>
					<row0>1.000000 0.000000 0.000000</row0>
					<row1>0.000000 0.707273 0.706940</row1>
					<row2>0.000000 -0.706940 0.707273</row2>
					<row3>-1.284109 0.135042 -2.273962</row3>
				</transform>
			</node>
			<node>
				<identifier>HP_Track_Exhaus_2</identifier>
				<transform>
					<row0>1.000000 0.000000 0.000000</row0>
					<row1>0.000000 0.707273 0.706940</row1>
					<row2>0.000000 -0.706940 0.707273</row2>
					<row3>1.284000 0.135042 -2.273962</row3>
				</transform>
			</node>
			<node>
				<identifier>HP_turretJoint</identifier>
				<transform>
					<row0>1.000000 0.000000 0.000000</row0>
					<row1>0.000000 1.000000 0.000000</row1>
					<row2>0.000000 0.000000 1.000000</row2>
					<row3>0.000000 0.561577 0.085100</row3>
				</transform>
			</node>
			<node>
				<identifier>HP_hullAnim</identifier>
				<transform>
					<row0>1.000000 0.000000 0.000000</row0>
					<row1>0.000000 1.000000 0.000000</row1>
					<row2>0.000000 0.000000 1.000000</row2>
					<row3>0.000000 0.000000 0.000000</row3>
				</transform>
			</node>
		</node>
	</node>
	<renderSet>
		<treatAsWorldSpaceObject>false</treatAsWorldSpaceObject>
		<node>Scene Root</node>
		<geometry>
			<vertices>vertices</vertices>
			<primitive>indices</primitive>
			<primitiveGroup>
				0
				<material>
					<identifier>tank_hull_01</identifier>
					<fx>shaders/std_effects/PBS_tank.fx</fx>
					<collisionFlags>0</collisionFlags>
					<materialKind>0</materialKind>
					<property>
						g_detailUVTiling
						<Vector4>3.506850 3.506850 0.000000 0.000000</Vector4>
					</property>
					<property>
						g_detailPowerGloss
						<Float>
							0.35
							<!--BW_String-->
						</Float>
					</property>
					<property>
						g_detailPowerAlbedo
						<Float>
							0.11
							<!--BW_String-->
						</Float>
					</property>
					<property>
						g_maskBias
						<Float>
							0.18
							<!--BW_String-->
						</Float>
					</property>
					<property>
						g_detailPower
						<Float>5</Float>
					</property>
					<property>
						metallicDetailMap
						<Texture>vehicles/russian/Tank_detail/Details_map.dds</Texture>
					</property>
					<property>
						metallicGlossMap
						<Texture>vehicles/russian/R148_Object_430_U/_skins/R148_Object_430_U_3dst_Bastion/Object_430_U_3dst_Bastion_proxy_GMM.dds</Texture>
					</property>
					<property>
						normalMap
						<Texture>vehicles/russian/R148_Object_430_U/_skins/R148_Object_430_U_3dst_Bastion/Object_430_U_3dst_Bastion_proxy_ANM.dds</Texture>
					</property>
					<property>
						diffuseMap
						<Texture>vehicles/russian/R148_Object_430_U/_skins/R148_Object_430_U_3dst_Bastion/Object_430_U_3dst_Bastion_proxy_AM.dds</Texture>
					</property>
					<property>
						excludeMaskAndAOMap
						<Texture>vehicles/russian/R148_Object_430_U/_skins/R148_Object_430_U_3dst_Bastion/Object_430_U_3dst_Bastion_proxy_AO.dds</Texture>
					</property>
				</material>
				<groupOrigin>0.004684 0.037761 0.066488</groupOrigin>
			</primitiveGroup>
		</geometry>
	</renderSet>
	<boundingBox>
		<min>-1.739781 -0.516807 -3.078844</min>
		<max>1.749149 0.592330 3.211820</max>
	</boundingBox>
	<geometrySize>5112</geometrySize>
	<minUVDensity>0.000721</minUVDensity>
</root>
