<?xml version="1.0" encoding="utf-8"?>
<root>
	<node>
		<identifier>Scene Root</identifier>
		<transform>
			<row0>1.000000 0.000000 0.000000</row0>
			<row1>0.000000 1.000000 0.000000</row1>
			<row2>0.000000 0.000000 1.000000</row2>
			<row3>0.000000 0.000000 0.000000</row3>
		</transform>
		<node>
			<identifier>nodes_01</identifier>
			<transform>
				<row0>1.000000 0.000000 0.000000</row0>
				<row1>0.000000 1.000000 0.000000</row1>
				<row2>0.000000 0.000000 1.000000</row2>
				<row3>0.000000 0.000000 0.000000</row3>
			</transform>
			<node>
				<identifier>HP_Fire_1</identifier>
				<transform>
					<row0>1.000000 0.000000 0.000000</row0>
					<row1>0.000000 1.000000 0.000000</row1>
					<row2>0.000000 0.000000 1.000000</row2>
					<row3>0.000000 -0.150909 -2.373225</row3>
				</transform>
			</node>
			<node>
				<identifier>HP_Fire_2</identifier>
				<transform>
					<row0>1.000000 0.000000 0.000000</row0>
					<row1>0.000000 1.000000 0.000000</row1>
					<row2>0.000000 0.000000 1.000000</row2>
					<row3>0.000000 0.308712 0.541059</row3>
				</transform>
			</node>
			<node>
				<identifier>HP_TrackUp_LFront</identifier>
				<transform>
					<row0>1.000000 0.000000 0.000000</row0>
					<row1>0.000000 0.415359 0.909658</row1>
					<row2>0.000000 -0.909658 0.415359</row2>
					<row3>-1.231758 -0.030508 3.374985</row3>
				</transform>
			</node>
			<node>
				<identifier>HP_TrackUp_LRear</identifier>
				<transform>
					<row0>-1.000000 0.000000 -0.000000</row0>
					<row1>-0.000000 -0.056957 -0.998377</row1>
					<row2>-0.000000 -0.998377 0.056957</row2>
					<row3>-1.231758 -0.291912 -3.309936</row3>
				</transform>
			</node>
			<node>
				<identifier>HP_TrackUp_RFront</identifier>
				<transform>
					<row0>1.000000 0.000000 0.000000</row0>
					<row1>0.000000 0.415359 0.909658</row1>
					<row2>0.000000 -0.909658 0.415359</row2>
					<row3>1.231758 -0.030508 3.374985</row3>
				</transform>
			</node>
			<node>
				<identifier>HP_TrackUp_RRear</identifier>
				<transform>
					<row0>-1.000000 0.000000 -0.000000</row0>
					<row1>-0.000000 -0.056957 -0.998377</row1>
					<row2>-0.000000 -0.998377 0.056957</row2>
					<row3>1.231758 -0.291912 -3.309936</row3>
				</transform>
			</node>
			<node>
				<identifier>HP_Track_Exhaus_1</identifier>
				<transform>
					<row0>0.527374 0.519855 0.672032</row0>
					<row1>0.519855 0.428196 -0.739188</row1>
					<row2>-0.672032 0.739188 -0.044430</row2>
					<row3>-1.323674 0.447292 -3.477230</row3>
				</transform>
			</node>
			<node>
				<identifier>HP_Track_Exhaus_2</identifier>
				<transform>
					<row0>0.527383 0.519854 0.672026</row0>
					<row1>0.519854 0.428188 -0.739193</row1>
					<row2>-0.672026 0.739193 -0.044429</row2>
					<row3>-1.102153 0.447291 -3.477230</row3>
				</transform>
			</node>
			<node>
				<identifier>HP_Track_Exhaus_3</identifier>
				<transform>
					<row0>0.527373 -0.519855 -0.672033</row0>
					<row1>-0.519855 0.428197 -0.739188</row1>
					<row2>0.672033 0.739188 -0.044430</row2>
					<row3>1.322919 0.447292 -3.477230</row3>
				</transform>
			</node>
			<node>
				<identifier>HP_Track_Exhaus_4</identifier>
				<transform>
					<row0>0.527382 -0.519853 -0.672027</row0>
					<row1>-0.519853 0.428190 -0.739193</row1>
					<row2>0.672027 0.739193 -0.044428</row2>
					<row3>1.101398 0.447291 -3.477230</row3>
				</transform>
			</node>
			<node>
				<identifier>HP_turretJoint</identifier>
				<transform>
					<row0>1.000000 0.000000 0.000000</row0>
					<row1>0.000000 1.000000 0.000000</row1>
					<row2>0.000000 0.000000 1.000000</row2>
					<row3>-0.000591 0.455446 0.687952</row3>
				</transform>
			</node>
		</node>
	</node>
	<renderSet>
		<treatAsWorldSpaceObject>false</treatAsWorldSpaceObject>
		<node>Scene Root</node>
		<geometry>
			<vertices>vertices</vertices>
			<primitive>indices</primitive>
			<primitiveGroup>
				0
				<material>
					<identifier>tank_hull_01</identifier>
					<property>
						selfIllumination
						<Float>0.000000</Float>
					</property>
					<collisionFlags>0</collisionFlags>
					<materialKind>0</materialKind>
					<fx>shaders/std_effects/PBS_tank.fx</fx>
					<property>
						metallicGlossMap
						<Texture>vehicles/sweden/S16_Kranvagn/_skin/S16_Kranvagn_BVII_3DSt/Kranvagn_BVII_3DSt_hull_01_GMM.dds</Texture>
					</property>
					<property>
						normalMap
						<Texture>vehicles/sweden/S16_Kranvagn/_skin/S16_Kranvagn_BVII_3DSt/Kranvagn_BVII_3DSt_hull_01_ANM.dds</Texture>
					</property>
					<property>
						diffuseMap
						<Texture>vehicles/sweden/S16_Kranvagn/_skin/S16_Kranvagn_BVII_3DSt/Kranvagn_BVII_3DSt_hull_01_AM.dds</Texture>
					</property>
					<property>
						excludeMaskAndAOMap
						<Texture>vehicles/sweden/S16_Kranvagn/_skin/S16_Kranvagn_BVII_3DSt/Kranvagn_BVII_3DSt_hull_01_AO.dds</Texture>
					</property>
					<property>
						colorIdMap
						<Texture>vehicles/russian/common/common_ID.dds</Texture>
					</property>
				</material>
				<groupOrigin>-0.000534 -0.081008 -0.057325</groupOrigin>
			</primitiveGroup>
			<primitiveGroup>
				1
				<material>
					<identifier>tank_upgrade_01</identifier>
					<property>
						selfIllumination
						<Float>0.000000</Float>
					</property>
					<property>
						diffuseMap
						<Texture>vehicles/sweden/S16_Kranvagn/_skin/S16_Kranvagn_BVII_3DSt/Kranvagn_BVII_3DSt_upgrade_AM.dds</Texture>
					</property>
					<collisionFlags>0</collisionFlags>
					<materialKind>0</materialKind>
					<fx>shaders/std_effects/PBS_tank.fx</fx>
					<property>
						alphaReference
						<Int>64</Int>
					</property>
					<property>
						alphaTestEnable
						<Bool>true</Bool>
					</property>
					<property>
						excludeMaskAndAOMap
						<Texture>vehicles/sweden/S16_Kranvagn/_skin/S16_Kranvagn_BVII_3DSt/Kranvagn_BVII_3DSt_upgrade_AO.dds</Texture>
					</property>
					<property>
						metallicDetailMap
						<Texture>vehicles/russian/Tank_detail/Details_map.dds</Texture>
					</property>
					<property>
						metallicGlossMap
						<Texture>vehicles/sweden/S16_Kranvagn/_skin/S16_Kranvagn_BVII_3DSt/Kranvagn_BVII_3DSt_upgrade_GMM.dds</Texture>
					</property>
					<property>
						normalMap
						<Texture>vehicles/sweden/S16_Kranvagn/_skin/S16_Kranvagn_BVII_3DSt/Kranvagn_BVII_3DSt_upgrade_ANM.dds</Texture>
					</property>
					<property>
						colorIdMap
						<Texture>vehicles/russian/common/common_ID.dds</Texture>
					</property>
				</material>
				<groupOrigin>-0.000267 0.031895 0.010836</groupOrigin>
			</primitiveGroup>
			<primitiveGroup>
				2
				<material>
					<identifier>tank_upgrade_02</identifier>
					<property>
						selfIllumination
						<Float>0.000000</Float>
					</property>
					<property>
						diffuseMap
						<Texture>vehicles/sweden/S16_Kranvagn/_skin/S16_Kranvagn_BVII_3DSt/Kranvagn_BVII_3DSt_upgrade_AM.dds</Texture>
					</property>
					<collisionFlags>0</collisionFlags>
					<materialKind>0</materialKind>
					<fx>shaders/std_effects/PBS_tank.fx</fx>
					<property>
						alphaReference
						<Int>64</Int>
					</property>
					<property>
						alphaTestEnable
						<Bool>true</Bool>
					</property>
					<property>
						excludeMaskAndAOMap
						<Texture>vehicles/sweden/S16_Kranvagn/_skin/S16_Kranvagn_BVII_3DSt/Kranvagn_BVII_3DSt_upgrade_AO.dds</Texture>
					</property>
					<property>
						metallicDetailMap
						<Texture>vehicles/russian/Tank_detail/Details_map.dds</Texture>
					</property>
					<property>
						metallicGlossMap
						<Texture>vehicles/sweden/S16_Kranvagn/_skin/S16_Kranvagn_BVII_3DSt/Kranvagn_BVII_3DSt_upgrade_GMM.dds</Texture>
					</property>
					<property>
						normalMap
						<Texture>vehicles/sweden/S16_Kranvagn/_skin/S16_Kranvagn_BVII_3DSt/Kranvagn_BVII_3DSt_upgrade_ANM.dds</Texture>
					</property>
					<property>
						colorIdMap
						<Texture>vehicles/russian/common/common_ID.dds</Texture>
					</property>
				</material>
				<groupOrigin>-0.000000 0.014886 -0.034117</groupOrigin>
			</primitiveGroup>
			<primitiveGroup>
				3
				<material>
					<identifier>tank_upgrade_03</identifier>
					<property>
						selfIllumination
						<Float>0.000000</Float>
					</property>
					<property>
						diffuseMap
						<Texture>vehicles/sweden/S16_Kranvagn/_skin/S16_Kranvagn_BVII_3DSt/Kranvagn_BVII_3DSt_upgrade_AM.dds</Texture>
					</property>
					<collisionFlags>0</collisionFlags>
					<materialKind>0</materialKind>
					<fx>shaders/std_effects/PBS_tank.fx</fx>
					<property>
						alphaReference
						<Int>64</Int>
					</property>
					<property>
						alphaTestEnable
						<Bool>true</Bool>
					</property>
					<property>
						excludeMaskAndAOMap
						<Texture>vehicles/sweden/S16_Kranvagn/_skin/S16_Kranvagn_BVII_3DSt/Kranvagn_BVII_3DSt_upgrade_AO.dds</Texture>
					</property>
					<property>
						metallicDetailMap
						<Texture>vehicles/russian/Tank_detail/Details_map.dds</Texture>
					</property>
					<property>
						metallicGlossMap
						<Texture>vehicles/sweden/S16_Kranvagn/_skin/S16_Kranvagn_BVII_3DSt/Kranvagn_BVII_3DSt_upgrade_GMM.dds</Texture>
					</property>
					<property>
						normalMap
						<Texture>vehicles/sweden/S16_Kranvagn/_skin/S16_Kranvagn_BVII_3DSt/Kranvagn_BVII_3DSt_upgrade_ANM.dds</Texture>
					</property>
					<property>
						colorIdMap
						<Texture>vehicles/russian/common/common_ID.dds</Texture>
					</property>
				</material>
				<groupOrigin>-0.009857 0.014886 -0.122892</groupOrigin>
			</primitiveGroup>
			<primitiveGroup>
				4
				<material>
					<identifier>tank_upgrade_04</identifier>
					<property>
						selfIllumination
						<Float>0.000000</Float>
					</property>
					<property>
						diffuseMap
						<Texture>vehicles/sweden/S16_Kranvagn/_skin/S16_Kranvagn_BVII_3DSt/Kranvagn_BVII_3DSt_upgrade_AM.dds</Texture>
					</property>
					<collisionFlags>0</collisionFlags>
					<materialKind>0</materialKind>
					<fx>shaders/std_effects/PBS_tank.fx</fx>
					<property>
						alphaReference
						<Int>64</Int>
					</property>
					<property>
						alphaTestEnable
						<Bool>true</Bool>
					</property>
					<property>
						excludeMaskAndAOMap
						<Texture>vehicles/sweden/S16_Kranvagn/_skin/S16_Kranvagn_BVII_3DSt/Kranvagn_BVII_3DSt_upgrade_AO.dds</Texture>
					</property>
					<property>
						metallicDetailMap
						<Texture>vehicles/russian/Tank_detail/Details_map.dds</Texture>
					</property>
					<property>
						metallicGlossMap
						<Texture>vehicles/sweden/S16_Kranvagn/_skin/S16_Kranvagn_BVII_3DSt/Kranvagn_BVII_3DSt_upgrade_GMM.dds</Texture>
					</property>
					<property>
						normalMap
						<Texture>vehicles/sweden/S16_Kranvagn/_skin/S16_Kranvagn_BVII_3DSt/Kranvagn_BVII_3DSt_upgrade_ANM.dds</Texture>
					</property>
					<property>
						colorIdMap
						<Texture>vehicles/russian/common/common_ID.dds</Texture>
					</property>
				</material>
				<groupOrigin>-0.009857 0.033152 0.010376</groupOrigin>
			</primitiveGroup>
		</geometry>
	</renderSet>
	<boundingBox>
		<min>-1.807220 -0.676832 -3.672881</min>
		<max>1.787506 0.576996 3.693633</max>
	</boundingBox>
	<geometrySize>331324</geometrySize>
	<minUVDensity>0.001235</minUVDensity>
</root>
