<?xml version="1.0" encoding="utf-8"?>
<root>
	<node>
		<identifier>Scene Root</identifier>
		<transform>
			<row0>1.000000 0.000000 0.000000</row0>
			<row1>0.000000 1.000000 0.000000</row1>
			<row2>0.000000 0.000000 1.000000</row2>
			<row3>0.000000 0.000000 0.000000</row3>
		</transform>
		<node>
			<identifier>Root</identifier>
			<transform>
				<row0>1.000000 0.000000 0.000000</row0>
				<row1>0.000000 1.000000 0.000000</row1>
				<row2>0.000000 0.000000 1.000000</row2>
				<row3>0.000000 0.000000 0.000000</row3>
			</transform>
			<node>
				<identifier>Root_M</identifier>
				<transform>
					<row0>-0.000000 0.047388 -0.998877</row0>
					<row1>0.000000 -0.998877 -0.047388</row1>
					<row2>-1.000000 -0.000000 0.000000</row2>
					<row3>-0.000000 0.874862 0.272523</row3>
				</transform>
				<node>
					<identifier>Hip_L</identifier>
					<transform>
						<row0>-0.279295 -0.959209 -0.043728</row0>
						<row1>-0.954127 0.272123 0.124867</row1>
						<row2>-0.107874 0.076597 -0.991209</row2>
						<row3>-0.163469 0.226133 -0.125370</row3>
					</transform>
					<node>
						<identifier>Knee_L</identifier>
						<transform>
							<row0>0.603253 -0.797549 0.000000</row0>
							<row1>0.797550 0.603253 0.000000</row1>
							<row2>-0.000001 0.000000 1.000000</row2>
							<row3>-0.216310 0.000000 0.000000</row3>
						</transform>
						<node>
							<identifier>Ankle_L</identifier>
							<transform>
								<row0>0.709865 0.701641 -0.061578</row0>
								<row1>-0.692982 0.711381 0.117098</row1>
								<row2>0.125967 -0.040451 0.991209</row2>
								<row3>-0.200971 -0.000000 0.000000</row3>
							</transform>
							<node>
								<identifier>Toes1_L</identifier>
								<transform>
									<row0>0.745788 0.666184 -0.000000</row0>
									<row1>-0.666184 0.745787 -0.000000</row1>
									<row2>0.000000 -0.000000 1.000000</row2>
									<row3>-0.192421 0.000000 -0.000000</row3>
								</transform>
								<node>
									<identifier>MiddleToe1_L</identifier>
									<transform>
										<row0>0.962228 -0.272245 -0.000000</row0>
										<row1>0.272245 0.962228 -0.000000</row1>
										<row2>0.000000 0.000000 1.000000</row2>
										<row3>0.000000 0.000000 0.000000</row3>
									</transform>
									<node>
										<identifier>MiddleToe2_L</identifier>
										<transform>
											<row0>0.955248 0.295808 -0.000005</row0>
											<row1>-0.295808 0.955247 -0.000004</row1>
											<row2>0.000004 0.000005 1.000000</row2>
											<row3>-0.065868 -0.000000 0.000000</row3>
										</transform>
										<node>
											<identifier>MiddleToe3_L</identifier>
											<transform>
												<row0>0.944359 0.328916 -0.000012</row0>
												<row1>-0.328916 0.944359 0.000001</row1>
												<row2>0.000011 0.000003 1.000000</row2>
												<row3>-0.036478 0.000000 -0.000000</row3>
											</transform>
											<node>
												<identifier>MiddleToe3_L_BlendBone</identifier>
												<transform>
													<row0>-0.000018 -0.000001 1.000000</row0>
													<row1>0.296726 -0.954962 0.000004</row1>
													<row2>-0.954962 -0.296726 -0.000018</row2>
													<row3>-0.349171 -0.100699 -0.090602</row3>
												</transform>
											</node>
										</node>
										<node>
											<identifier>MiddleToe2_L_BlendBone</identifier>
											<transform>
												<row0>-0.000006 -0.000004 1.000000</row0>
												<row1>0.594319 -0.804229 -0.000000</row1>
												<row2>-0.804229 -0.594319 -0.000007</row2>
												<row3>-0.333099 -0.209945 -0.090599</row3>
											</transform>
										</node>
									</node>
									<node>
										<identifier>MiddleToe1_L_BlendBone</identifier>
										<transform>
											<row0>-0.000000 -0.000000 1.000000</row0>
											<row1>0.805619 -0.592434 -0.000000</row1>
											<row2>-0.592434 -0.805619 -0.000000</row2>
											<row3>-0.321958 -0.299083 -0.090596</row3>
										</transform>
									</node>
								</node>
								<node>
									<identifier>Toes2_L</identifier>
									<transform>
										<row0>1.000000 0.000000 0.000000</row0>
										<row1>-0.000000 1.000000 -0.000000</row1>
										<row2>-0.000000 0.000000 1.000000</row2>
										<row3>-0.148739 0.000000 -0.000000</row3>
									</transform>
									<node>
										<identifier>Toes2_L_BlendBone</identifier>
										<transform>
											<row0>0.000000 -0.000000 1.000000</row0>
											<row1>0.613902 -0.789382 -0.000000</row1>
											<row2>-0.789382 -0.613902 0.000000</row2>
											<row3>-0.242482 -0.200135 -0.090596</row3>
										</transform>
									</node>
								</node>
								<node>
									<identifier>Toes1_L_BlendBone</identifier>
									<transform>
										<row0>0.000000 -0.000000 1.000000</row0>
										<row1>0.613902 -0.789382 -0.000000</row1>
										<row2>-0.789382 -0.613902 0.000000</row2>
										<row3>-0.391221 -0.200135 -0.090596</row3>
									</transform>
								</node>
							</node>
							<node>
								<identifier>Ankle_L_BlendBone</identifier>
								<transform>
									<row0>0.000000 0.000000 1.000000</row0>
									<row1>0.983714 -0.179740 -0.000000</row1>
									<row2>-0.179740 -0.983714 0.000000</row2>
									<row3>-0.350862 -0.409883 -0.090596</row3>
								</transform>
							</node>
						</node>
						<node>
							<identifier>Knee_L_BlendBone</identifier>
							<transform>
								<row0>0.125967 -0.040451 0.991209</row0>
								<row1>0.822860 0.562351 -0.081623</row1>
								<row2>0.554106 -0.825909 -0.104123</row2>
								<row3>-0.177405 -0.534097 -0.116190</row3>
							</transform>
						</node>
					</node>
					<node>
						<identifier>Hip_L_BlendBone</identifier>
						<transform>
							<row0>0.043728 -0.124867 0.991210</row0>
							<row1>0.944896 -0.317032 -0.081623</row1>
							<row2>-0.324437 -0.940159 -0.104123</row2>
							<row3>-0.749300 -0.180707 -0.116190</row3>
						</transform>
					</node>
				</node>
				<node>
					<identifier>Hip_R</identifier>
					<transform>
						<row0>0.279295 0.959209 -0.043728</row0>
						<row1>0.954127 -0.272123 0.124867</row1>
						<row2>0.107874 -0.076597 -0.991209</row2>
						<row3>-0.163469 0.226133 0.125370</row3>
					</transform>
					<node>
						<identifier>Knee_R</identifier>
						<transform>
							<row0>0.603253 -0.797549 0.000000</row0>
							<row1>0.797550 0.603253 0.000000</row1>
							<row2>-0.000001 0.000000 1.000000</row2>
							<row3>0.216310 -0.000000 0.000000</row3>
						</transform>
						<node>
							<identifier>Ankle_R</identifier>
							<transform>
								<row0>0.709865 0.701641 -0.061578</row0>
								<row1>-0.692982 0.711381 0.117098</row1>
								<row2>0.125967 -0.040451 0.991209</row2>
								<row3>0.200971 0.000000 -0.000000</row3>
							</transform>
							<node>
								<identifier>Toes1_R</identifier>
								<transform>
									<row0>0.745788 0.666184 -0.000000</row0>
									<row1>-0.666184 0.745787 -0.000000</row1>
									<row2>0.000000 -0.000000 1.000000</row2>
									<row3>0.192421 -0.000000 0.000000</row3>
								</transform>
								<node>
									<identifier>MiddleToe1_R</identifier>
									<transform>
										<row0>0.962228 -0.272245 0.000000</row0>
										<row1>0.272245 0.962228 0.000000</row1>
										<row2>-0.000000 -0.000000 1.000000</row2>
										<row3>-0.000000 0.000000 -0.000000</row3>
									</transform>
									<node>
										<identifier>MiddleToe2_R</identifier>
										<transform>
											<row0>0.955247 0.295808 0.000005</row0>
											<row1>-0.295808 0.955247 0.000004</row1>
											<row2>-0.000004 -0.000005 1.000000</row2>
											<row3>0.065868 0.000000 -0.000000</row3>
										</transform>
										<node>
											<identifier>MiddleToe3_R</identifier>
											<transform>
												<row0>0.944359 0.328916 0.000001</row0>
												<row1>-0.328916 0.944359 0.000000</row1>
												<row2>-0.000001 -0.000001 1.000000</row2>
												<row3>0.036478 -0.000000 0.000000</row3>
											</transform>
											<node>
												<identifier>MiddleToe4_R</identifier>
												<transform>
													<row0>1.000000 0.000000 -0.000000</row0>
													<row1>0.000000 1.000000 0.000002</row1>
													<row2>0.000000 -0.000002 1.000000</row2>
													<row3>0.048898 -0.000000 -0.000000</row3>
												</transform>
												<node>
													<identifier>MiddleToe4_R_BlendBone</identifier>
													<transform>
														<row0>0.000008 0.000004 1.000000</row0>
														<row1>-0.296726 0.954962 -0.000002</row1>
														<row2>0.954962 0.296726 -0.000008</row2>
														<row3>0.300275 0.100700 0.090592</row3>
													</transform>
												</node>
											</node>
											<node>
												<identifier>MiddleToe3_R_BlendBone</identifier>
												<transform>
													<row0>0.000008 0.000002 1.000000</row0>
													<row1>-0.296726 0.954962 0.000000</row1>
													<row2>0.954962 0.296726 -0.000008</row2>
													<row3>0.349173 0.100700 0.090593</row3>
												</transform>
											</node>
										</node>
										<node>
											<identifier>MiddleToe2_R_BlendBone</identifier>
											<transform>
												<row0>0.000005 0.000004 1.000000</row0>
												<row1>-0.594319 0.804229 0.000000</row1>
												<row2>0.804229 0.594319 -0.000007</row2>
												<row3>0.333100 0.209945 0.090593</row3>
											</transform>
										</node>
									</node>
									<node>
										<identifier>MiddleToe1_R_BlendBone</identifier>
										<transform>
											<row0>0.000000 0.000000 1.000000</row0>
											<row1>-0.805619 0.592434 0.000000</row1>
											<row2>0.592434 0.805619 -0.000000</row2>
											<row3>0.321958 0.299083 0.090595</row3>
										</transform>
									</node>
								</node>
								<node>
									<identifier>Toes2_R</identifier>
									<transform>
										<row0>1.000000 0.000000 0.000000</row0>
										<row1>-0.000000 1.000000 -0.000000</row1>
										<row2>-0.000000 0.000000 1.000000</row2>
										<row3>0.148739 0.000000 0.000000</row3>
									</transform>
									<node>
										<identifier>Toes2_R_BlendBone</identifier>
										<transform>
											<row0>0.000000 -0.000000 1.000000</row0>
											<row1>-0.613902 0.789382 0.000000</row1>
											<row2>0.789382 0.613902 -0.000000</row2>
											<row3>0.242482 0.200135 0.090596</row3>
										</transform>
									</node>
								</node>
								<node>
									<identifier>Toes1_R_BlendBone</identifier>
									<transform>
										<row0>0.000000 -0.000000 1.000000</row0>
										<row1>-0.613902 0.789382 0.000000</row1>
										<row2>0.789382 0.613902 -0.000000</row2>
										<row3>0.391221 0.200135 0.090596</row3>
									</transform>
								</node>
							</node>
							<node>
								<identifier>Ankle_R_BlendBone</identifier>
								<transform>
									<row0>0.000000 0.000000 1.000000</row0>
									<row1>-0.983714 0.179740 0.000000</row1>
									<row2>0.179740 0.983714 -0.000000</row2>
									<row3>0.350862 0.409883 0.090596</row3>
								</transform>
							</node>
						</node>
						<node>
							<identifier>Knee_R_BlendBone</identifier>
							<transform>
								<row0>0.125967 -0.040451 0.991209</row0>
								<row1>-0.822860 -0.562351 0.081623</row1>
								<row2>-0.554106 0.825909 0.104123</row2>
								<row3>0.177405 0.534097 0.116190</row3>
							</transform>
						</node>
					</node>
					<node>
						<identifier>Hip_R_BlendBone</identifier>
						<transform>
							<row0>0.043728 -0.124867 0.991210</row0>
							<row1>-0.944896 0.317032 0.081623</row1>
							<row2>0.324437 0.940159 0.104123</row2>
							<row3>0.749300 0.180707 0.116190</row3>
						</transform>
					</node>
				</node>
				<node>
					<identifier>RootPart1_M</identifier>
					<transform>
						<row0>1.000000 0.000000 0.000000</row0>
						<row1>0.000000 1.000000 0.000000</row1>
						<row2>0.000000 -0.000000 1.000000</row2>
						<row3>0.052551 -0.000000 -0.000000</row3>
					</transform>
					<node>
						<identifier>RootPart2_M</identifier>
						<transform>
							<row0>1.000000 0.000000 0.000000</row0>
							<row1>0.000000 1.000000 -0.000000</row1>
							<row2>0.000000 -0.000000 1.000000</row2>
							<row3>0.052551 0.000000 0.000000</row3>
						</transform>
						<node>
							<identifier>Spine1_M</identifier>
							<transform>
								<row0>0.991203 0.132353 0.000000</row0>
								<row1>-0.132353 0.991203 0.000000</row1>
								<row2>0.000000 -0.000000 1.000000</row2>
								<row3>0.052551 0.000000 0.000000</row3>
							</transform>
							<node>
								<identifier>Spine2_M</identifier>
								<transform>
									<row0>0.992381 0.123208 -0.000000</row0>
									<row1>-0.123208 0.992381 -0.000000</row1>
									<row2>-0.000000 -0.000000 1.000000</row2>
									<row3>0.157428 0.000000 0.000000</row3>
								</transform>
								<node>
									<identifier>Spine3_M</identifier>
									<transform>
										<row0>0.976954 -0.213451 0.000000</row0>
										<row1>0.213451 0.976954 -0.000000</row1>
										<row2>0.000000 -0.000000 1.000000</row2>
										<row3>0.159440 0.000000 0.000000</row3>
									</transform>
									<node>
										<identifier>Chest_M</identifier>
										<transform>
											<row0>0.999457 0.032964 0.000000</row0>
											<row1>-0.032964 0.999456 0.000000</row1>
											<row2>0.000000 -0.000000 1.000000</row2>
											<row3>0.155332 0.000000 0.000000</row3>
										</transform>
										<node>
											<identifier>Neck_M</identifier>
											<transform>
												<row0>0.982258 -0.187533 0.000000</row0>
												<row1>0.187533 0.982258 0.000000</row1>
												<row2>0.000000 -0.000000 1.000000</row2>
												<row3>0.105497 0.035624 0.000000</row3>
											</transform>
											<node>
												<identifier>Neck1_M</identifier>
												<transform>
													<row0>0.981706 -0.190402 -0.000000</row0>
													<row1>0.190402 0.981706 0.000000</row1>
													<row2>0.000000 0.000000 1.000000</row2>
													<row3>0.084615 0.000000 0.000000</row3>
												</transform>
												<node>
													<identifier>Neck2_M</identifier>
													<transform>
														<row0>0.976692 -0.214644 0.000000</row0>
														<row1>0.214644 0.976692 -0.000000</row1>
														<row2>0.000000 -0.000000 1.000000</row2>
														<row3>0.090089 0.000000 0.000000</row3>
													</transform>
													<node>
														<identifier>Head_M</identifier>
														<transform>
															<row0>0.997340 0.072886 0.000000</row0>
															<row1>-0.072886 0.997340 0.000000</row1>
															<row2>-0.000000 -0.000000 1.000000</row2>
															<row3>0.082636 0.000000 0.000000</row3>
														</transform>
														<node>
															<identifier>Eye_L</identifier>
															<transform>
																<row0>0.752811 0.631858 0.184476</row0>
																<row1>-0.637119 0.769878 -0.036990</row1>
																<row2>-0.165397 -0.089687 0.982141</row2>
																<row3>0.051753 0.160870 -0.098200</row3>
															</transform>
															<node>
																<identifier>EyeEnd_L</identifier>
																<transform>
																	<row0>1.000000 -0.000000 -0.000000</row0>
																	<row1>-0.000000 1.000000 0.000000</row1>
																	<row2>0.000001 -0.000001 1.000000</row2>
																	<row3>0.010873 0.000000 0.000000</row3>
																</transform>
																<node>
																	<identifier>EyeEnd_L_BlendBone</identifier>
																	<transform>
																		<row0>-0.184476 0.036990 -0.982141</row0>
																		<row1>-0.196600 -0.980484 0.000000</row1>
																		<row2>0.962973 -0.193089 -0.188148</row2>
																		<row3>-0.628302 0.910209 0.250238</row3>
																	</transform>
																</node>
															</node>
															<node>
																<identifier>Eye_L_BlendBone</identifier>
																<transform>
																	<row0>-0.184476 0.036990 -0.982141</row0>
																	<row1>-0.196600 -0.980484 0.000000</row1>
																	<row2>0.962973 -0.193089 -0.188148</row2>
																	<row3>-0.617429 0.910209 0.250238</row3>
																</transform>
															</node>
														</node>
														<node>
															<identifier>Eye_R</identifier>
															<transform>
																<row0>0.752811 0.631858 -0.184476</row0>
																<row1>-0.637119 0.769878 0.036990</row1>
																<row2>0.165397 0.089687 0.982141</row2>
																<row3>0.051753 0.160870 0.098200</row3>
															</transform>
															<node>
																<identifier>EyeEnd_R</identifier>
																<transform>
																	<row0>1.000000 -0.000000 0.000000</row0>
																	<row1>-0.000000 1.000000 -0.000000</row1>
																	<row2>-0.000001 0.000001 1.000000</row2>
																	<row3>0.010873 0.000000 0.000000</row3>
																</transform>
																<node>
																	<identifier>EyeEnd_R_BlendBone</identifier>
																	<transform>
																		<row0>0.184476 -0.036990 -0.982141</row0>
																		<row1>-0.196600 -0.980484 0.000000</row1>
																		<row2>0.962973 -0.193089 0.188148</row2>
																		<row3>-0.628302 0.910209 -0.250238</row3>
																	</transform>
																</node>
															</node>
															<node>
																<identifier>Eye_R_BlendBone</identifier>
																<transform>
																	<row0>0.184476 -0.036990 -0.982141</row0>
																	<row1>-0.196600 -0.980484 0.000000</row1>
																	<row2>0.962973 -0.193089 0.188148</row2>
																	<row3>-0.617429 0.910209 -0.250238</row3>
																</transform>
															</node>
														</node>
														<node>
															<identifier>HeadEnd_M</identifier>
															<transform>
																<row0>1.000000 -0.000000 0.000000</row0>
																<row1>-0.000000 1.000000 -0.000000</row1>
																<row2>-0.000000 0.000000 1.000000</row2>
																<row3>0.093720 -0.000000 0.000000</row3>
															</transform>
															<node>
																<identifier>HeadEnd_M_BlendBone</identifier>
																<transform>
																	<row0>-0.000000 -0.000000 -1.000000</row0>
																	<row1>0.476682 -0.879076 -0.000000</row1>
																	<row2>0.879076 0.476682 -0.000000</row2>
																	<row3>-1.128074 0.449049 -0.000000</row3>
																</transform>
															</node>
														</node>
														<node>
															<identifier>Jaw_M</identifier>
															<transform>
																<row0>0.719392 0.694605 0.000000</row0>
																<row1>-0.694605 0.719392 -0.000000</row1>
																<row2>-0.000000 0.000000 1.000000</row2>
																<row3>-0.114438 0.261420 0.000000</row3>
															</transform>
															<node>
																<identifier>JawEnd_M</identifier>
																<transform>
																	<row0>1.000000 0.000000 0.000000</row0>
																	<row1>-0.000000 1.000000 0.000000</row1>
																	<row2>0.000000 0.000000 1.000000</row2>
																	<row3>0.329976 0.000000 0.000000</row3>
																</transform>
																<node>
																	<identifier>JawEnd_M_BlendBone</identifier>
																	<transform>
																		<row0>-0.000000 0.000000 -1.000000</row0>
																		<row1>-0.267690 -0.963505 -0.000000</row1>
																		<row2>0.963505 -0.267690 -0.000000</row2>
																		<row3>-0.861427 0.773957 -0.000000</row3>
																	</transform>
																</node>
															</node>
															<node>
																<identifier>Jaw_M_BlendBone</identifier>
																<transform>
																	<row0>-0.000000 0.000000 -1.000000</row0>
																	<row1>-0.267690 -0.963505 -0.000000</row1>
																	<row2>0.963505 -0.267690 -0.000000</row2>
																	<row3>-0.531452 0.773957 -0.000000</row3>
																</transform>
															</node>
														</node>
														<node>
															<identifier>l_ear1</identifier>
															<transform>
																<row0>0.164538 -0.642090 0.748764</row0>
																<row1>0.361666 -0.666968 -0.651422</row1>
																<row2>0.917674 0.377986 0.122480</row2>
																<row3>0.039015 -0.038071 -0.119244</row3>
															</transform>
															<node>
																<identifier>l_ear2</identifier>
																<transform>
																	<row0>0.999826 0.018678 0.000000</row0>
																	<row1>-0.018677 0.999826 -0.000000</row1>
																	<row2>0.000000 0.000000 1.000000</row2>
																	<row3>-0.009770 0.078573 -0.014773</row3>
																</transform>
																<node>
																	<identifier>l_ear3</identifier>
																	<transform>
																		<row0>0.999334 -0.036472 -0.000000</row0>
																		<row1>0.036471 0.999335 0.000000</row1>
																		<row2>-0.000000 -0.000000 1.000000</row2>
																		<row3>-0.005818 0.067262 -0.012383</row3>
																	</transform>
																	<node>
																		<identifier>l_ear3_BlendBone</identifier>
																		<transform>
																			<row0>-0.760241 0.637991 -0.122480</row0>
																			<row1>0.629271 0.770038 0.105160</row1>
																			<row2>-0.161405 -0.002873 0.986884</row2>
																			<row3>-0.366526 -0.943161 -0.759117</row3>
																		</transform>
																	</node>
																</node>
																<node>
																	<identifier>l_ear2_BlendBone</identifier>
																	<transform>
																		<row0>-0.736467 0.665294 -0.122480</row0>
																		<row1>0.656937 0.746576 0.105160</row1>
																		<row2>-0.161403 0.003015 0.986884</row2>
																		<row3>-0.406499 -0.861903 -0.771500</row3>
																	</transform>
																</node>
															</node>
															<node>
																<identifier>l_ear1_BlendBone</identifier>
																<transform>
																	<row0>-0.748764 0.651422 -0.122480</row0>
																	<row1>0.642878 0.758715 0.105160</row1>
																	<row2>-0.161431 -0.000000 0.986884</row2>
																	<row3>-0.400099 -0.790773 -0.786273</row3>
																</transform>
															</node>
														</node>
														<node>
															<identifier>r_ear1</identifier>
															<transform>
																<row0>0.164538 -0.642090 0.748764</row0>
																<row1>0.361666 -0.666968 -0.651422</row1>
																<row2>0.917674 0.377986 0.122480</row2>
																<row3>0.039015 -0.038071 0.119244</row3>
															</transform>
															<node>
																<identifier>r_ear2</identifier>
																<transform>
																	<row0>0.999825 0.018677 0.000000</row0>
																	<row1>-0.018677 0.999826 -0.000000</row1>
																	<row2>0.000000 0.000000 1.000000</row2>
																	<row3>0.080544 -0.000000 0.000000</row3>
																</transform>
																<node>
																	<identifier>r_ear3</identifier>
																	<transform>
																		<row0>0.999335 -0.036471 -0.000000</row0>
																		<row1>0.036471 0.999335 0.000000</row1>
																		<row2>-0.000000 -0.000000 1.000000</row2>
																		<row3>0.068640 -0.000000 -0.000000</row3>
																	</transform>
																	<node>
																		<identifier>r_ear3_BlendBone</identifier>
																		<transform>
																			<row0>-0.760241 0.637991 -0.122480</row0>
																			<row1>0.629271 0.770038 0.105160</row1>
																			<row2>-0.161405 -0.002873 0.986884</row2>
																			<row3>-0.716394 -0.649553 -0.815483</row3>
																		</transform>
																	</node>
																</node>
																<node>
																	<identifier>r_ear2_BlendBone</identifier>
																	<transform>
																		<row0>-0.736467 0.665294 -0.122480</row0>
																		<row1>0.656937 0.746576 0.105160</row1>
																		<row2>-0.161403 0.003015 0.986884</row2>
																		<row3>-0.670968 -0.622993 -0.815483</row3>
																	</transform>
																</node>
															</node>
															<node>
																<identifier>r_ear1_BlendBone</identifier>
																<transform>
																	<row0>-0.748764 0.651422 -0.122480</row0>
																	<row1>0.642878 0.758715 0.105160</row1>
																	<row2>-0.161431 -0.000000 0.986884</row2>
																	<row3>-0.578671 -0.635416 -0.815483</row3>
																</transform>
															</node>
														</node>
														<node>
															<identifier>Head_M_BlendBone</identifier>
															<transform>
																<row0>-0.000000 -0.000000 -1.000000</row0>
																<row1>0.476682 -0.879076 -0.000000</row1>
																<row2>0.879076 0.476682 -0.000000</row2>
																<row3>-1.034354 0.449049 -0.000000</row3>
															</transform>
														</node>
													</node>
													<node>
														<identifier>Neck2_M_BlendBone</identifier>
														<transform>
															<row0>-0.000000 -0.000000 -1.000000</row0>
															<row1>0.539486 -0.841994 -0.000000</row1>
															<row2>0.841994 0.539486 -0.000000</row2>
															<row3>-0.981697 0.372465 -0.000000</row3>
														</transform>
													</node>
												</node>
												<node>
													<identifier>Neck1_M_BlendBone</identifier>
													<transform>
														<row0>-0.000000 0.000000 -1.000000</row0>
														<row1>0.346183 -0.938167 -0.000000</row1>
														<row2>0.938167 0.346183 -0.000000</row2>
														<row3>-0.788779 0.574499 -0.000000</row3>
													</transform>
												</node>
											</node>
											<node>
												<identifier>Neck_M_BlendBone</identifier>
												<transform>
													<row0>-0.000000 0.000000 -1.000000</row0>
													<row1>0.161221 -0.986919 -0.000000</row1>
													<row2>0.986919 0.161221 -0.000000</row2>
													<row3>-0.580349 0.714175 -0.000000</row3>
												</transform>
											</node>
										</node>
										<node>
											<identifier>Scapula_L</identifier>
											<transform>
												<row0>-0.358544 -0.927534 0.105482</row0>
												<row1>-0.873090 0.293197 -0.389551</row1>
												<row2>0.330395 -0.231766 -0.914945</row2>
												<row3>0.020553 -0.093016 -0.103406</row3>
											</transform>
											<node>
												<identifier>Shoulder_L</identifier>
												<transform>
													<row0>0.420736 -0.771649 0.477010</row0>
													<row1>0.877974 0.478709 0.000000</row1>
													<row2>-0.228348 0.418802 0.878898</row2>
													<row3>-0.369951 0.000000 0.000000</row3>
												</transform>
												<node>
													<identifier>Elbow_L</identifier>
													<transform>
														<row0>0.621317 0.783559 -0.000000</row0>
														<row1>-0.783559 0.621317 -0.000000</row1>
														<row2>0.000000 0.000000 1.000000</row2>
														<row3>-0.210201 0.000000 0.000000</row3>
													</transform>
													<node>
														<identifier>Wrist_L</identifier>
														<transform>
															<row0>0.991173 -0.022494 -0.130656</row0>
															<row1>0.024043 0.999658 0.010291</row1>
															<row2>0.130380 -0.013341 0.991374</row2>
															<row3>-0.249321 0.000000 -0.000000</row3>
														</transform>
														<node>
															<identifier>Fingers1_L</identifier>
															<transform>
																<row0>0.735429 0.677602 0.000000</row0>
																<row1>-0.677602 0.735429 -0.000000</row1>
																<row2>-0.000000 -0.000000 1.000000</row2>
																<row3>-0.099413 0.000000 -0.000000</row3>
															</transform>
															<node>
																<identifier>Fingers2_L</identifier>
																<transform>
																	<row0>1.000000 -0.000000 -0.000000</row0>
																	<row1>0.000000 1.000000 -0.000000</row1>
																	<row2>-0.000000 -0.000000 1.000000</row2>
																	<row3>-0.139077 0.000000 0.000000</row3>
																</transform>
																<node>
																	<identifier>Fingers2_L_BlendBone</identifier>
																	<transform>
																		<row0>0.000000 0.000000 1.000000</row0>
																		<row1>0.662392 -0.749158 0.000000</row1>
																		<row2>-0.749158 -0.662392 0.000000</row2>
																		<row3>0.374758 0.328036 -0.090698</row3>
																	</transform>
																</node>
															</node>
															<node>
																<identifier>MiddleFinger1_L</identifier>
																<transform>
																	<row0>0.977471 -0.211067 -0.000000</row0>
																	<row1>0.211067 0.977472 -0.000000</row1>
																	<row2>0.000000 0.000000 1.000000</row2>
																	<row3>-0.012675 0.003582 -0.000102</row3>
																</transform>
																<node>
																	<identifier>MiddleFinger2_L</identifier>
																	<transform>
																		<row0>0.879697 0.475535 -0.000006</row0>
																		<row1>-0.475535 0.879696 -0.000003</row1>
																		<row2>0.000004 0.000005 1.000000</row2>
																		<row3>-0.076830 -0.000000 0.000000</row3>
																	</transform>
																	<node>
																		<identifier>MiddleFinger3_L</identifier>
																		<transform>
																			<row0>0.924072 0.382219 -0.000015</row0>
																			<row1>-0.382219 0.924072 0.000002</row1>
																			<row2>0.000015 0.000004 1.000000</row2>
																			<row3>-0.036222 0.000000 -0.000000</row3>
																		</transform>
																		<node>
																			<identifier>MiddleFinger4_L</identifier>
																			<transform>
																				<row0>1.000000 -0.000000 -0.000020</row0>
																				<row1>-0.000000 1.000000 -0.000000</row1>
																				<row2>0.000020 0.000000 1.000000</row2>
																				<row3>-0.022793 0.000000 -0.000000</row3>
																			</transform>
																			<node>
																				<identifier>MiddleFinger4_L_BlendBone</identifier>
																				<transform>
																					<row0>-0.000042 0.000001 1.000000</row0>
																					<row1>0.048886 -0.998804 0.000003</row1>
																					<row2>-0.998804 -0.048886 -0.000042</row2>
																					<row3>0.501413 0.024626 -0.090575</row3>
																				</transform>
																			</node>
																		</node>
																		<node>
																			<identifier>MiddleFinger3_L_BlendBone</identifier>
																			<transform>
																				<row0>-0.000022 0.000002 1.000000</row0>
																				<row1>0.048886 -0.998804 0.000003</row1>
																				<row2>-0.998804 -0.048886 -0.000022</row2>
																				<row3>0.478618 0.024626 -0.090585</row3>
																			</transform>
																		</node>
																	</node>
																	<node>
																		<identifier>MiddleFinger2_L_BlendBone</identifier>
																		<transform>
																			<row0>-0.000006 -0.000003 1.000000</row0>
																			<row1>0.426936 -0.904282 0.000000</row1>
																			<row2>-0.904282 -0.426936 -0.000007</row2>
																			<row3>0.396641 0.205693 -0.090593</row3>
																		</transform>
																	</node>
																</node>
																<node>
																	<identifier>MiddleFinger1_L_BlendBone</identifier>
																	<transform>
																		<row0>-0.000000 -0.000000 1.000000</row0>
																		<row1>0.805592 -0.592471 0.000000</row1>
																		<row2>-0.592471 -0.805592 -0.000000</row2>
																		<row3>0.174280 0.369564 -0.090596</row3>
																	</transform>
																</node>
															</node>
															<node>
																<identifier>Fingers1_L_BlendBone</identifier>
																<transform>
																	<row0>0.000000 0.000000 1.000000</row0>
																	<row1>0.662392 -0.749158 0.000000</row1>
																	<row2>-0.749158 -0.662392 0.000000</row2>
																	<row3>0.235681 0.328036 -0.090698</row3>
																</transform>
															</node>
														</node>
														<node>
															<identifier>Wrist_L_BlendBone</identifier>
															<transform>
																<row0>0.000000 0.000000 1.000000</row0>
																<row1>0.994773 -0.102114 0.000000</row1>
																<row2>-0.102114 -0.994773 0.000000</row2>
																<row3>-0.148364 0.400945 -0.090698</row3>
															</transform>
														</node>
													</node>
													<node>
														<identifier>Elbow_L_BlendBone</identifier>
														<transform>
															<row0>0.130380 -0.013342 0.991374</row0>
															<row1>0.983536 -0.124455 -0.131024</row1>
															<row2>-0.125130 -0.992136 0.003105</row2>
															<row3>-0.398560 0.405355 -0.066404</row3>
														</transform>
													</node>
												</node>
												<node>
													<identifier>Shoulder_L_BlendBone</identifier>
													<transform>
														<row0>0.091461 0.093871 0.991374</row0>
														<row1>0.708606 0.693333 -0.131024</row1>
														<row2>0.699652 -0.714477 0.003105</row2>
														<row3>-0.775453 -0.060442 -0.066404</row3>
													</transform>
												</node>
											</node>
											<node>
												<identifier>Scapula_L_BlendBone</identifier>
												<transform>
													<row0>-0.105482 0.389551 0.914945</row0>
													<row1>0.936783 -0.269764 0.222856</row1>
													<row2>-0.333633 -0.880612 0.336469</row2>
													<row3>-0.734115 0.541634 -0.428262</row3>
												</transform>
											</node>
										</node>
										<node>
											<identifier>Scapula_R</identifier>
											<transform>
												<row0>0.358544 0.927534 0.105482</row0>
												<row1>0.873090 -0.293197 -0.389551</row1>
												<row2>-0.330395 0.231766 -0.914945</row2>
												<row3>0.020553 -0.093016 0.103406</row3>
											</transform>
											<node>
												<identifier>Shoulder_R</identifier>
												<transform>
													<row0>0.420736 -0.771649 0.477010</row0>
													<row1>0.877974 0.478709 0.000000</row1>
													<row2>-0.228348 0.418802 0.878898</row2>
													<row3>0.369951 0.000000 -0.000000</row3>
												</transform>
												<node>
													<identifier>Elbow_R</identifier>
													<transform>
														<row0>0.621317 0.783559 -0.000000</row0>
														<row1>-0.783559 0.621317 -0.000000</row1>
														<row2>0.000000 0.000000 1.000000</row2>
														<row3>0.210201 -0.000000 -0.000000</row3>
													</transform>
													<node>
														<identifier>Wrist_R</identifier>
														<transform>
															<row0>0.991173 -0.022494 -0.130656</row0>
															<row1>0.024043 0.999658 0.010291</row1>
															<row2>0.130380 -0.013341 0.991374</row2>
															<row3>0.249321 0.000000 0.000000</row3>
														</transform>
														<node>
															<identifier>Fingers1_R</identifier>
															<transform>
																<row0>0.735429 0.677602 0.000000</row0>
																<row1>-0.677602 0.735429 -0.000000</row1>
																<row2>0.000000 0.000000 1.000000</row2>
																<row3>0.099413 0.000000 0.000000</row3>
															</transform>
															<node>
																<identifier>Fingers2_R</identifier>
																<transform>
																	<row0>1.000000 -0.000000 -0.000000</row0>
																	<row1>0.000000 1.000000 -0.000000</row1>
																	<row2>-0.000000 -0.000000 1.000000</row2>
																	<row3>0.139077 0.000000 -0.000000</row3>
																</transform>
																<node>
																	<identifier>Fingers2_R_BlendBone</identifier>
																	<transform>
																		<row0>-0.000000 -0.000000 1.000000</row0>
																		<row1>-0.662392 0.749158 0.000000</row1>
																		<row2>0.749158 0.662392 0.000000</row2>
																		<row3>-0.374758 -0.328036 0.090698</row3>
																	</transform>
																</node>
															</node>
															<node>
																<identifier>MiddleFinger1_R</identifier>
																<transform>
																	<row0>0.977471 -0.211067 0.000000</row0>
																	<row1>0.211067 0.977472 0.000000</row1>
																	<row2>-0.000000 -0.000001 1.000000</row2>
																	<row3>0.012675 -0.003582 0.000102</row3>
																</transform>
																<node>
																	<identifier>MiddleFinger2_R</identifier>
																	<transform>
																		<row0>0.879697 0.475535 0.000005</row0>
																		<row1>-0.475535 0.879697 0.000002</row1>
																		<row2>-0.000003 -0.000004 1.000000</row2>
																		<row3>0.076830 -0.000000 -0.000000</row3>
																	</transform>
																	<node>
																		<identifier>MiddleFinger3_R</identifier>
																		<transform>
																			<row0>0.924072 0.382219 0.000005</row0>
																			<row1>-0.382219 0.924072 0.000003</row1>
																			<row2>-0.000003 -0.000005 1.000000</row2>
																			<row3>0.036222 -0.000000 0.000000</row3>
																		</transform>
																		<node>
																			<identifier>MiddleFinger4_R</identifier>
																			<transform>
																				<row0>1.000000 0.000000 0.000000</row0>
																				<row1>0.000000 1.000000 0.000000</row1>
																				<row2>0.000000 -0.000000 1.000000</row2>
																				<row3>0.022793 -0.000000 -0.000000</row3>
																			</transform>
																			<node>
																				<identifier>MiddleFinger4_R_BlendBone</identifier>
																				<transform>
																					<row0>0.000011 0.000004 1.000000</row0>
																					<row1>-0.048886 0.998804 -0.000003</row1>
																					<row2>0.998804 0.048886 -0.000011</row2>
																					<row3>-0.501408 -0.024626 0.090601</row3>
																				</transform>
																			</node>
																		</node>
																		<node>
																			<identifier>MiddleFinger3_R_BlendBone</identifier>
																			<transform>
																				<row0>0.000011 0.000003 1.000000</row0>
																				<row1>-0.048886 0.998804 -0.000003</row1>
																				<row2>0.998804 0.048886 -0.000011</row2>
																				<row3>-0.478615 -0.024626 0.090601</row3>
																			</transform>
																		</node>
																	</node>
																	<node>
																		<identifier>MiddleFinger2_R_BlendBone</identifier>
																		<transform>
																			<row0>0.000005 0.000003 1.000000</row0>
																			<row1>-0.426936 0.904282 0.000000</row1>
																			<row2>0.904282 0.426936 -0.000006</row2>
																			<row3>-0.396640 -0.205692 0.090598</row3>
																		</transform>
																	</node>
																</node>
																<node>
																	<identifier>MiddleFinger1_R_BlendBone</identifier>
																	<transform>
