<?xml version="1.0" encoding="utf-8"?>
<root>
	<node>
		<identifier>Scene Root</identifier>
		<transform>
			<row0>1.000000 0.000000 0.000000</row0>
			<row1>0.000000 1.000000 0.000000</row1>
			<row2>0.000000 0.000000 1.000000</row2>
			<row3>0.000000 0.000000 0.000000</row3>
		</transform>
		<node>
			<identifier>Oilcloth_Damaged01_Root</identifier>
			<transform>
				<row0>1.000000 0.000000 0.000000</row0>
				<row1>0.000000 1.000000 0.000000</row1>
				<row2>0.000000 0.000000 1.000000</row2>
				<row3>0.000000 0.000000 0.000000</row3>
			</transform>
			<node>
				<identifier>Oilcloth_01</identifier>
				<transform>
					<row0>0.999706 -0.014400 -0.019490</row0>
					<row1>0.014395 0.999896 -0.000408</row1>
					<row2>0.019494 0.000127 0.999810</row2>
					<row3>-0.000022 0.000025 10.752672</row3>
				</transform>
				<node>
					<identifier>Oilcloth_01_BlendBone</identifier>
					<transform>
						<row0>0.999706 0.014395 0.019494</row0>
						<row1>-0.014400 0.999896 0.000127</row1>
						<row2>0.019490 0.000408 -0.999810</row2>
						<row3>0.209594 0.004359 -10.750629</row3>
					</transform>
				</node>
			</node>
			<node>
				<identifier>Oilcloth_02</identifier>
				<transform>
					<row0>0.997381 0.015743 -0.070599</row0>
					<row1>-0.013407 0.999351 0.033447</row1>
					<row2>0.071080 -0.032413 0.996944</row2>
					<row3>0.000821 -0.007667 9.056129</row3>
				</transform>
				<node>
					<identifier>Oilcloth_02_BlendBone</identifier>
					<transform>
						<row0>0.997381 -0.013407 0.071080</row0>
						<row1>0.015743 0.999351 -0.032413</row1>
						<row2>0.070599 -0.033447 -0.996944</row2>
						<row3>0.638657 -0.295228 -9.028760</row3>
					</transform>
				</node>
			</node>
			<node>
				<identifier>Oilcloth_03</identifier>
				<transform>
					<row0>0.997959 0.036664 -0.052289</row0>
					<row1>-0.038494 0.998666 -0.034430</row1>
					<row2>0.050956 0.036372 0.998038</row2>
					<row3>0.001326 -0.011907 7.668878</row3>
				</transform>
				<node>
					<identifier>Oilcloth_03_BlendBone</identifier>
					<transform>
						<row0>0.997959 -0.038494 0.050956</row0>
						<row1>0.036664 0.998665 0.036372</row1>
						<row2>0.052289 0.034430 -0.998038</row2>
						<row3>0.400108 0.275979 -7.653469</row3>
					</transform>
				</node>
			</node>
			<node>
				<identifier>Oilcloth_04</identifier>
				<transform>
					<row0>0.991169 0.129462 0.028696</row0>
					<row1>-0.129457 0.991583 -0.002041</row1>
					<row2>-0.028718 -0.001692 0.999586</row2>
					<row3>-0.000348 0.000987 6.502703</row3>
				</transform>
				<node>
					<identifier>Oilcloth_04_BlendBone</identifier>
					<transform>
						<row0>0.991169 -0.129457 -0.028718</row0>
						<row1>0.129462 0.991583 -0.001692</row1>
						<row2>-0.028696 0.002041 -0.999586</row2>
						<row3>-0.186381 0.012249 -6.500021</row3>
					</transform>
				</node>
			</node>
			<node>
				<identifier>Oilcloth_05</identifier>
				<transform>
					<row0>0.998088 0.061470 0.006462</row0>
					<row1>-0.061660 0.997477 0.035193</row1>
					<row2>-0.004282 -0.035525 0.999360</row2>
					<row3>0.000300 0.000050 5.199213</row3>
				</transform>
				<node>
					<identifier>Oilcloth_05_BlendBone</identifier>
					<transform>
						<row0>0.998088 -0.061660 -0.004282</row0>
						<row1>0.061470 0.997477 -0.035525</row1>
						<row2>-0.006462 -0.035193 -0.999360</row2>
						<row3>-0.033901 -0.183009 -5.195880</row3>
					</transform>
				</node>
			</node>
			<node>
				<identifier>Oilcloth_06</identifier>
				<transform>
					<row0>0.998395 0.056621 -0.001309</row0>
					<row1>-0.056635 0.998245 -0.017280</row1>
					<row2>0.000328 0.017326 0.999850</row2>
					<row3>-0.000020 0.000028 3.896481</row3>
				</transform>
				<node>
					<identifier>Oilcloth_06_BlendBone</identifier>
					<transform>
						<row0>0.998395 -0.056635 0.000328</row0>
						<row1>0.056621 0.998245 0.017326</row1>
						<row2>0.001309 0.017280 -0.999850</row2>
						<row3>0.005118 0.067301 -3.895897</row3>
					</transform>
				</node>
			</node>
			<node>
				<identifier>Oilcloth_07</identifier>
				<transform>
					<row0>0.999518 0.030949 -0.002518</row0>
					<row1>-0.031038 0.998155 -0.052179</row1>
					<row2>0.000898 0.052232 0.998635</row2>
					<row3>-0.001455 -0.038715 2.596734</row3>
				</transform>
				<node>
					<identifier>Oilcloth_07_BlendBone</identifier>
					<transform>
						<row0>0.999518 -0.031038 0.000898</row0>
						<row1>0.030949 0.998155 0.052232</row1>
						<row2>0.002518 0.052179 -0.998635</row2>
						<row3>0.009190 0.174093 -2.591165</row3>
					</transform>
				</node>
			</node>
			<node>
				<identifier>Oilcloth_08</identifier>
				<transform>
					<row0>1.000000 -0.000591 0.000510</row0>
					<row1>0.000577 0.999632 0.027115</row1>
					<row2>-0.000526 -0.027115 0.999632</row2>
					<row3>-0.002130 -0.073502 1.292798</row3>
				</transform>
				<node>
					<identifier>Oilcloth_08_BlendBone</identifier>
					<transform>
						<row0>1.000000 0.000577 -0.000526</row0>
						<row1>-0.000591 0.999632 -0.027115</row1>
						<row2>-0.000510 -0.027115 -0.999632</row2>
						<row3>0.001428 0.038423 -1.294317</row3>
					</transform>
				</node>
			</node>
			<node>
				<identifier>Oilcloth_09</identifier>
				<transform>
					<row0>0.998072 0.062064 -0.000253</row0>
					<row1>-0.062036 0.997732 0.026112</row1>
					<row2>0.001873 -0.026046 0.999659</row2>
					<row3>-0.000071 0.000042 -0.008079</row3>
				</transform>
				<node>
					<identifier>Oilcloth_09_BlendBone</identifier>
					<transform>
						<row0>0.998072 -0.062036 0.001873</row0>
						<row1>0.062064 0.997732 -0.026046</row1>
						<row2>0.000253 -0.026112 -0.999659</row2>
						<row3>0.000066 0.000164 0.008078</row3>
					</transform>
				</node>
			</node>
			<node>
				<identifier>Oilcloth_10</identifier>
				<transform>
					<row0>0.999996 -0.002429 -0.001218</row0>
					<row1>0.002421 0.999973 -0.006935</row1>
					<row2>0.001234 0.006932 0.999975</row2>
					<row3>0.000160 -0.023269 -1.315080</row3>
				</transform>
				<node>
					<identifier>Oilcloth_10_BlendBone</identifier>
					<transform>
						<row0>0.999996 0.002421 0.001234</row0>
						<row1>-0.002429 0.999973 0.006932</row1>
						<row2>0.001218 0.006935 -0.999975</row2>
						<row3>-0.001818 0.014149 1.315209</row3>
					</transform>
				</node>
			</node>
			<node>
				<identifier>Oilcloth_11</identifier>
				<transform>
					<row0>0.999592 -0.019771 0.020623</row0>
					<row1>0.019694 0.999798 0.003913</row1>
					<row2>-0.020696 -0.003505 0.999780</row2>
					<row3>0.000035 0.000025 -2.622008</row3>
				</transform>
				<node>
					<identifier>Oilcloth_11_BlendBone</identifier>
					<transform>
						<row0>0.999592 0.019694 -0.020696</row0>
						<row1>-0.019771 0.999798 -0.003505</row1>
						<row2>-0.020623 -0.003913 -0.999780</row2>
						<row3>0.054039 0.010235 2.621431</row3>
					</transform>
				</node>
			</node>
			<node>
				<identifier>Oilcloth_12</identifier>
				<transform>
					<row0>0.999900 0.005587 -0.012972</row0>
					<row1>-0.005564 0.999983 0.001864</row1>
					<row2>0.012982 -0.001792 0.999914</row2>
					<row3>0.000151 0.000025 -3.924904</row3>
				</transform>
				<node>
					<identifier>Oilcloth_12_BlendBone</identifier>
					<transform>
						<row0>0.999900 -0.005564 0.012982</row0>
						<row1>0.005587 0.999983 -0.001792</row1>
						<row2>0.012972 -0.001864 -0.999914</row2>
						<row3>-0.051065 0.007293 3.924566</row3>
					</transform>
				</node>
			</node>
			<node>
				<identifier>Oilcloth_13</identifier>
				<transform>
					<row0>0.999981 0.003372 0.005125</row0>
					<row1>-0.003371 0.999994 -0.000206</row1>
					<row2>-0.005126 0.000188 0.999987</row2>
					<row3>0.000591 0.000023 -5.227858</row3>
				</transform>
				<node>
					<identifier>Oilcloth_13_BlendBone</identifier>
					<transform>
						<row0>0.999981 -0.003371 -0.005126</row0>
						<row1>0.003372 0.999994 0.000188</row1>
						<row2>-0.005125 0.000206 -0.999987</row2>
						<row3>0.026203 -0.001097 5.227792</row3>
					</transform>
				</node>
			</node>
			<node>
				<identifier>Oilcloth_14</identifier>
				<transform>
					<row0>0.999999 -0.001560 -0.000394</row0>
					<row1>0.001550 0.999684 -0.025085</row1>
					<row2>0.000433 0.025085 0.999685</row2>
					<row3>0.000875 -0.020338 -6.530964</row3>
				</transform>
				<node>
					<identifier>Oilcloth_14_BlendBone</identifier>
					<transform>
						<row0>0.999999 0.001550 0.000433</row0>
						<row1>-0.001560 0.999684 0.025085</row1>
						<row2>0.000394 0.025085 -0.999685</row2>
						<row3>-0.003478 -0.143501 6.529419</row3>
					</transform>
				</node>
			</node>
			<node>
				<identifier>Oilcloth_15</identifier>
				<transform>
					<row0>0.998906 -0.046566 -0.004178</row0>
					<row1>0.046753 0.994811 0.090358</row1>
					<row2>-0.000052 -0.090455 0.995901</row2>
					<row3>0.003356 0.044244 -7.831816</row3>
				</transform>
				<node>
					<identifier>Oilcloth_15_BlendBone</identifier>
					<transform>
						<row0>0.998906 0.046753 -0.000052</row0>
						<row1>-0.046566 0.994811 -0.090455</row1>
						<row2>0.004178 -0.090358 -0.995901</row2>
						<row3>-0.034010 0.663499 7.803712</row3>
					</transform>
				</node>
			</node>
			<node>
				<identifier>Oilcloth_16</identifier>
				<transform>
					<row0>0.993739 -0.111728 -0.000069</row0>
					<row1>0.111635 0.992940 -0.040108</row1>
					<row2>0.004549 0.039849 0.999195</row2>
					<row3>-0.000203 0.021076 -9.133235</row3>
				</transform>
				<node>
					<identifier>Oilcloth_16_BlendBone</identifier>
					<transform>
						<row0>0.993739 0.111635 0.004549</row0>
						<row1>-0.111728 0.992939 0.039849</row1>
						<row2>0.000069 0.040108 -0.999195</row2>
						<row3>0.001929 -0.387222 9.125046</row3>
					</transform>
				</node>
			</node>
			<node>
				<identifier>Oilcloth_17</identifier>
				<transform>
					<row0>0.998812 -0.046873 -0.013320</row0>
					<row1>0.046649 0.998773 -0.016642</row1>
					<row2>0.014083 0.016000 0.999773</row2>
					<row3>-0.000148 0.000072 -10.800887</row3>
				</transform>
				<node>
					<identifier>Oilcloth_17_BlendBone</identifier>
					<transform>
						<row0>0.998812 0.046649 0.014083</row0>
						<row1>-0.046873 0.998773 0.016000</row1>
						<row2>0.013320 0.016642 -0.999773</row2>
						<row3>-0.143712 -0.179808 10.798435</row3>
					</transform>
				</node>
			</node>
			<node>
				<identifier>Oilcloth_18</identifier>
				<transform>
					<row0>0.967195 0.253635 0.014231</row0>
					<row1>-0.254015 0.966285 0.042060</row1>
					<row2>-0.003083 -0.044295 0.999014</row2>
					<row3>-1.509254 -0.170210 10.743762</row3>
				</transform>
				<node>
					<identifier>Oilcloth_18_BlendBone</identifier>
					<transform>
						<row0>0.967195 -0.254015 -0.003083</row0>
						<row1>0.253635 0.966285 -0.044295</row1>
						<row2>-0.014231 -0.042060 -0.999014</row2>
						<row3>1.350024 -0.670785 -10.745358</row3>
					</transform>
				</node>
			</node>
			<node>
				<identifier>Oilcloth_19</identifier>
				<transform>
					<row0>0.925567 -0.376615 0.038553</row0>
					<row1>0.378078 0.914271 -0.145482</row1>
					<row2>0.019543 0.149229 0.988609</row2>
					<row3>-2.664661 0.045781 10.717633</row3>
				</transform>
				<node>
					<identifier>Oilcloth_19_BlendBone</identifier>
					<transform>
						<row0>0.925567 0.378078 0.019543</row0>
						<row1>-0.376615 0.914271 0.149229</row1>
						<row2>-0.038553 0.145482 -0.988609</row2>
						<row3>2.070370 2.524817 -10.550310</row3>
					</transform>
				</node>
			</node>
			<node>
				<identifier>Oilcloth_20</identifier>
				<transform>
					<row0>0.991027 0.131851 0.021943</row0>
					<row1>-0.132643 0.990368 0.039703</row1>
					<row2>-0.016496 -0.042257 0.998971</row2>
					<row3>-1.428205 -0.005295 9.123736</row3>
				</transform>
				<node>
					<identifier>Oilcloth_20_BlendBone</identifier>
					<transform>
						<row0>0.991027 -0.132643 -0.016496</row0>
						<row1>0.131851 0.990368 -0.042257</row1>
						<row2>-0.021943 -0.039703 -0.998971</row2>
						<row3>1.215889 -0.546436 -9.138128</row3>
					</transform>
				</node>
			</node>
			<node>
				<identifier>Oilcloth_21</identifier>
				<transform>
					<row0>0.996989 0.043581 0.064140</row0>
					<row1>-0.041740 0.998685 -0.029773</row1>
					<row2>-0.065353 0.027006 0.997497</row2>
					<row3>-2.652236 -0.258050 9.043325</row3>
				</transform>
				<node>
					<identifier>Oilcloth_21_BlendBone</identifier>
					<transform>
						<row0>0.996989 -0.041740 -0.065353</row0>
						<row1>0.043581 0.998685 0.027006</row1>
						<row2>-0.064140 0.029773 -0.997497</row2>
						<row3>2.075459 0.416254 -9.187051</row3>
					</transform>
				</node>
			</node>
			<node>
				<identifier>Oilcloth_22</identifier>
				<transform>
					<row0>0.999296 -0.036404 0.009083</row0>
					<row1>0.036615 0.999037 -0.024162</row1>
					<row2>-0.008195 0.024477 0.999667</row2>
					<row3>-1.419277 -0.036966 7.710309</row3>
				</transform>
				<node>
					<identifier>Oilcloth_22_BlendBone</identifier>
					<transform>
						<row0>0.999296 0.036615 -0.008195</row0>
						<row1>-0.036404 0.999037 0.024477</row1>
						<row2>-0.009083 0.024162 -0.999667</row2>
						<row3>1.346900 0.275192 -7.718465</row3>
					</transform>
				</node>
			</node>
			<node>
				<identifier>Oilcloth_23</identifier>
				<transform>
					<row0>0.966936 0.253717 0.025723</row0>
					<row1>-0.254494 0.966491 0.033590</row1>
					<row2>-0.016339 -0.039026 0.999105</row2>
					<row3>-2.689855 -0.234947 7.681371</row3>
				</transform>
				<node>
					<identifier>Oilcloth_23_BlendBone</identifier>
					<transform>
						<row0>0.966936 -0.254494 -0.016339</row0>
						<row1>0.253717 0.966491 -0.039026</row1>
						<row2>-0.025723 -0.033590 -0.999105</row2>
						<row3>2.462939 -0.715494 -7.727612</row3>
					</transform>
				</node>
			</node>
			<node>
				<identifier>Oilcloth_24</identifier>
				<transform>
					<row0>0.632257 -0.771893 0.066581</row0>
					<row1>0.773274 0.634028 0.007419</row1>
					<row2>-0.047941 0.046794 0.997753</row2>
					<row3>-3.457839 0.247521 8.172862</row3>
				</transform>
				<node>
					<identifier>Oilcloth_24_BlendBone</identifier>
					<transform>
						<row0>0.632257 0.773274 -0.047941</row0>
						<row1>-0.771893 0.634028 0.046794</row1>
						<row2>-0.066581 -0.007419 -0.997753</row2>
						<row3>1.833149 2.456286 -8.331855</row3>
					</transform>
				</node>
			</node>
			<node>
				<identifier>Oilcloth_25</identifier>
				<transform>
					<row0>0.888537 -0.446734 -0.104553</row0>
					<row1>0.291052 0.724989 -0.624244</row1>
					<row2>0.354670 0.524234 0.774202</row2>
					<row3>-4.743176 0.904155 6.999363</row3>
				</transform>
				<node>
					<identifier>Oilcloth_25_BlendBone</identifier>
					<transform>
						<row0>0.888537 0.291052 0.354670</row0>
						<row1>-0.446734 0.724989 0.524234</row1>
						<row2>0.104553 0.624244 -0.774202</row2>
						<row3>5.350206 5.094317 -4.210644</row3>
					</transform>
				</node>
			</node>
			<node>
				<identifier>Oilcloth_26</identifier>
				<transform>
					<row0>0.998542 0.053938 -0.001939</row0>
					<row1>-0.053959 0.998452 -0.013477</row1>
					<row2>0.001209 0.013562 0.999907</row2>
					<row3>-1.418300 -0.077573 6.454492</row3>
				</transform>
				<node>
					<identifier>Oilcloth_26_BlendBone</identifier>
					<transform>
						<row0>0.998542 -0.053959 0.001209</row0>
						<row1>0.053938 0.998452 0.013562</row1>
						<row2>0.001939 0.013477 -0.999907</row2>
						<row3>1.432933 0.087911 -6.451127</row3>
					</transform>
				</node>
			</node>
			<node>
				<identifier>Oilcloth_27</identifier>
				<transform>
					<row0>0.951238 0.308418 -0.004968</row0>
					<row1>-0.308227 0.951024 0.023430</row1>
					<row2>0.011950 -0.020756 0.999713</row2>
					<row3>-2.701864 -0.155689 6.460153</row3>
				</transform>
				<node>
					<identifier>Oilcloth_27_BlendBone</identifier>
					<transform>
						<row0>0.951238 -0.308227 0.011950</row0>
						<row1>0.308418 0.951024 -0.020756</row1>
						<row2>0.004968 -0.023430 -0.999713</row2>
						<row3>2.650223 -0.836082 -6.429243</row3>
					</transform>
				</node>
			</node>
			<node>
				<identifier>Oilcloth_28</identifier>
				<transform>
					<row0>0.816868 -0.576758 0.008765</row0>
					<row1>0.534549 0.751203 -0.387236</row1>
					<row2>0.216757 0.321006 0.921939</row2>
					<row3>-3.870050 0.177360 6.479328</row3>
				</transform>
				<node>
					<identifier>Oilcloth_28_BlendBone</identifier>
					<transform>
						<row0>0.816868 0.534549 0.216757</row0>
						<row1>-0.576758 0.751203 0.321006</row1>
						<row2>-0.008765 0.387236 -0.921939</row2>
						<row3>3.206823 4.444527 -5.191618</row3>
					</transform>
				</node>
			</node>
			<node>
				<identifier>Oilcloth_29</identifier>
				<transform>
					<row0>0.988510 0.151023 0.006409</row0>
					<row1>-0.150960 0.988495 -0.009391</row1>
					<row2>-0.007753 0.008316 0.999935</row2>
					<row3>-1.403457 -0.095134 5.192764</row3>
				</transform>
				<node>
					<identifier>Oilcloth_29_BlendBone</identifier>
					<transform>
						<row0>0.988510 -0.150960 -0.007753</row0>
						<row1>0.151023 0.988495 0.008316</row1>
						<row2>-0.006409 0.009391 -0.999935</row2>
						<row3>1.368419 -0.069059 -5.202519</row3>
					</transform>
				</node>
			</node>
			<node>
				<identifier>Oilcloth_30</identifier>
				<transform>
					<row0>0.950159 0.311766 -0.000869</row0>
					<row1>-0.311600 0.949553 -0.035425</row1>
					<row2>-0.010219 0.033930 0.999372</row2>
					<row3>-2.678059 -0.181218 5.186051</row3>
				</transform>
				<node>
					<identifier>Oilcloth_30_BlendBone</identifier>
					<transform>
						<row0>0.950159 -0.311600 -0.010219</row0>
						<row1>0.311766 0.949553 0.033930</row1>
						<row2>0.000869 0.035425 -0.999372</row2>
						<row3>2.605587 -0.478690 -5.204012</row3>
					</transform>
				</node>
			</node>
			<node>
				<identifier>Oilcloth_31</identifier>
				<transform>
					<row0>0.988765 -0.148460 -0.017442</row0>
					<row1>0.148355 0.988908 -0.007196</row1>
					<row2>0.018317 0.004527 0.999822</row2>
					<row3>-3.336552 -0.232047 5.835262</row3>
				</transform>
				<node>
					<identifier>Oilcloth_31_BlendBone</identifier>
					<transform>
						<row0>0.988765 0.148355 0.018317</row0>
						<row1>-0.148460 0.988908 0.004527</row1>
						<row2>0.017442 0.007196 -0.999822</row2>
						<row3>3.366392 0.766457 -5.772059</row3>
					</transform>
				</node>
			</node>
			<node>
				<identifier>Oilcloth_32</identifier>
				<transform>
					<row0>0.999893 0.013854 0.004662</row0>
					<row1>-0.013437 0.996709 -0.079940</row1>
					<row2>-0.005754 0.079868 0.996789</row2>
					<row3>-3.866086 -0.314350 5.185180</row3>
				</transform>
				<node>
					<identifier>Oilcloth_32_BlendBone</identifier>
					<transform>
						<row0>0.999893 -0.013437 -0.005754</row0>
						<row1>0.013854 0.996709 0.079868</row1>
						<row2>-0.004662 0.079940 -0.996789</row2>
						<row3>3.845855 0.675868 -5.165668</row3>
					</transform>
				</node>
			</node>
			<node>
				<identifier>Oilcloth_33</identifier>
				<transform>
					<row0>0.982370 0.186900 0.004230</row0>
					<row1>-0.186905 0.982378 0.000790</row1>
					<row2>-0.004007 -0.001566 0.999991</row2>
					<row3>-3.093906 -0.299244 3.884733</row3>
				</transform>
				<node>
					<identifier>Oilcloth_33_BlendBone</identifier>
					<transform>
						<row0>0.982370 -0.186905 -0.004007</row0>
						<row1>0.186900 0.982378 -0.001566</row1>
						<row2>-0.004230 -0.000790 -0.999991</row2>
						<row3>3.078857 -0.287366 -3.897563</row3>
					</transform>
				</node>
			</node>
			<node>
				<identifier>Oilcloth_34</identifier>
				<transform>
					<row0>0.991396 0.130618 0.008562</row0>
					<row1>-0.130012 0.990173 -0.051522</row1>
					<row2>-0.015207 0.049966 0.998635</row2>
					<row3>-2.034553 -0.069936 3.890428</row3>
				</transform>
				<node>
					<identifier>Oilcloth_34_BlendBone</identifier>
					<transform>
						<row0>0.991396 -0.130012 -0.015207</row0>
						<row1>0.130618 0.990173 0.049966</row1>
						<row2>-0.008562 0.051522 -0.998635</row2>
						<row3>1.992874 0.005175 -3.912564</row3>
					</transform>
				</node>
			</node>
			<node>
				<identifier>Oilcloth_35</identifier>
				<transform>
					<row0>0.992233 0.124395 -0.000684</row0>
					<row1>-0.124387 0.992209 0.006973</row1>
					<row2>0.001546 -0.006833 0.999975</row2>
					<row3>-1.080551 0.022722 3.897784</row3>
				</transform>
				<node>
					<identifier>Oilcloth_35_BlendBone</identifier>
					<transform>
						<row0>0.992233 -0.124387 0.001546</row0>
						<row1>0.124395 0.992209 -0.006833</row1>
						<row2>0.000684 -0.006973 -0.999976</row2>
						<row3>1.071997 -0.184130 -3.895864</row3>
					</transform>
				</node>
			</node>
			<node>
				<identifier>Oilcloth_36</identifier>
				<transform>
					<row0>0.982495 0.186111 0.008086</row0>
					<row1>-0.185368 0.972422 0.141539</row1>
					<row2>0.018479 -0.140560 0.989900</row2>
					<row3>-2.808091 -0.099608 2.597495</row3>
				</transform>
				<node>
					<identifier>Oilcloth_36_BlendBone</identifier>
					<transform>
						<row0>0.982495 -0.185368 0.018479</row0>
						<row1>0.186111 0.972422 -0.140560</row1>
						<row2>-0.008086 -0.141539 -0.989900</row2>
						<row3>2.756471 -0.791316 -2.533370</row3>
					</transform>
				</node>
			</node>
			<node>
				<identifier>Oilcloth_37</identifier>
				<transform>
					<row0>0.985944 0.166832 -0.009081</row0>
					<row1>-0.166982 0.985767 -0.019512</row1>
					<row2>0.005697 0.020754 0.999768</row2>
					<row3>-1.430249 -0.122538 2.595840</row3>
				</transform>
				<node>
					<identifier>Oilcloth_37_BlendBone</identifier>
					<transform>
						<row0>0.985943 -0.166982 0.005697</row0>
						<row1>0.166832 0.985767 0.020754</row1>
						<row2>0.009081 0.019512 -0.999768</row2>
						<row3>1.454161 -0.067383 -2.584548</row3>
					</transform>
				</node>
			</node>
			<node>
				<identifier>Oilcloth_38</identifier>
				<transform>
					<row0>0.968233 0.249993 -0.005240</row0>
					<row1>-0.249740 0.967867 0.029400</row1>
					<row2>0.012421 -0.027158 0.999554</row2>
					<row3>-1.492098 -0.098207 1.292263</row3>
				</transform>
				<node>
					<identifier>Oilcloth_38_BlendBone</identifier>
					<transform>
						<row0>0.968233 -0.249740 0.012421</row0>
						<row1>0.249993 0.967867 -0.027158</row1>
						<row2>0.005240 -0.029400 -0.999554</row2>
						<row3>1.476021 -0.315578 -1.275820</row3>
					</transform>
				</node>
			</node>
			<node>
				<identifier>Oilcloth_39</identifier>
				<transform>
					<row0>0.997466 0.070285 0.011052</row0>
					<row1>-0.070275 0.997527 -0.001263</row1>
					<row2>-0.011114 0.000483 0.999938</row2>
					<row3>-1.574861 -0.031110 -0.007517</row3>
				</transform>
				<node>
					<identifier>Oilcloth_39_BlendBone</identifier>
					<transform>
						<row0>0.997466 -0.070275 -0.011114</row0>
						<row1>0.070285 0.997527 0.000483</row1>
						<row2>-0.011052 0.001263 -0.999938</row2>
						<row3>1.573139 -0.079650 -0.009970</row3>
					</transform>
				</node>
			</node>
			<node>
				<identifier>Oilcloth_40</identifier>
				<transform>
					<row0>0.999162 -0.003816 -0.040742</row0>
					<row1>0.005454 0.999178 0.040173</row1>
					<row2>0.040556 -0.040362 0.998362</row2>
					<row3>-2.762830 -0.079548 -0.221252</row3>
				</transform>
				<node>
					<identifier>Oilcloth_40_BlendBone</identifier>
					<transform>
						<row0>0.999162 0.005454 0.040556</row0>
						<row1>-0.003816 0.999178 -0.040362</row1>
						<row2>0.040742 -0.040173 -0.998362</row2>
						<row3>2.751198 0.103441 0.329727</row3>
					</transform>
				</node>
			</node>
			<node>
				<identifier>Oilcloth_41</identifier>
				<transform>
					<row0>0.991272 0.131709 0.005630</row0>
					<row1>-0.131699 0.991287 -0.002151</row1>
					<row2>-0.005864 0.001391 0.999982</row2>
					<row3>-3.393641 -0.092773 -1.315518</row3>
				</transform>
				<node>
					<identifier>Oilcloth_41_BlendBone</identifier>
					<transform>
						<row0>0.991272 -0.131699 -0.005864</row0>
						<row1>0.131709 0.991287 0.001391</row1>
						<row2>-0.005630 0.002151 -0.999982</row2>
						<row3>3.383648 -0.357805 1.295722</row3>
					</transform>
				</node>
			</node>
			<node>
				<identifier>Oilcloth_42</identifier>
				<transform>
					<row0>1.000000 -0.000921 -0.000123</row0>
					<row1>0.000921 0.999991 0.004257</row1>
					<row2>0.000119 -0.004257 0.999991</row2>
					<row3>-1.505420 -0.038158 -1.316021</row3>
				</transform>
				<node>
					<identifier>Oilcloth_42_BlendBone</identifier>
					<transform>
						<row0>1.000000 0.000921 0.000119</row0>
						<row1>-0.000921 0.999991 -0.004257</row1>
						<row2>0.000123 -0.004257 -0.999991</row2>
						<row3>1.505223 0.045147 1.316026</row3>
					</transform>
				</node>
			</node>
			<node>
				<identifier>Oilcloth_43</identifier>
				<transform>
					<row0>0.999762 -0.009999 0.019385</row0>
					<row1>0.009889 0.999934 0.005764</row1>
					<row2>-0.019442 -0.005571 0.999795</row2>
					<row3>-1.502866 -0.034181 -2.617367</row3>
				</transform>
				<node>
					<identifier>Oilcloth_43_BlendBone</identifier>
					<transform>
						<row0>0.999762 0.009889 -0.019442</row0>
						<row1>-0.009999 0.999934 -0.005571</row1>
						<row2>-0.019385 -0.005764 -0.999795</row2>
						<row3>1.552905 0.064127 2.587423</row3>
					</transform>
				</node>
			</node>
			<node>
				<identifier>Oilcloth_44</identifier>
				<transform>
					<row0>0.998814 0.047591 0.010326</row0>
					<row1>-0.047789 0.998660 0.019868</row1>
					<row2>-0.009367 -0.020337 0.999749</row2>
					<row3>-2.824071 -0.030153 -2.613734</row3>
				</transform>
				<node>
					<identifier>Oilcloth_44_BlendBone</identifier>
					<transform>
						<row0>0.998814 -0.047789 -0.009367</row0>
						<row1>0.047591 0.998660 -0.020337</row1>
						<row2>-0.010326 -0.019868 -0.999749</row2>
						<row3>2.849144 -0.052920 2.586013</row3>
					</transform>
				</node>
			</node>
			<node>
				<identifier>Oilcloth_45</identifier>
				<transform>
					<row0>0.983171 -0.172802 -0.059283</row0>
					<row1>0.173079 0.984908 -0.000465</row1>
					<row2>0.058468 -0.009803 0.998241</row2>
					<row3>-4.149789 -0.166502 -2.921244</row3>
				</transform>
				<node>
					<identifier>Oilcloth_45_BlendBone</identifier>
					<transform>
						<row0>0.983171 0.173079 0.058468</row0>
						<row1>-0.172802 0.984908 -0.009803</row1>
						<row2>0.059283 0.000465 -0.998241</row2>
						<row3>3.878001 0.880872 3.157105</row3>
					</transform>
				</node>
			</node>
			<node>
				<identifier>Oilcloth_46</identifier>
				<transform>
					<row0>0.767092 -0.640519 0.036135</row0>
					<row1>0.638325 0.756410 -0.142777</row1>
					<row2>0.064118 0.132589 0.989095</row2>
					<row3>-5.360624 0.461735 -2.457304</row3>
				</transform>
				<node>
					<identifier>Oilcloth_46_BlendBone</identifier>
					<transform>
						<row0>0.767092 0.638325 0.064118</row0>
						<row1>-0.640519 0.756410 0.132589</row1>
						<row2>-0.036135 0.142777 -0.989095</row2>
						<row3>4.496636 2.721716 2.713000</row3>
					</transform>
				</node>
			</node>
			<node>
				<identifier>Oilcloth_47</identifier>
				<transform>
					<row0>0.994539 -0.086757 -0.058015</row0>
					<row1>0.086036 0.996182 -0.014809</row1>
					<row2>0.059078 0.009736 0.998206</row2>
					<row3>-4.170882 -0.146840 -1.971002</row3>
				</transform>
				<node>
					<identifier>Oilcloth_47_BlendBone</identifier>
					<transform>
						<row0>0.994539 0.086036 0.059078</row0>
						<row1>-0.086757 0.996182 0.009736</row1>
						<row2>0.058015 0.014809 -0.998206</row2>
						<row3>4.021019 0.475938 2.215302</row3>
					</transform>
				</node>
			</node>
			<node>
				<identifier>Oilcloth_48</identifier>
				<transform>
					<row0>0.944223 -0.327835 0.031098</row0>
					<row1>0.329255 0.941532 -0.071477</row1>
					<row2>-0.005848 0.077729 0.996957</row2>
					<row3>-5.321185 0.232857 -3.278713</row3>
				</transform>
				<node>
					<identifier>Oilcloth_48_BlendBone</identifier>
					<transform>
						<row0>0.944223 0.329255 -0.005848</row0>
						<row1>-0.327835 0.941532 0.077729</row1>
						<row2>-0.031098 0.071477 -0.996957</row2>
						<row3>5.202688 1.298430 3.219521</row3>
					</transform>
				</node>
			</node>
			<node>
				<identifier>Oilcloth_49</identifier>
				<transform>
					<row0>0.999852 -0.011963 -0.012356</row0>
					<row1>0.012082 0.999880 0.009670</row1>
					<row2>0.012239 -0.009818 0.999877</row2>
					<row3>-1.532769 -0.016384 -3.950524</row3>
				</transform>
				<node>
					<identifier>Oilcloth_49_BlendBone</identifier>
					<transform>
						<row0>0.999852 0.012082 0.012239</row0>
						<row1>-0.011963 0.999880 -0.009818</row1>
						<row2>0.012356 -0.009670 -0.999877</row2>
						<row3>1.483533 0.073105 3.968637</row3>
					</transform>
				</node>
			</node>
			<node>
				<identifier>Oilcloth_50</identifier>
				<transform>
					<row0>0.999283 0.024498 -0.028859</row0>
					<row1>-0.024492 0.999700 0.000542</row1>
					<row2>0.028864 0.000165 0.999583</row2>
					<row3>-2.853648 -0.016616 -3.965416</row3>
				</transform>
				<node>
					<identifier>Oilcloth_50_BlendBone</identifier>
					<transform>
						<row0>0.999283 -0.024492 0.028864</row0>
						<row1>0.024498 0.999700 0.000165</row1>
						<row2>0.028859 -0.000542 -0.999583</row2>
						<row3>2.737572 -0.051132 4.046133</row3>
					</transform>
				</node>
			</node>
			<node>
				<identifier>Oilcloth_51</identifier>
				<transform>
					<row0>0.978807 -0.204637 0.007768</row0>
					<row1>0.204449 0.978672 0.020042</row1>
					<row2>-0.011704 -0.018029 0.999769</row2>
					<row3>-4.158268 -0.143381 -3.981426</row3>
				</transform>
				<node>
					<identifier>Oilcloth_51_BlendBone</identifier>
					<transform>
						<row0>0.978807 0.204449 -0.011704</row0>
						<row1>-0.204637 0.978672 -0.018029</row1>
						<row2>-0.007768 -0.020042 -0.999769</row2>
						<row3>4.071732 1.070276 3.929252</row3>
					</transform>
				</node>
			</node>
			<node>
				<identifier>Oilcloth_52</identifier>
				<transform>
					<row0>0.981712 -0.186405 0.038654</row0>
					<row1>0.187211 0.982148 -0.018359</row1>
					<row2>-0.034542 0.025260 0.999084</row2>
					<row3>-5.177020 0.099952 -4.384135</row3>
				</transform>
				<node>
					<identifier>Oilcloth_52_BlendBone</identifier>
					<transform>
						<row0>0.981712 0.187211 -0.034542</row0>
						<row1>-0.186405 0.982148 0.025260</row1>
						<row2>-0.038654 0.018359 -0.999084</row2>
						<row3>5.270441 0.790537 4.198769</row3>
					</transform>
				</node>
			</node>
			<node>
				<identifier>Oilcloth_53</identifier>
				<transform>
					<row0>0.929085 0.368366 -0.033277</row0>
					<row1>-0.368460 0.929637 0.003494</row1>
					<row2>0.032222 0.009015 0.999440</row2>
					<row3>-6.219147 -0.044592 -3.965429</row3>
				</transform>
				<node>
					<identifier>Oilcloth_53_BlendBone</identifier>
					<transform>
						<row0>0.929085 -0.368460 0.032222</row0>
						<row1>0.368366 0.929637 0.009015</row1>
						<row2>0.033277 -0.003494 -0.999440</row2>
						<row3>5.662586 -2.236195 4.164008</row3>
					</transform>
				</node>
			</node>
			<node>
				<identifier>Oilcloth_54</identifier>
				<transform>
					<row0>0.999999 0.000127 -0.001714</row0>
					<row1>-0.000146 0.999938 -0.011140</row1>
					<row2>0.001713 0.011141 0.999936</row2>
					<row3>-1.546281 0.006314 -5.240405</row3>
				</transform>
				<node>
					<identifier>Oilcloth_54_BlendBone</identifier>
					<transform>
						<row0>0.999999 -0.000146 0.001713</row0>
						<row1>0.000127 0.999938 0.011141</row1>
						<row2>0.001714 0.011140 -0.999937</row2>
						<row3>1.537294 -0.064919 5.242651</row3>
					</transform>
				</node>
			</node>
			<node>
				<identifier>Oilcloth_55</identifier>
				<transform>
					<row0>0.999748 0.020576 0.008949</row0>
					<row1>-0.020702 0.999685 0.014202</row1>
					<row2>-0.008654 -0.014383 0.999859</row2>
					<row3>-2.843653 0.002193 -5.239861</row3>
				</transform>
				<node>
					<identifier>Oilcloth_55_BlendBone</identifier>
					<transform>
						<row0>0.999748 -0.020702 -0.008654</row0>
						<row1>0.020576 0.999685 -0.014383</row1>
						<row2>-0.008949 -0.014202 -0.999859</row2>
						<row3>2.889786 0.013355 5.214544</row3>
					</transform>
				</node>
			</node>
			<node>
				<identifier>Oilcloth_56</identifier>
				<transform>
					<row0>0.996593 0.082455 0.002085</row0>
					<row1>-0.082470 0.996553 0.009003</row1>
					<row2>-0.001335 -0.009144 0.999957</row2>
					<row3>-2.839954 0.026317 -6.530416</row3>
				</transform>
				<node>
					<identifier>Oilcloth_56_BlendBone</identifier>
					<transform>
						<row0>0.996593 -0.082470 -0.001335</row0>
						<row1>0.082455 0.996553 -0.009144</row1>
						<row2>-0.002085 -0.009003 -0.999957</row2>
						<row3>2.841720 -0.201644 6.526586</row3>
					</transform>
				</node>
			</node>
			<node>
				<identifier>Oilcloth_57</identifier>
				<transform>
					<row0>0.999297 -0.037454 -0.001787</row0>
					<row1>0.037484 0.996518 0.074476</row1>
					<row2>-0.001009 -0.074491 0.997221</row2>
					<row3>-1.529992 0.003564 -6.530860</row3>
				</transform>
				<node>
					<identifier>Oilcloth_57_BlendBone</identifier>
					<transform>
						<row0>0.999297 0.037484 -0.001009</row0>
						<row1>-0.037454 0.996518 -0.074491</row1>
						<row2>0.001787 -0.074476 -0.997221</row2>
						<row3>1.517380 0.540193 6.511436</row3>
					</transform>
				</node>
			</node>
			<node>
				<identifier>Oilcloth_58</identifier>
				<transform>
					<row0>0.998905 0.046576 0.004386</row0>
					<row1>-0.046564 0.998911 -0.002771</row1>
					<row2>-0.004510 0.002564 0.999987</row2>
					<row3>-1.540303 0.097329 -7.825129</row3>
				</transform>
				<node>
					<identifier>Oilcloth_58_BlendBone</identifier>
					<transform>
						<row0>0.998905 -0.046564 -0.004510</row0>
						<row1>0.046576 0.998912 0.002564</row1>
						<row2>-0.004386 0.002771 -0.999987</row2>
						<row3>1.568403 -0.190632 7.817829</row3>
					</transform>
				</node>
			</node>
			<node>
				<identifier>Oilcloth_59</identifier>
				<transform>
					<row0>0.992983 0.118117 0.005747</row0>
					<row1>-0.116895 0.987745 -0.103423</row1>
					<row2>-0.017892 0.102026 0.994621</row2>
					<row3>-2.843247 -0.042298 -7.828373</row3>
				</transform>
				<node>
					<identifier>Oilcloth_59_BlendBone</identifier>
					<transform>
						<row0>0.992983 -0.116895 -0.017892</row0>
						<row1>0.118117 0.987745 0.102026</row1>
						<row2>-0.005747 0.103423 -0.994621</row2>
						<row3>2.873282 -1.100216 7.739705</row3>
					</transform>
				</node>
			</node>
			<node>
				<identifier>Oilcloth_60</identifier>
				<transform>
					<row0>0.999641 0.026792 -0.000581</row0>
					<row1>-0.026499 0.991474 0.127583</row1>
					<row2>0.003994 -0.127522 0.991828</row2>
					<row3>-2.866580 -0.026338 -9.117208</row3>
				</transform>
				<node>
					<identifier>Oilcloth_60_BlendBone</identifier>
					<transform>
						<row0>0.999641 -0.026499 0.003994</row0>
						<row1>0.026792 0.991474 -0.127522</row1>
						<row2>0.000581 -0.127583 -0.991828</row2>
						<row3>2.860963 1.113354 9.050790</row3>
					</transform>
				</node>
			</node>
			<node>
				<identifier>Oilcloth_61</identifier>
				<transform>
					<row0>0.998627 0.051659 -0.008731</row0>
					<row1>-0.051656 0.998665 0.000550</row1>
					<row2>0.008747 -0.000098 0.999962</row2>
					<row3>-1.538873 -0.020257 -9.123499</row3>
				</transform>
				<node>
					<identifier>Oilcloth_61_BlendBone</identifier>
					<transform>
						<row0>0.998627 -0.051656 0.008747</row0>
						<row1>0.051659 0.998665 -0.000098</row1>
						<row2>0.008731 -0.000550 -0.999962</row2>
						<row3>1.458152 -0.054247 9.136609</row3>
					</transform>
				</node>
			</node>
			<node>
				<identifier>Oilcloth_62</identifier>
				<transform>
					<row0>0.998754 -0.049852 -0.002243</row0>
					<row1>0.049603 0.996682 -0.064536</row1>
					<row2>0.005453 0.064345 0.997913</row2>
					<row3>-1.568224 -0.038922 -10.429325</row3>
				</transform>
				<node>
					<identifier>Oilcloth_62_BlendBone</identifier>
					<transform>
						<row0>0.998754 0.049603 0.005453</row0>
						<row1>-0.049852 0.996682 0.064345</row1>
						<row2>0.002243 0.064536 -0.997913</row2>
						<row3>1.540939 -0.556488 10.418612</row3>
					</transform>
				</node>
			</node>
			<node>
				<identifier>Oilcloth_63</identifier>
				<transform>
					<row0>0.998441 0.054769 -0.010797</row0>
					<row1>-0.055766 0.969912 -0.236981</row1>
					<row2>-0.002507 0.237214 0.971454</row2>
					<row3>-2.863210 -0.068137 -10.415620</row3>
				</transform>
				<node>
					<identifier>Oilcloth_63_BlendBone</identifier>
					<transform>
						<row0>0.998441 -0.055766 -0.002507</row0>
						<row1>0.054769 0.969912 0.237214</row1>
						<row2>0.010797 0.236981 -0.971454</row2>
						<row3>2.750021 -2.561892 10.127282</row3>
					</transform>
				</node>
			</node>
			<node>
				<identifier>Oilcloth_64</identifier>
				<transform>
					<row0>0.992786 0.118835 -0.015932</row0>
					<row1>-0.119856 0.987162 -0.105576</row1>
					<row2>0.003181 0.106724 0.994284</row2>
					<row3>-4.234705 -0.156383 -10.402522</row3>
				</transform>
				<node>
					<identifier>Oilcloth_64_BlendBone</identifier>
					<transform>
						<row0>0.992786 -0.119856 0.003181</row0>
						<row1>0.118835 0.987162 0.106724</row1>
						<row2>0.015932 0.105576 -0.994284</row2>
						<row3>4.057007 -1.451438 10.373220</row3>
					</transform>
				</node>
			</node>
			<node>
				<identifier>Oilcloth_65</identifier>
				<transform>
					<row0>0.998865 0.045992 -0.012414</row0>
					<row1>-0.045542 0.998372 0.034353</row1>
					<row2>0.013974 -0.033749 0.999333</row2>
					<row3>-4.185107 -0.064091 -9.117520</row3>
				</transform>
				<node>
					<identifier>Oilcloth_65_BlendBone</identifier>
					<transform>
						<row0>0.998865 -0.045542 0.013974</row0>
						<row1>0.045992 0.998372 -0.033749</row1>
						<row2>0.012414 -0.034353 -0.999333</row2>
						<row3>4.070120 0.186604 9.167752</row3>
					</transform>
				</node>
			</node>
			<node>
				<identifier>Oilcloth_66</identifier>
				<transform>
					<row0>0.999671 -0.024965 0.005815</row0>
					<row1>0.024824 0.999422 0.023237</row1>
					<row2>-0.006392 -0.023085 0.999713</row2>
					<row3>-4.165981 -0.160782 -7.820089</row3>
				</transform>
				<node>
					<identifier>Oilcloth_66_BlendBone</identifier>
					<transform>
						<row0>0.999671 0.024824 -0.006392</row0>
						<row1>-0.024965 0.999422 -0.023085</row1>
						<row2>-0.005815 -0.023237 -0.999713</row2>
						<row3>4.206071 0.445818 7.787507</row3>
					</transform>
				</node>
			</node>
			<node>
				<identifier>Oilcloth_67</identifier>
				<transform>
					<row0>0.998608 -0.052429 -0.005793</row0>
					<row1>0.052341 0.998524 -0.014468</row1>
					<row2>0.006543 0.014145 0.999879</row2>
					<row3>-4.162454 -0.171164 -6.531102</row3>
				</transform>
				<node>
					<identifier>Oilcloth_67_BlendBone</identifier>
					<transform>
						<row0>0.998608 0.052341 0.006543</row0>
						<row1>-0.052429 0.998524 0.014145</row1>
						<row2>0.005793 0.014468 -0.999879</row2>
						<row3>4.109851 0.294284 6.559965</row3>
					</transform>
				</node>
			</node>
			<node>
				<identifier>Oilcloth_68</identifier>
				<transform>
					<row0>0.988669 -0.150090 0.002729</row0>
					<row1>0.149976 0.986815 -0.060856</row1>
					<row2>0.006441 0.060576 0.998143</row2>
					<row3>-4.154088 -0.124225 -5.257652</row3>
				</transform>
				<node>
					<identifier>Oilcloth_68_BlendBone</identifier>
					<transform>
						<row0>0.988669 0.149976 0.006441</row0>
						<row1>-0.150089 0.986815 0.060576</row1>
						<row2>-0.002729 0.060856 -0.998143</row2>
						<row3>4.102718 0.425640 5.282170</row3>
					</transform>
				</node>
			</node>
			<node>
				<identifier>Oilcloth_69</identifier>
