<?xml version="1.0" encoding="utf-8"?>
<root>
	<node>
		<identifier>Scene Root</identifier>
		<transform>
			<row0>1.000000 0.000000 0.000000</row0>
			<row1>0.000000 1.000000 0.000000</row1>
			<row2>0.000000 0.000000 1.000000</row2>
			<row3>0.000000 0.000000 0.000000</row3>
		</transform>
		<node>
			<identifier>Tent_Root</identifier>
			<transform>
				<row0>1.000000 0.000000 0.000000</row0>
				<row1>0.000000 1.000000 0.000000</row1>
				<row2>0.000000 0.000000 1.000000</row2>
				<row3>0.000000 0.000000 0.000000</row3>
			</transform>
			<node>
				<identifier>Tent_Bones01</identifier>
				<transform>
					<row0>0.998640 0.029461 0.043013</row0>
					<row1>0.044661 -0.057770 -0.997330</row1>
					<row2>-0.026898 0.997895 -0.059007</row2>
					<row3>-0.116194 4.086261 -0.170167</row3>
				</transform>
				<node>
					<identifier>Tent_Bones01_BlendBone</identifier>
					<transform>
						<row0>0.998640 0.044661 -0.026898</row0>
						<row1>0.029461 -0.057770 0.997895</row1>
						<row2>-0.043013 0.997330 0.059007</row2>
						<row3>0.002969 0.071541 -4.090827</row3>
					</transform>
				</node>
			</node>
			<node>
				<identifier>Tent_Bones02</identifier>
				<transform>
					<row0>0.997429 -0.006524 -0.071363</row0>
					<row1>-0.049435 -0.783600 -0.619296</row1>
					<row2>-0.051880 0.621232 -0.781908</row2>
					<row3>-0.525909 4.048558 -0.145124</row3>
				</transform>
				<node>
					<identifier>Tent_Bones02_BlendBone</identifier>
					<transform>
						<row0>0.997429 -0.049434 -0.051880</row0>
						<row1>-0.006524 -0.783600 0.621232</row1>
						<row2>0.071363 0.619296 0.781907</row2>
						<row3>0.540614 3.056575 -2.655850</row3>
					</transform>
				</node>
			</node>
			<node>
				<identifier>Tent_Bones03</identifier>
				<transform>
					<row0>0.991767 0.082674 0.097786</row0>
					<row1>0.126461 -0.512381 -0.849396</row1>
					<row2>-0.020119 0.854769 -0.518618</row2>
					<row3>0.822902 4.112238 -0.162051</row3>
				</transform>
				<node>
					<identifier>Tent_Bones03_BlendBone</identifier>
					<transform>
						<row0>0.991768 0.126461 -0.020119</row0>
						<row1>0.082674 -0.512381 0.854769</row1>
						<row2>-0.097786 0.849396 0.518618</row2>
						<row3>-1.140258 1.865322 -3.582501</row3>
					</transform>
				</node>
			</node>
			<node>
				<identifier>Tent_Bones04</identifier>
				<transform>
					<row0>0.995375 -0.069404 -0.066414</row0>
					<row1>-0.092412 -0.503094 -0.859277</row1>
					<row2>0.026225 0.861440 -0.507181</row2>
					<row3>-1.369630 4.159008 -0.057451</row3>
				</transform>
				<node>
					<identifier>Tent_Bones04_BlendBone</identifier>
					<transform>
						<row0>0.995376 -0.092412 0.026225</row0>
						<row1>-0.069404 -0.503094 0.861440</row1>
						<row2>0.066414 0.859277 0.507181</row2>
						<row3>1.648131 1.916437 -3.575956</row3>
					</transform>
				</node>
			</node>
			<node>
				<identifier>Tent_Bones05</identifier>
				<transform>
					<row0>0.984491 0.108051 0.138209</row0>
					<row1>0.175351 -0.630200 -0.756373</row1>
					<row2>0.005372 0.768878 -0.639373</row2>
					<row3>1.118053 4.121394 -0.142420</row3>
				</transform>
				<node>
					<identifier>Tent_Bones05_BlendBone</identifier>
					<transform>
						<row0>0.984491 0.175351 0.005372</row0>
						<row1>0.108051 -0.630200 0.768878</row1>
						<row2>-0.138209 0.756373 0.639373</row2>
						<row3>-1.526351 2.293526 -3.265916</row3>
					</transform>
				</node>
			</node>
			<node>
				<identifier>Tent_Bones06</identifier>
				<transform>
					<row0>0.994279 0.088563 0.059720</row0>
					<row1>-0.053410 0.896373 -0.440072</row1>
					<row2>-0.092506 0.434365 0.895974</row2>
					<row3>1.324033 4.195084 -0.025273</row3>
				</transform>
				<node>
					<identifier>Tent_Bones06_BlendBone</identifier>
					<transform>
						<row0>0.994279 -0.053410 -0.092506</row0>
						<row1>0.088563 0.896373 0.434365</row1>
						<row2>-0.059720 0.440072 -0.895974</row2>
						<row3>-1.686478 -3.700764 -1.677073</row3>
					</transform>
				</node>
			</node>
			<node>
				<identifier>Tent_Bones07</identifier>
				<transform>
					<row0>0.981496 -0.181299 -0.061612</row0>
					<row1>0.175146 0.980064 -0.093804</row1>
					<row2>0.077390 0.081277 0.993682</row2>
					<row3>-1.087317 4.196010 -0.012442</row3>
				</transform>
				<node>
					<identifier>Tent_Bones07_BlendBone</identifier>
					<transform>
						<row0>0.981496 0.175146 0.077390</row0>
						<row1>-0.181299 0.980064 0.081277</row1>
						<row2>0.061612 0.093804 -0.993683</row2>
						<row3>1.827164 -3.923085 -0.244526</row3>
					</transform>
				</node>
			</node>
			<node>
				<identifier>Tent_Bones08</identifier>
				<transform>
					<row0>0.939839 0.030885 0.340219</row0>
					<row1>0.281722 -0.633370 -0.720747</row1>
					<row2>0.193224 0.773233 -0.603966</row2>
					<row3>2.153426 4.297937 0.032812</row3>
				</transform>
				<node>
					<identifier>Tent_Bones08_BlendBone</identifier>
					<transform>
						<row0>0.939839 0.281722 0.193224</row0>
						<row1>0.030885 -0.633370 0.773233</row1>
						<row2>-0.340219 0.720747 0.603966</row2>
						<row3>-2.167779 2.139164 -3.719583</row3>
					</transform>
				</node>
			</node>
			<node>
				<identifier>Tent_Bones09</identifier>
				<transform>
					<row0>0.993549 0.007095 0.113179</row0>
					<row1>0.007762 0.991445 -0.130293</row1>
					<row2>-0.113135 0.130331 0.984994</row2>
					<row3>-0.202159 4.137446 -0.070706</row3>
				</transform>
				<node>
					<identifier>Tent_Bones09_BlendBone</identifier>
					<transform>
						<row0>0.993549 0.007762 -0.113135</row0>
						<row1>0.007095 0.991445 0.130331</row1>
						<row2>-0.113179 0.130293 -0.984994</row2>
						<row3>0.179502 -4.109695 -0.492465</row3>
					</transform>
				</node>
			</node>
			<node>
				<identifier>Tent_Bones10</identifier>
				<transform>
					<row0>0.996451 -0.050075 0.067657</row0>
					<row1>0.073674 0.130126 -0.988757</row1>
					<row2>0.040708 0.990232 0.133353</row2>
					<row3>-0.889845 3.729366 -0.162021</row3>
				</transform>
				<node>
					<identifier>Tent_Bones10_BlendBone</identifier>
					<transform>
						<row0>0.996451 0.073674 0.040708</row0>
						<row1>-0.050075 0.130126 0.990232</row1>
						<row2>-0.067657 0.988757 -0.133353</row2>
						<row3>1.084398 -0.579927 -3.635108</row3>
					</transform>
				</node>
			</node>
			<node>
				<identifier>Tent_Bones11</identifier>
				<transform>
					<row0>0.996592 -0.072988 0.038425</row0>
					<row1>0.021184 -0.223744 -0.974418</row1>
					<row2>0.079718 0.971911 -0.221435</row2>
					<row3>-0.330820 3.607403 -0.128054</row3>
				</transform>
				<node>
					<identifier>Tent_Bones11_BlendBone</identifier>
					<transform>
						<row0>0.996592 0.021184 0.079718</row0>
						<row1>-0.072988 -0.223744 0.971911</row1>
						<row2>-0.038425 0.974418 0.221435</row2>
						<row3>0.597909 0.689364 -3.508059</row3>
					</transform>
				</node>
			</node>
			<node>
				<identifier>Tent_Bones12</identifier>
				<transform>
					<row0>0.906592 0.390528 0.159931</row0>
					<row1>0.220870 -0.116172 -0.968360</row1>
					<row2>-0.359592 0.913232 -0.191576</row2>
					<row3>1.510178 0.794531 -0.180280</row3>
				</transform>
				<node>
					<identifier>Tent_Bones12_BlendBone</identifier>
					<transform>
						<row0>0.906592 0.220870 -0.359592</row0>
						<row1>0.390528 -0.116172 0.913232</row1>
						<row2>-0.159931 0.968360 0.191576</row2>
						<row3>-1.650571 -0.415827 -0.217080</row3>
					</transform>
				</node>
			</node>
			<node>
				<identifier>Tent_Bones13</identifier>
				<transform>
					<row0>0.954640 -0.253759 0.155786</row0>
					<row1>0.117594 -0.159365 -0.980191</row1>
					<row2>0.273559 0.954049 -0.122295</row2>
					<row3>1.151555 3.670221 -0.067439</row3>
				</transform>
				<node>
					<identifier>Tent_Bones13_BlendBone</identifier>
					<transform>
						<row0>0.954640 0.117594 0.273559</row0>
						<row1>-0.253759 -0.159365 0.954049</row1>
						<row2>-0.155786 0.980191 0.122295</row2>
						<row3>-0.157462 0.383384 -3.824837</row3>
					</transform>
				</node>
			</node>
			<node>
				<identifier>Tent_Bones14</identifier>
				<transform>
					<row0>0.959995 -0.279580 -0.015619</row0>
					<row1>0.000554 0.057676 -0.998335</row1>
					<row2>0.280016 0.958388 0.055524</row2>
					<row3>1.002216 1.872845 -0.120773</row3>
				</transform>
				<node>
					<identifier>Tent_Bones14_BlendBone</identifier>
					<transform>
						<row0>0.959995 0.000554 0.280016</row0>
						<row1>-0.279580 0.057676 0.958388</row1>
						<row2>0.015619 0.998335 -0.055524</row2>
						<row3>-0.440398 -0.229146 -2.068844</row3>
					</transform>
				</node>
			</node>
			<node>
				<identifier>Tent_Bones15</identifier>
				<transform>
					<row0>0.902991 0.315663 -0.291487</row0>
					<row1>-0.156508 -0.390150 -0.907352</row1>
					<row2>-0.400141 0.864951 -0.302898</row2>
					<row3>-1.936411 4.027360 -0.100353</row3>
				</transform>
				<node>
					<identifier>Tent_Bones15_BlendBone</identifier>
					<transform>
						<row0>0.902991 -0.156508 -0.400141</row0>
						<row1>0.315663 -0.390150 0.864951</row1>
						<row2>0.291487 0.907352 0.302898</row2>
						<row3>0.448020 1.177156 -4.288702</row3>
					</transform>
				</node>
			</node>
			<node>
				<identifier>Tent_Bones16</identifier>
				<transform>
					<row0>0.455899 0.817871 0.351059</row0>
					<row1>0.307573 0.225359 -0.924452</row1>
					<row2>-0.835197 0.529433 -0.148814</row2>
					<row3>-2.067108 3.418581 -0.121769</row3>
				</transform>
				<node>
					<identifier>Tent_Bones16_BlendBone</identifier>
					<transform>
						<row0>0.455899 0.307573 -0.835197</row0>
						<row1>0.817871 0.225359 0.529433</row1>
						<row2>-0.351059 0.924452 0.148814</row2>
						<row3>-1.810818 -0.247191 -3.554475</row3>
					</transform>
				</node>
			</node>
			<node>
				<identifier>Tent_Bones17</identifier>
				<transform>
					<row0>0.880987 -0.472785 0.018323</row0>
					<row1>-0.022040 -0.079691 -0.996576</row1>
					<row2>0.472627 0.877567 -0.080627</row2>
					<row3>-1.282572 2.493541 -0.083018</row3>
				</transform>
				<node>
					<identifier>Tent_Bones17_BlendBone</identifier>
					<transform>
						<row0>0.880987 -0.022040 0.472627</row0>
						<row1>-0.472785 -0.079691 0.877567</row1>
						<row2>-0.018323 0.996576 0.080627</row2>
						<row3>2.310360 0.087711 -1.588765</row3>
					</transform>
				</node>
			</node>
			<node>
				<identifier>Tent_Bones19</identifier>
				<transform>
					<row0>0.901904 0.430366 0.036801</row0>
					<row1>-0.014622 0.115571 -0.993192</row1>
					<row2>-0.431689 0.895226 0.110527</row2>
					<row3>2.536039 4.093740 0.086025</row3>
				</transform>
				<node>
					<identifier>Tent_Bones19_BlendBone</identifier>
					<transform>
						<row0>0.901904 -0.014622 -0.431689</row0>
						<row1>0.430366 0.115571 0.895226</row1>
						<row2>-0.036801 0.993192 -0.110527</row2>
						<row3>-4.052235 -0.350597 -2.579549</row3>
					</transform>
				</node>
			</node>
			<node>
				<identifier>Tent_Bones20</identifier>
				<transform>
					<row0>0.741048 0.621434 0.254297</row0>
					<row1>0.472647 -0.213778 -0.854929</row1>
					<row2>-0.476919 0.753736 -0.452139</row2>
					<row3>2.235314 2.974316 -0.075754</row3>
				</transform>
				<node>
					<identifier>Tent_Bones20_BlendBone</identifier>
					<transform>
						<row0>0.741048 0.472647 -0.476919</row0>
						<row1>0.621434 -0.213778 0.753736</row1>
						<row2>-0.254297 0.854929 0.452139</row2>
						<row3>-3.485554 -0.485438 -1.210038</row3>
					</transform>
				</node>
			</node>
			<node>
				<identifier>Tent_Bones21</identifier>
				<transform>
					<row0>0.654454 0.756045 -0.009251</row0>
					<row1>-0.014134 -0.000000 -0.999900</row1>
					<row2>-0.755969 0.654520 0.010686</row2>
					<row3>-2.429227 3.006378 -0.052054</row3>
				</transform>
				<node>
					<identifier>Tent_Bones21_BlendBone</identifier>
					<transform>
						<row0>0.654454 -0.014134 -0.755969</row0>
						<row1>0.756045 -0.000000 0.654520</row1>
						<row2>0.009251 0.999900 -0.010686</row2>
						<row3>-0.683620 -0.086382 -3.803599</row3>
					</transform>
				</node>
			</node>
			<node>
				<identifier>Tent_Bones22</identifier>
				<transform>
					<row0>0.635344 -0.283817 0.718183</row0>
					<row1>0.745942 -0.015030 -0.665841</row1>
					<row2>0.199771 0.958761 0.202162</row2>
					<row3>2.979620 1.106283 0.037438</row3>
				</transform>
				<node>
					<identifier>Tent_Bones22_BlendBone</identifier>
					<transform>
						<row0>0.635344 0.745942 0.199771</row0>
						<row1>-0.283817 -0.015030 0.958761</row1>
						<row2>-0.718183 0.665841 -0.202162</row2>
						<row3>-1.605988 -2.181070 -1.663471</row3>
					</transform>
				</node>
			</node>
			<node>
				<identifier>Tent_Bones23</identifier>
				<transform>
					<row0>0.997227 0.029116 0.068492</row0>
					<row1>0.056779 0.297344 -0.953081</row1>
					<row2>-0.048116 0.954326 0.294867</row2>
					<row3>-0.342155 0.951597 -0.174892</row3>
				</transform>
				<node>
					<identifier>Tent_Bones23_BlendBone</identifier>
					<transform>
						<row0>0.997227 0.056779 -0.048116</row0>
						<row1>0.029116 0.297344 0.954326</row1>
						<row2>-0.068492 0.953081 -0.294867</row2>
						<row3>0.325478 -0.430211 -0.873027</row3>
					</transform>
				</node>
			</node>
			<node>
				<identifier>Tent_Bones24</identifier>
				<transform>
					<row0>0.983849 -0.134362 0.118272</row0>
					<row1>0.158298 0.961544 -0.224445</row1>
					<row2>-0.083567 0.239542 0.967283</row2>
					<row3>-1.775839 4.332293 0.017814</row3>
				</transform>
				<node>
					<identifier>Tent_Bones24_BlendBone</identifier>
					<transform>
						<row0>0.983849 0.158298 -0.083567</row0>
						<row1>-0.134362 0.961544 0.239542</row1>
						<row2>-0.118272 0.224445 -0.967283</row2>
						<row3>2.327148 -3.880580 -1.203396</row3>
					</transform>
				</node>
			</node>
			<node>
				<identifier>Tent_Bones25</identifier>
				<transform>
					<row0>0.998065 0.027290 0.055870</row0>
					<row1>0.058963 -0.130140 -0.989741</row1>
					<row2>-0.019740 0.991120 -0.131497</row2>
					<row3>-0.312798 3.920808 -0.085209</row3>
				</transform>
				<node>
					<identifier>Tent_Bones25_BlendBone</identifier>
					<transform>
						<row0>0.998065 0.058963 -0.019740</row0>
						<row1>0.027290 -0.130140 0.991120</row1>
						<row2>-0.055870 0.989741 0.131497</row2>
						<row3>0.209953 0.444361 -3.903371</row3>
					</transform>
				</node>
			</node>
			<node>
				<identifier>Tent_Bones26</identifier>
				<transform>
					<row0>0.998238 -0.037102 0.046313</row0>
					<row1>0.044693 -0.043359 -0.998059</row1>
					<row2>0.039039 0.998370 -0.041625</row2>
					<row3>-1.118837 3.072483 -0.050771</row3>
				</transform>
				<node>
					<identifier>Tent_Bones26_BlendBone</identifier>
					<transform>
						<row0>0.998238 0.044693 0.039039</row0>
						<row1>-0.037102 -0.043359 0.998370</row1>
						<row2>-0.046313 0.998059 0.041625</row2>
						<row3>1.233213 0.132552 -3.025911</row3>
					</transform>
				</node>
			</node>
			<node>
				<identifier>Tent_Bones27</identifier>
				<transform>
					<row0>0.660541 -0.737377 0.141282</row0>
					<row1>0.359517 0.145451 -0.921733</row1>
					<row2>0.659115 0.659636 0.361176</row2>
					<row3>-2.175013 2.795070 -0.051318</row3>
				</transform>
				<node>
					<identifier>Tent_Bones27_BlendBone</identifier>
					<transform>
						<row0>0.660541 0.359517 0.659115</row0>
						<row1>-0.737377 0.145451 0.659636</row1>
						<row2>-0.141282 0.921733 -0.361176</row2>
						<row3>3.504956 0.328108 -0.391610</row3>
					</transform>
				</node>
			</node>
			<node>
				<identifier>Tent_Bones28</identifier>
				<transform>
					<row0>0.589656 -0.803784 0.078974</row0>
					<row1>0.132748 -0.000000 -0.991150</row1>
					<row2>0.796670 0.594921 0.106700</row2>
					<row3>2.322612 1.125026 -0.100753</row3>
				</transform>
				<node>
					<identifier>Tent_Bones28_BlendBone</identifier>
					<transform>
						<row0>0.589656 0.132748 0.796670</row0>
						<row1>-0.803784 -0.000000 0.594921</row1>
						<row2>-0.078974 0.991150 -0.106700</row2>
						<row3>-0.457308 -0.408182 -2.508908</row3>
					</transform>
				</node>
			</node>
			<node>
				<identifier>Tent_Bones29</identifier>
				<transform>
					<row0>0.994572 0.096929 0.037839</row0>
					<row1>0.070418 -0.359277 -0.930570</row1>
					<row2>-0.076604 0.928184 -0.364152</row2>
					<row3>-0.528786 0.095366 -0.181624</row3>
				</transform>
				<node>
					<identifier>Tent_Bones29_BlendBone</identifier>
					<transform>
						<row0>0.994572 0.070418 -0.076604</row0>
						<row1>0.096929 -0.359277 0.928184</row1>
						<row2>-0.037839 0.930571 0.364152</row2>
						<row3>0.523544 -0.097515 -0.195164</row3>
					</transform>
				</node>
			</node>
			<node>
				<identifier>Tent_Bones30</identifier>
				<transform>
					<row0>0.998766 -0.018997 0.045887</row0>
					<row1>0.015958 -0.752204 -0.658737</row1>
					<row2>0.047031 0.658657 -0.750972</row2>
					<row3>0.026969 0.085922 -0.166454</row3>
				</transform>
				<node>
					<identifier>Tent_Bones30_BlendBone</identifier>
					<transform>
						<row0>0.998766 0.015958 0.047031</row0>
						<row1>-0.018997 -0.752204 0.658657</row1>
						<row2>-0.045887 0.658737 0.750972</row2>
						<row3>-0.017665 -0.045449 -0.182864</row3>
					</transform>
				</node>
			</node>
			<node>
				<identifier>Tent_Bones31</identifier>
				<transform>
					<row0>0.989937 0.129062 0.058039</row0>
					<row1>0.059467 -0.007234 -0.998204</row1>
					<row2>-0.128411 0.991610 -0.014836</row2>
					<row3>2.054824 0.099148 -0.031455</row3>
				</transform>
				<node>
					<identifier>Tent_Bones31_BlendBone</identifier>
					<transform>
						<row0>0.989937 0.059467 -0.128411</row0>
						<row1>0.129062 -0.007234 0.991610</row1>
						<row2>-0.058039 0.998204 0.014836</row2>
						<row3>-2.045116 -0.152875 0.165078</row3>
					</transform>
				</node>
			</node>
			<node>
				<identifier>Tent_Bones32</identifier>
				<transform>
					<row0>0.997926 -0.002576 0.064325</row0>
					<row1>0.027820 -0.883830 -0.466981</row1>
					<row2>0.058055 0.467802 -0.881925</row2>
					<row3>0.869476 0.043705 -0.110039</row3>
				</transform>
				<node>
					<identifier>Tent_Bones32_BlendBone</identifier>
					<transform>
						<row0>0.997926 0.027820 0.058055</row0>
						<row1>-0.002576 -0.883830 0.467802</row1>
						<row2>-0.064325 0.466981 0.881925</row2>
						<row3>-0.860482 -0.036946 -0.167969</row3>
					</transform>
				</node>
			</node>
			<node>
				<identifier>Tent_Bones33</identifier>
				<transform>
					<row0>0.931425 0.342642 0.122651</row0>
					<row1>0.168765 -0.108069 -0.979714</row1>
					<row2>-0.322437 0.933229 -0.158485</row2>
					<row3>1.901483 3.244652 -0.009015</row3>
				</transform>
				<node>
					<identifier>Tent_Bones33_BlendBone</identifier>
					<transform>
						<row0>0.931425 0.168765 -0.322437</row0>
						<row1>0.342642 -0.108069 0.933229</row1>
						<row2>-0.122651 0.979714 0.158485</row2>
						<row3>-2.881739 0.020911 -2.416325</row3>
					</transform>
				</node>
			</node>
			<node>
				<identifier>Tent_Bones34</identifier>
				<transform>
					<row0>0.925232 0.376981 0.042782</row0>
					<row1>0.037358 0.021692 -0.999066</row1>
					<row2>-0.377557 0.925967 0.005987</row2>
					<row3>0.993947 2.859313 -0.050216</row3>
				</transform>
				<node>
					<identifier>Tent_Bones34_BlendBone</identifier>
					<transform>
						<row0>0.925232 0.037358 -0.377557</row0>
						<row1>0.376981 0.021692 0.925967</row1>
						<row2>-0.042782 0.999066 -0.005987</row2>
						<row3>-1.995390 -0.149326 -2.272057</row3>
					</transform>
				</node>
			</node>
			<node>
				<identifier>Tent_Bones35</identifier>
				<transform>
					<row0>0.989540 0.132086 0.057993</row0>
					<row1>0.059467 -0.007234 -0.998204</row1>
					<row2>-0.131429 0.991212 -0.015013</row2>
					<row3>-0.093974 2.021650 -0.117175</row3>
				</transform>
				<node>
					<identifier>Tent_Bones35_BlendBone</identifier>
					<transform>
						<row0>0.989540 0.059467 -0.131429</row0>
						<row1>0.132086 -0.007234 0.991212</row1>
						<row2>-0.057993 0.998204 0.015013</row2>
						<row3>-0.167245 -0.096752 -2.017994</row3>
					</transform>
				</node>
			</node>
			<node>
				<identifier>Tent_Bones36</identifier>
				<transform>
					<row0>0.851093 0.228629 0.472620</row0>
					<row1>0.469627 0.070925 -0.880012</row1>
					<row2>-0.234717 0.970927 -0.047007</row2>
					<row3>2.916253 2.091177 0.003129</row3>
				</transform>
				<node>
					<identifier>Tent_Bones36_BlendBone</identifier>
					<transform>
						<row0>0.851093 0.469627 -0.234717</row0>
						<row1>0.228629 0.070925 0.970927</row1>
						<row2>-0.472620 0.880012 0.047007</row2>
						<row3>-2.961584 -1.515113 -1.345738</row3>
					</transform>
				</node>
			</node>
			<node>
				<identifier>Tent_Bones37</identifier>
				<transform>
					<row0>0.964708 -0.256974 0.057471</row0>
					<row1>0.059468 0.000000 -0.998230</row1>
					<row2>0.256519 0.966418 0.015282</row2>
					<row3>2.282976 1.935521 -0.089489</row3>
				</transform>
				<node>
					<identifier>Tent_Bones37_BlendBone</identifier>
					<transform>
						<row0>0.964708 0.059468 0.256519</row0>
						<row1>-0.256974 0.000000 0.966418</row1>
						<row2>-0.057471 0.998230 -0.015282</row2>
						<row3>-1.699884 -0.225095 -2.454782</row3>
					</transform>
				</node>
			</node>
			<node>
				<identifier>Tent_Bones38</identifier>
				<transform>
					<row0>0.989983 0.068023 0.123721</row0>
					<row1>0.132504 -0.145054 -0.980511</row1>
					<row2>-0.048751 0.987083 -0.152615</row2>
					<row3>0.695552 0.931118 -0.194527</row3>
				</transform>
				<node>
					<identifier>Tent_Bones38_BlendBone</identifier>
					<transform>
						<row0>0.989983 0.132504 -0.048751</row0>
						<row1>0.068023 -0.145054 0.987083</row1>
						<row2>-0.123721 0.980511 0.152615</row2>
						<row3>-0.727854 -0.147836 -0.914870</row3>
					</transform>
				</node>
			</node>
			<node>
				<identifier>Tent_Bones39</identifier>
				<transform>
					<row0>0.999221 0.011531 0.037740</row0>
					<row1>0.039106 -0.417697 -0.907744</row1>
					<row2>0.005297 0.908513 -0.417823</row2>
					<row3>-2.130495 0.052536 -0.166453</row3>
				</transform>
				<node>
					<identifier>Tent_Bones39_BlendBone</identifier>
					<transform>
						<row0>0.999221 0.039106 0.005297</row0>
						<row1>0.011531 -0.417697 0.908513</row1>
						<row2>-0.037740 0.907744 0.417823</row2>
						<row3>2.134512 -0.045838 -0.105992</row3>
					</transform>
				</node>
			</node>
			<node>
				<identifier>Tent_Bones40</identifier>
				<transform>
					<row0>0.848191 -0.483401 0.216552</row0>
					<row1>0.191422 -0.101461 -0.976250</row1>
					<row2>0.493892 0.869499 0.006475</row2>
					<row3>2.938416 0.085244 0.172526</row3>
				</transform>
				<node>
					<identifier>Tent_Bones40_BlendBone</identifier>
					<transform>
						<row0>0.848191 0.191422 0.493892</row0>
						<row1>-0.483401 -0.101461 0.869499</row1>
						<row2>-0.216552 0.976250 -0.006475</row2>
						<row3>-2.488492 -0.385400 -1.526496</row3>
					</transform>
				</node>
			</node>
			<node>
				<identifier>Tent_Bones41</identifier>
				<transform>
					<row0>0.998365 -0.034012 0.045938</row0>
					<row1>0.044706 -0.036143 -0.998346</row1>
					<row2>0.035616 0.998768 -0.034563</row2>
					<row3>-0.263476 2.535747 -0.052044</row3>
				</transform>
				<node>
					<identifier>Tent_Bones41_BlendBone</identifier>
					<transform>
						<row0>0.998365 0.044706 0.035616</row0>
						<row1>-0.034012 -0.036143 0.998768</row1>
						<row2>-0.045938 0.998346 0.034563</row2>
						<row3>0.351681 0.051470 -2.525037</row3>
					</transform>
				</node>
			</node>
			<node>
				<identifier>Tent_Bones43</identifier>
				<transform>
					<row0>0.203937 0.978923 -0.010933</row0>
					<row1>-0.088020 0.007212 -0.996093</row1>
					<row2>-0.975019 0.204103 0.087636</row2>
					<row3>-2.828264 1.244640 -0.128993</row3>
				</transform>
				<node>
					<identifier>Tent_Bones43_BlendBone</identifier>
					<transform>
						<row0>0.203937 -0.088020 -0.975019</row0>
						<row1>0.978923 0.007212 0.204103</row1>
						<row2>0.010933 0.996093 -0.087636</row2>
						<row3>-0.643029 -0.386410 -3.000341</row3>
					</transform>
				</node>
			</node>
			<node>
				<identifier>Tent_Bones44</identifier>
				<transform>
					<row0>0.721936 -0.687257 0.080537</row0>
					<row1>0.110869 -0.000000 -0.993835</row1>
					<row2>0.683020 0.726414 0.076195</row2>
					<row3>-2.827265 0.774053 -0.163344</row3>
				</transform>
				<node>
					<identifier>Tent_Bones44_BlendBone</identifier>
					<transform>
						<row0>0.721936 0.110869 0.683020</row0>
						<row1>-0.687257 -0.000000 0.726414</row1>
						<row2>-0.080537 0.993835 -0.076195</row2>
						<row3>2.586232 0.151118 1.381243</row3>
					</transform>
				</node>
			</node>
			<node>
				<identifier>Tent_Bones45</identifier>
				<transform>
					<row0>-0.159737 -0.986872 -0.023820</row0>
					<row1>0.059462 0.014467 -0.998126</row1>
					<row2>0.985367 -0.160854 0.056371</row2>
					<row3>-2.876446 0.431368 -0.169059</row3>
				</transform>
				<node>
					<identifier>Tent_Bones45_BlendBone</identifier>
					<transform>
						<row0>-0.159737 0.059462 0.985367</row0>
						<row1>-0.986872 0.014467 -0.160854</row1>
						<row2>0.023820 0.998126 -0.056371</row2>
						<row3>-0.037795 -0.003944 2.913273</row3>
					</transform>
				</node>
			</node>
			<node>
				<identifier>Tent_Bones46</identifier>
				<transform>
					<row0>0.999897 -0.008252 0.011756</row0>
					<row1>0.005991 -0.504255 -0.863534</row1>
					<row2>0.013054 0.863515 -0.504153</row2>
					<row3>-2.893334 0.054161 -0.160419</row3>
				</transform>
				<node>
					<identifier>Tent_Bones46_BlendBone</identifier>
					<transform>
						<row0>0.999897 0.005991 0.013054</row0>
						<row1>-0.008252 -0.504255 0.863515</row1>
						<row2>-0.011756 0.863534 0.504154</row2>
						<row3>2.895368 -0.093882 -0.089876</row3>
					</transform>
				</node>
			</node>
			<node>
				<identifier>Tent_Bones47</identifier>
				<transform>
					<row0>0.985424 0.040274 0.165282</row0>
					<row1>-0.078129 0.970190 0.229405</row1>
					<row2>-0.151116 -0.238974 0.959195</row2>
					<row3>0.601464 4.167675 0.017598</row3>
				</transform>
				<node>
					<identifier>Tent_Bones47_BlendBone</identifier>
					<transform>
						<row0>0.985424 -0.078129 -0.151116</row0>
						<row1>0.040274 0.970190 -0.238974</row1>
						<row2>-0.165282 -0.229405 -0.959195</row2>
						<row3>-0.763456 -4.000483 1.069979</row3>
					</transform>
				</node>
			</node>
			<node>
				<identifier>Tent_Bones48</identifier>
				<transform>
					<row0>0.298576 -0.946105 0.125451</row0>
					<row1>0.367662 -0.007278 -0.929931</row1>
					<row2>0.880725 0.323778 0.345674</row2>
					<row3>2.877749 3.474742 0.086460</row3>
				</transform>
				<node>
					<identifier>Tent_Bones48_BlendBone</identifier>
					<transform>
						<row0>0.298576 0.367662 0.880726</row0>
						<row1>-0.946105 -0.007278 0.323778</row1>
						<row2>-0.125451 0.929931 -0.345674</row2>
						<row3>2.417398 -0.952348 -3.689440</row3>
					</transform>
				</node>
			</node>
			<node>
				<identifier>Tent_Bones49</identifier>
				<transform>
					<row0>0.997190 -0.018579 0.072567</row0>
					<row1>0.073910 0.086475 -0.993509</row1>
					<row2>0.012183 0.996081 0.087605</row2>
					<row3>-0.264054 2.956043 -0.044333</row3>
				</transform>
				<node>
					<identifier>Tent_Bones49_BlendBone</identifier>
					<transform>
						<row0>0.997191 0.073910 0.012183</row0>
						<row1>-0.018579 0.086475 0.996081</row1>
						<row2>-0.072567 0.993509 -0.087605</row2>
						<row3>0.321449 -0.280153 -2.937356</row3>
					</transform>
				</node>
			</node>
			<node>
				<identifier>Tent_Bones50</identifier>
				<transform>
					<row0>0.778283 -0.627912 -0.000965</row0>
					<row1>-0.036065 -0.043166 -0.998417</row1>
					<row2>0.626877 0.777086 -0.056241</row2>
					<row3>-2.397759 2.439658 -0.086481</row3>
				</transform>
				<node>
					<identifier>Tent_Bones50_BlendBone</identifier>
					<transform>
						<row0>0.778283 -0.036065 0.626877</row0>
						<row1>-0.627912 -0.043166 0.777086</row1>
						<row2>0.000965 0.998417 0.056241</row2>
						<row3>3.397944 -0.067508 -0.397589</row3>
					</transform>
				</node>
			</node>
			<node>
				<identifier>Tent_Bones51</identifier>
				<transform>
					<row0>0.853394 0.513896 0.087348</row0>
					<row1>0.088865 0.021688 -0.995808</row1>
					<row2>-0.513636 0.857578 -0.027159</row2>
					<row3>-2.005368 1.032774 -0.184942</row3>
				</transform>
				<node>
					<identifier>Tent_Bones51_BlendBone</identifier>
					<transform>
						<row0>0.853394 0.088865 -0.513636</row0>
						<row1>0.513896 0.021688 0.857578</row1>
						<row2>-0.087348 0.995808 0.027159</row2>
						<row3>1.196785 -0.028358 -1.920736</row3>
					</transform>
				</node>
			</node>
			<node>
				<identifier>Tent_Bones52</identifier>
				<transform>
					<row0>0.986766 -0.144609 0.073352</row0>
					<row1>0.146210 0.597940 -0.788093</row1>
					<row2>0.070105 0.788388 0.611170</row2>
					<row3>-2.822085 4.534150 -0.122564</row3>
				</transform>
				<node>
					<identifier>Tent_Bones52_BlendBone</identifier>
					<transform>
						<row0>0.986766 0.146210 0.070105</row0>
						<row1>-0.144609 0.597940 0.788388</row1>
						<row2>-0.073352 0.788093 -0.611170</row2>
						<row3>3.449407 -2.395122 -3.301921</row3>
					</transform>
				</node>
			</node>
			<node>
				<identifier>Tent_Bones53</identifier>
				<transform>
					<row0>0.892293 -0.446073 -0.069517</row0>
					<row1>-0.081318 -0.007340 -0.996661</row1>
					<row2>0.444073 0.894967 -0.042823</row2>
					<row3>-2.831654 2.765222 -0.107545</row3>
				</transform>
				<node>
					<identifier>Tent_Bones53_BlendBone</identifier>
					<transform>
						<row0>0.892293 -0.081318 0.444073</row0>
						<row1>-0.446073 -0.007340 0.894967</row1>
						<row2>0.069517 0.996661 0.042823</row2>
						<row3>3.752679 -0.317153 -1.221925</row3>
					</transform>
				</node>
			</node>
			<node>
				<identifier>Tent_Bones54</identifier>
				<transform>
					<row0>0.225456 0.971967 0.066712</row0>
					<row1>-0.649654 0.201015 -0.733173</row1>
					<row2>-0.726030 0.121958 0.676762</row2>
					<row3>-2.874574 2.092411 -0.077412</row3>
				</transform>
				<node>
					<identifier>Tent_Bones54_BlendBone</identifier>
					<transform>
						<row0>0.225456 -0.649654 -0.726030</row0>
						<row1>0.971967 0.201015 0.121958</row1>
						<row2>-0.066712 0.733173 -0.676762</row2>
						<row3>-1.380499 -2.344841 -2.289824</row3>
					</transform>
				</node>
			</node>
			<node>
				<identifier>Tent_Bones55</identifier>
				<transform>
					<row0>0.922287 -0.382968 0.052169</row0>
					<row1>0.059467 0.007234 -0.998204</row1>
					<row2>0.381903 0.923733 0.029446</row2>
					<row3>-1.683338 1.902747 -0.106865</row3>
				</transform>
				<node>
					<identifier>Tent_Bones55_BlendBone</identifier>
					<transform>
						<row0>0.922287 0.059467 0.381903</row0>
						<row1>-0.382968 0.007234 0.923733</row1>
						<row2>-0.052169 0.998204 -0.029446</row2>
						<row3>2.286788 -0.020335 -1.111612</row3>
					</transform>
				</node>
			</node>
			<node>
				<identifier>Tent_Bones56</identifier>
				<transform>
					<row0>0.773887 -0.631644 0.046103</row0>
					<row1>0.059468 -0.000000 -0.998230</row1>
					<row2>0.630526 0.775259 0.037563</row2>
					<row3>-2.313828 1.951155 -0.126525</row3>
				</transform>
				<node>
					<identifier>Tent_Bones56_BlendBone</identifier>
					<transform>
						<row0>0.773887 0.059468 0.630526</row0>
						<row1>-0.631644 -0.000000 0.775259</row1>
						<row2>-0.046103 0.998230 -0.037563</row2>
						<row3>3.028909 0.011298 -0.048969</row3>
					</transform>
				</node>
			</node>
			<node>
				<identifier>Tent_Bones57</identifier>
				<transform>
					<row0>0.983784 0.160294 0.080467</row0>
					<row1>0.102921 -0.137103 -0.985195</row1>
					<row2>-0.146889 0.977501 -0.151378</row2>
					<row3>2.993524 4.534419 0.206046</row3>
				</transform>
				<node>
					<identifier>Tent_Bones57_BlendBone</identifier>
					<transform>
						<row0>0.983784 0.102921 -0.146889</row0>
						<row1>0.160294 -0.137103 0.977501</row1>
						<row2>-0.080467 0.985195 0.151378</row2>
						<row3>-3.688402 0.516582 -3.961493</row3>
					</transform>
				</node>
			</node>
			<node>
				<identifier>Tent_Bones58</identifier>
				<transform>
					<row0>0.251125 0.967521 0.028984</row0>
					<row1>0.059462 0.014467 -0.998126</row1>
					<row2>-0.966126 0.252378 -0.053898</row2>
					<row3>-2.864511 3.581674 -0.153898</row3>
				</transform>
				<node>
					<identifier>Tent_Bones58_BlendBone</identifier>
					<transform>
						<row0>0.251125 0.059462 -0.966127</row0>
						<row1>0.967521 0.014467 0.252378</row1>
						<row2>-0.028984 0.998126 0.053898</row2>
						<row3>-2.741531 -0.035096 -3.679711</row3>
					</transform>
				</node>
			</node>
		</node>
	</node>
	<renderSet>
		<treatAsWorldSpaceObject>true</treatAsWorldSpaceObject>
		<node>Tent_Bones28_BlendBone</node>
		<node>Tent_Bones22_BlendBone</node>
		<node>Tent_Bones36_BlendBone</node>
		<node>Tent_Bones37_BlendBone</node>
		<node>Tent_Bones40_BlendBone</node>
		<geometry>
			<vertices>s_0Shape_split_5.vertices</vertices>
			<primitive>s_0Shape_split_5.indices</primitive>
			<primitiveGroup>
				0
				<material>
					<identifier>s_nd0_skinned</identifier>
					<collisionFlags>255</collisionFlags>
					<materialKind>0</materialKind>
					<fx>shaders/std_effects/PBS_ext_skinned.fx</fx>
					<property>
						diffuseMap
						<Texture>content/Hangars/h21_customization/hd_han21_customization_Tent_AM.dds</Texture>
					</property>
					<property>
						normalMap
						<Texture>content/Hangars/h21_customization/hd_han21_customization_Tent_ANM.dds</Texture>
					</property>
					<property>
						metallicGlossMap
						<Texture>content/Hangars/h21_customization/hd_han21_customization_Tent_GMM.dds</Texture>
					</property>
					<property>
						doubleSided
						<Bool>false</Bool>
					</property>
					<property>
						dynamicObject
						<Bool>true</Bool>
					</property>
					<property>
						alphaTestEnable
						<Bool>false</Bool>
					</property>
					<property>
						alphaReference
						<Int>0</Int>
					</property>
					<property>
						g_useNormalPackDXT1
						<Bool>false</Bool>
					</property>
					<property>
						g_enableAO
						<Bool>true</Bool>
					</property>
					<property>
						g_enableTransmission
						<Bool>true</Bool>
					</property>
				</material>
				<groupOrigin>2.568096 1.559911 0.043318</groupOrigin>
			</primitiveGroup>
		</geometry>
	</renderSet>
	<renderSet>
		<treatAsWorldSpaceObject>true</treatAsWorldSpaceObject>
		<node>Tent_Bones34_BlendBone</node>
		<node>Tent_Bones14_BlendBone</node>
		<node>Tent_Bones35_BlendBone</node>
		<node>Tent_Bones33_BlendBone</node>
		<node>Tent_Bones20_BlendBone</node>
		<node>Tent_Bones41_BlendBone</node>
		<node>Tent_Bones49_BlendBone</node>
		<node>Tent_Bones26_BlendBone</node>
		<node>Tent_Bones10_BlendBone</node>
		<node>Tent_Bones11_BlendBone</node>
		<node>Tent_Bones07_BlendBone</node>
		<node>Tent_Bones25_BlendBone</node>
		<node>Tent_Bones13_BlendBone</node>
		<node>Tent_Bones03_BlendBone</node>
		<node>Tent_Bones01_BlendBone</node>
		<node>Tent_Bones47_BlendBone</node>
		<node>Tent_Bones09_BlendBone</node>
		<node>Tent_Bones02_BlendBone</node>
		<node>Tent_Bones04_BlendBone</node>
		<node>Tent_Bones15_BlendBone</node>
		<geometry>
			<vertices>s_0Shape_split_4.vertices</vertices>
			<primitive>s_0Shape_split_4.indices</primitive>
			<primitiveGroup>
				0
				<material>
					<identifier>s_nd0_skinned</identifier>
					<collisionFlags>255</collisionFlags>
					<materialKind>0</materialKind>
					<fx>shaders/std_effects/PBS_ext_skinned.fx</fx>
					<property>
						diffuseMap
						<Texture>content/Hangars/h21_customization/hd_han21_customization_Tent_AM.dds</Texture>
					</property>
					<property>
						normalMap
						<Texture>content/Hangars/h21_customization/hd_han21_customization_Tent_ANM.dds</Texture>
					</property>
					<property>
						metallicGlossMap
						<Texture>content/Hangars/h21_customization/hd_han21_customization_Tent_GMM.dds</Texture>
					</property>
					<property>
						doubleSided
						<Bool>false</Bool>
					</property>
					<property>
						dynamicObject
						<Bool>true</Bool>
					</property>
					<property>
						alphaTestEnable
						<Bool>false</Bool>
					</property>
					<property>
						alphaReference
						<Int>0</Int>
					</property>
					<property>
						g_useNormalPackDXT1
						<Bool>false</Bool>
					</property>
					<property>
						g_enableAO
						<Bool>true</Bool>
					</property>
					<property>
						g_enableTransmission
						<Bool>true</Bool>
					</property>
				</material>
				<groupOrigin>0.098493 3.143207 0.082394</groupOrigin>
			</primitiveGroup>
		</geometry>
	</renderSet>
	<renderSet>
		<treatAsWorldSpaceObject>true</treatAsWorldSpaceObject>
		<node>Tent_Bones54_BlendBone</node>
		<node>Tent_Bones50_BlendBone</node>
		<node>Tent_Bones51_BlendBone</node>
		<node>Tent_Bones43_BlendBone</node>
		<node>Tent_Bones56_BlendBone</node>
		<node>Tent_Bones44_BlendBone</node>
		<node>Tent_Bones39_BlendBone</node>
		<node>Tent_Bones45_BlendBone</node>
		<node>Tent_Bones29_BlendBone</node>
		<node>Tent_Bones46_BlendBone</node>
		<node>Tent_Bones55_BlendBone</node>
		<node>Tent_Bones23_BlendBone</node>
		<node>Tent_Bones30_BlendBone</node>
		<node>Tent_Bones53_BlendBone</node>
		<node>Tent_Bones21_BlendBone</node>
		<node>Tent_Bones35_BlendBone</node>
		<node>Tent_Bones41_BlendBone</node>
		<node>Tent_Bones17_BlendBone</node>
		<node>Tent_Bones26_BlendBone</node>
		<node>Tent_Bones49_BlendBone</node>
		<geometry>
			<vertices>s_0Shape_split_3.vertices</vertices>
			<primitive>s_0Shape_split_3.indices</primitive>
			<primitiveGroup>
				0
				<material>
					<identifier>s_nd0_skinned</identifier>
					<collisionFlags>255</collisionFlags>
					<materialKind>0</materialKind>
					<fx>shaders/std_effects/PBS_ext_skinned.fx</fx>
					<property>
						diffuseMap
						<Texture>content/Hangars/h21_customization/hd_han21_customization_Tent_AM.dds</Texture>
					</property>
					<property>
						normalMap
						<Texture>content/Hangars/h21_customization/hd_han21_customization_Tent_ANM.dds</Texture>
					</property>
					<property>
						metallicGlossMap
						<Texture>content/Hangars/h21_customization/hd_han21_customization_Tent_GMM.dds</Texture>
					</property>
					<property>
						doubleSided
						<Bool>false</Bool>
					</property>
					<property>
						dynamicObject
						<Bool>true</Bool>
					</property>
					<property>
						alphaTestEnable
						<Bool>false</Bool>
					</property>
					<property>
						alphaReference
						<Int>0</Int>
					</property>
					<property>
						g_useNormalPackDXT1
						<Bool>false</Bool>
					</property>
					<property>
						g_enableAO
						<Bool>true</Bool>
					</property>
					<property>
						g_enableTransmission
						<Bool>true</Bool>
					</property>
				</material>
				<groupOrigin>-1.379515 1.442856 0.121633</groupOrigin>
			</primitiveGroup>
		</geometry>
	</renderSet>
	<renderSet>
		<treatAsWorldSpaceObject>true</treatAsWorldSpaceObject>
		<node>Tent_Bones16_BlendBone</node>
		<node>Tent_Bones15_BlendBone</node>
		<node>Tent_Bones24_BlendBone</node>
		<node>Tent_Bones26_BlendBone</node>
		<node>Tent_Bones27_BlendBone</node>
		<node>Tent_Bones52_BlendBone</node>
		<node>Tent_Bones04_BlendBone</node>
		<node>Tent_Bones17_BlendBone</node>
		<node>Tent_Bones41_BlendBone</node>
		<node>Tent_Bones49_BlendBone</node>
		<node>Tent_Bones10_BlendBone</node>
		<node>Tent_Bones55_BlendBone</node>
		<node>Tent_Bones21_BlendBone</node>
		<node>Tent_Bones58_BlendBone</node>
