<?xml version="1.0" encoding="utf-8"?>
<root>
	<node>
		<identifier>Scene Root</identifier>
		<transform>
			<row0>1.000000 0.000000 0.000000</row0>
			<row1>0.000000 1.000000 0.000000</row1>
			<row2>0.000000 0.000000 1.000000</row2>
			<row3>0.000000 0.000000 0.000000</row3>
		</transform>
		<node>
			<identifier>Rat_Root_01</identifier>
			<transform>
				<row0>1.000000 0.000000 0.000000</row0>
				<row1>0.000000 1.000000 0.000000</row1>
				<row2>0.000000 0.000000 1.000000</row2>
				<row3>0.000000 0.000000 0.000000</row3>
			</transform>
			<node>
				<identifier>Rat_Hips_01</identifier>
				<transform>
					<row0>-0.000000 0.215747 -0.976322</row0>
					<row1>0.000000 0.976443 0.215774</row1>
					<row2>1.000000 -0.000000 -0.000000</row2>
					<row3>0.002944 0.127305 0.112372</row3>
				</transform>
				<node>
					<identifier>Rat_L_UpperLeg_01</identifier>
					<transform>
						<row0>0.219915 -0.975524 0.001561</row0>
						<row1>0.975639 0.219892 0.003323</row1>
						<row2>-0.003585 0.000792 0.999993</row2>
						<row3>0.019973 0.006550 0.041144</row3>
					</transform>
					<node>
						<identifier>Rat_L_LowerLeg_01</identifier>
						<transform>
							<row0>-0.148292 -0.970923 -0.187932</row0>
							<row1>0.985438 -0.161060 0.054512</row1>
							<row2>-0.083195 -0.177112 0.980668</row2>
							<row3>0.098389 0.000000 0.000000</row3>
						</transform>
						<node>
							<identifier>Rat_L_Ancle_01</identifier>
							<transform>
								<row0>-0.577658 0.810249 -0.099037</row0>
								<row1>-0.807277 -0.585036 -0.077698</row1>
								<row2>-0.120895 0.035067 0.992046</row2>
								<row3>0.063090 -0.000000 0.000000</row3>
							</transform>
							<node>
								<identifier>Rat_L_Paw_01</identifier>
								<transform>
									<row0>0.873629 0.484188 -0.048325</row0>
									<row1>-0.485067 0.874443 -0.007748</row1>
									<row2>0.038506 0.030210 0.998802</row2>
									<row3>0.036201 0.000000 0.000000</row3>
								</transform>
								<node>
									<identifier>Rat_L_Paw_01_BlendBone</identifier>
									<transform>
										<row0>0.025122 0.004028 0.999676</row0>
										<row1>-0.158260 0.987397 -0.000001</row1>
										<row2>0.987078 0.158209 -0.025443</row2>
										<row3>0.082913 0.004138 -0.036396</row3>
									</transform>
								</node>
							</node>
							<node>
								<identifier>Rat_L_Ancle_01_BlendBone</identifier>
								<transform>
									<row0>0.058487 0.045886 0.997233</row0>
									<row1>-0.617215 0.786795 -0.000003</row1>
									<row2>0.784618 0.615507 -0.074339</row2>
									<row3>0.105228 0.042664 -0.040391</row3>
								</transform>
							</node>
						</node>
						<node>
							<identifier>Rat_L_LowerLeg_01_BlendBone</identifier>
							<transform>
								<row0>-0.191388 0.055514 0.979943</row0>
								<row1>-0.278621 -0.960401 -0.000009</row1>
								<row2>-0.941138 0.273035 -0.199277</row2>
								<row3>-0.027254 0.058884 -0.053806</row3>
							</transform>
						</node>
					</node>
					<node>
						<identifier>Rat_L_UpperLeg_01_BlendBone</identifier>
						<transform>
							<row0>0.001561 0.003323 0.999993</row0>
							<row1>-0.905098 0.425203 -0.000000</row1>
							<row2>0.425201 0.905092 -0.003671</row2>
							<row3>0.164934 0.026507 -0.044434</row3>
						</transform>
					</node>
				</node>
				<node>
					<identifier>Rat_R_UpperLeg_01</identifier>
					<transform>
						<row0>-0.219941 0.975518 0.001561</row0>
						<row1>-0.975617 -0.219898 -0.007226</row1>
						<row2>-0.006707 -0.003112 0.999973</row2>
						<row3>0.019973 0.006550 -0.041144</row3>
					</transform>
					<node>
						<identifier>Rat_R_LowerLeg_01</identifier>
						<transform>
							<row0>-0.152811 -0.977977 -0.142160</row0>
							<row1>0.987041 -0.158165 0.027095</row1>
							<row2>-0.048983 -0.136177 0.989473</row2>
							<row3>-0.098389 0.000002 -0.000000</row3>
						</transform>
						<node>
							<identifier>Rat_R_Ancle_01</identifier>
							<transform>
								<row0>-0.577658 0.810249 -0.099036</row0>
								<row1>-0.807277 -0.585036 -0.077698</row1>
								<row2>-0.120895 0.035067 0.992046</row2>
								<row3>-0.063090 -0.000000 0.000000</row3>
							</transform>
							<node>
								<identifier>Rat_R_Paw_01</identifier>
								<transform>
									<row0>0.873629 0.484188 -0.048325</row0>
									<row1>-0.485067 0.874443 -0.007748</row1>
									<row2>0.038506 0.030209 0.998802</row2>
									<row3>-0.036201 0.000000 0.000000</row3>
								</transform>
								<node>
									<identifier>Rat_R_Paw_01_BlendBone</identifier>
									<transform>
										<row0>-0.037430 0.003216 0.999294</row0>
										<row1>0.157129 -0.987537 0.009064</row1>
										<row2>-0.986869 -0.157357 -0.036458</row2>
										<row3>-0.085393 -0.004141 0.026805</row3>
									</transform>
								</node>
							</node>
							<node>
								<identifier>Rat_R_Ancle_01_BlendBone</identifier>
								<transform>
									<row0>0.004219 0.014877 0.999880</row0>
									<row1>0.616643 -0.787191 0.009111</row1>
									<row2>-0.787232 -0.616531 0.012495</row2>
									<row3>-0.107762 -0.044158 0.030932</row3>
								</transform>
							</node>
						</node>
						<node>
							<identifier>Rat_R_LowerLeg_01_BlendBone</identifier>
							<transform>
								<row0>-0.135327 0.029777 0.990353</row0>
								<row1>0.278171 0.960488 0.009131</row1>
								<row2>0.950951 -0.276723 0.138264</row2>
								<row3>0.031068 -0.060396 0.044789</row3>
							</transform>
						</node>
					</node>
					<node>
						<identifier>Rat_R_UpperLeg_01_BlendBone</identifier>
						<transform>
							<row0>0.001561 -0.007226 0.999973</row0>
							<row1>0.905086 -0.425204 -0.004485</row1>
							<row2>-0.425225 -0.905069 -0.005877</row2>
							<row3>-0.164944 -0.026928 0.038265</row3>
						</transform>
					</node>
				</node>
				<node>
					<identifier>Rat_Spine_01</identifier>
					<transform>
						<row0>0.889212 -0.457152 -0.000000</row0>
						<row1>0.457326 0.889329 0.000000</row1>
						<row2>0.000000 0.000000 1.000000</row2>
						<row3>0.078250 0.000000 0.000000</row3>
					</transform>
					<node>
						<identifier>Rat_Chest_01</identifier>
						<transform>
							<row0>0.997163 -0.078568 0.000000</row0>
							<row1>0.078588 0.996909 -0.000000</row1>
							<row2>0.000000 0.000000 1.000000</row2>
							<row3>0.078727 0.000000 0.000000</row3>
						</transform>
						<node>
							<identifier>Rat_Head_01</identifier>
							<transform>
								<row0>0.991796 -0.127450 -0.009870</row0>
								<row1>0.127407 0.991838 -0.004938</row1>
								<row2>0.010419 0.003640 0.999939</row2>
								<row3>0.058034 0.000000 0.000000</row3>
							</transform>
							<node>
								<identifier>Rat_Head_01_BlendBone</identifier>
								<transform>
									<row0>-0.009870 -0.004938 0.999939</row0>
									<row1>-0.447409 0.894329 0.000000</row1>
									<row2>0.894275 0.447382 0.011037</row2>
									<row3>-0.037879 -0.136367 -0.003991</row3>
								</transform>
							</node>
						</node>
						<node>
							<identifier>Rat_L_UpperArm_01</identifier>
							<transform>
								<row0>-0.690806 -0.723026 -0.004596</row0>
								<row1>0.723024 -0.690819 0.002346</row1>
								<row2>-0.004871 -0.001702 0.999987</row2>
								<row3>0.042730 -0.025947 0.028600</row3>
							</transform>
							<node>
								<identifier>Rat_L_LowerArm_01</identifier>
								<transform>
									<row0>0.001556 0.999012 0.044417</row0>
									<row1>-0.996213 -0.002313 0.086916</row1>
									<row2>0.086933 -0.044384 0.995225</row2>
									<row3>0.049119 0.000000 0.000000</row3>
								</transform>
								<node>
									<identifier>Rat_L_HandBase_01</identifier>
									<transform>
										<row0>0.807176 0.576396 -0.127418</row0>
										<row1>-0.586703 0.807160 -0.065369</row1>
										<row2>0.065168 0.127520 0.989693</row2>
										<row3>0.048172 -0.000000 -0.000000</row3>
									</transform>
									<node>
										<identifier>Rat_L_Hand_01</identifier>
										<transform>
											<row0>0.955385 0.288942 0.061254</row0>
											<row1>-0.290122 0.956925 0.011144</row1>
											<row2>-0.055395 -0.028418 0.998060</row2>
											<row3>0.023577 0.000000 0.000000</row3>
										</transform>
										<node>
											<identifier>Rat_L_Hand_01_BlendBone</identifier>
											<transform>
												<row0>0.021173 0.003852 0.999768</row0>
												<row1>-0.178984 0.983852 -0.000000</row1>
												<row2>0.983624 0.178942 -0.021520</row2>
												<row3>-0.068761 -0.022233 -0.031181</row3>
											</transform>
										</node>
									</node>
									<node>
										<identifier>Rat_L_HandBase_01_BlendBone</identifier>
										<transform>
											<row0>-0.036272 -0.018608 0.999169</row0>
											<row1>-0.456436 0.889756 0.000001</row1>
											<row2>0.889017 0.456056 0.040766</row2>
											<row3>-0.033938 -0.040257 -0.035580</row3>
										</transform>
									</node>
								</node>
								<node>
									<identifier>Rat_L_LowerArm_01_BlendBone</identifier>
									<transform>
										<row0>0.046754 0.091488 0.994708</row0>
										<row1>-0.890446 0.455088 -0.000004</row1>
										<row2>0.452680 0.885734 -0.102742</row2>
										<row3>0.042079 -0.056593 -0.028257</row3>
									</transform>
								</node>
							</node>
							<node>
								<identifier>Rat_L_UpperArm_01_BlendBone</identifier>
								<transform>
									<row0>-0.004596 0.002346 0.999987</row0>
									<row1>-0.454750 -0.890619 -0.000000</row1>
									<row2>-0.890607 0.454744 -0.005160</row2>
									<row3>0.103107 0.043422 -0.031172</row3>
								</transform>
							</node>
						</node>
						<node>
							<identifier>Rat_R_UpperArm_01</identifier>
							<transform>
								<row0>0.690806 0.723026 -0.004596</row0>
								<row1>-0.723024 0.690819 0.002346</row1>
								<row2>0.004871 0.001702 0.999987</row2>
								<row3>0.042719 -0.025951 -0.030822</row3>
							</transform>
							<node>
								<identifier>Rat_R_LowerArm_01</identifier>
								<transform>
									<row0>0.001556 0.999012 0.044417</row0>
									<row1>-0.996213 -0.002313 0.086916</row1>
									<row2>0.086933 -0.044384 0.995225</row2>
									<row3>-0.049119 -0.000000 -0.000000</row3>
								</transform>
								<node>
									<identifier>Rat_R_HandBase_01</identifier>
									<transform>
										<row0>0.807176 0.576396 -0.127418</row0>
										<row1>-0.586703 0.807160 -0.065369</row1>
										<row2>0.065168 0.127520 0.989693</row2>
										<row3>-0.048172 0.000000 0.000000</row3>
									</transform>
									<node>
										<identifier>Rat_R_Hand_01</identifier>
										<transform>
											<row0>0.955385 0.288942 0.061254</row0>
											<row1>-0.290122 0.956925 0.011145</row1>
											<row2>-0.055395 -0.028418 0.998060</row2>
											<row3>-0.023577 -0.000000 0.000000</row3>
										</transform>
										<node>
											<identifier>Rat_R_Hand_01_BlendBone</identifier>
											<transform>
												<row0>0.021173 0.003852 0.999768</row0>
												<row1>0.178984 -0.983852 0.000000</row1>
												<row2>-0.983624 -0.178942 0.021520</row2>
												<row3>0.068672 0.022217 0.027516</row3>
											</transform>
										</node>
									</node>
									<node>
										<identifier>Rat_R_HandBase_01_BlendBone</identifier>
										<transform>
											<row0>-0.036272 -0.018608 0.999169</row0>
											<row1>0.456436 -0.889756 -0.000001</row1>
											<row2>-0.889017 -0.456056 -0.040766</row2>
											<row3>0.034061 0.040320 0.031917</row3>
										</transform>
									</node>
								</node>
								<node>
									<identifier>Rat_R_LowerArm_01_BlendBone</identifier>
									<transform>
										<row0>0.046754 0.091488 0.994708</row0>
										<row1>0.890447 -0.455088 0.000004</row1>
										<row2>-0.452680 -0.885734 0.102742</row2>
										<row3>-0.042255 0.056248 0.024612</row3>
									</transform>
								</node>
							</node>
							<node>
								<identifier>Rat_R_UpperArm_01_BlendBone</identifier>
								<transform>
									<row0>-0.004596 0.002346 0.999987</row0>
									<row1>0.454750 0.890619 0.000000</row1>
									<row2>0.890607 -0.454744 0.005160</row2>
									<row3>-0.103080 -0.043436 0.027506</row3>
								</transform>
							</node>
						</node>
						<node>
							<identifier>Rat_Chest_01_BlendBone</identifier>
							<transform>
								<row0>-0.000000 -0.000000 1.000000</row0>
								<row1>-0.329795 0.944053 -0.000000</row1>
								<row2>0.944053 0.329795 0.000000</row2>
								<row3>0.003050 -0.130440 -0.002944</row3>
							</transform>
						</node>
					</node>
					<node>
						<identifier>Rat_Spine_01_BlendBone</identifier>
						<transform>
							<row0>-0.000000 -0.000000 1.000000</row0>
							<row1>-0.254668 0.967046 -0.000000</row1>
							<row2>0.967292 0.254604 0.000000</row2>
							<row3>0.071517 -0.130277 -0.002944</row3>
						</transform>
					</node>
				</node>
				<node>
					<identifier>Rat_Hips_01_BlendBone</identifier>
					<transform>
						<row0>-0.000000 0.000000 1.000000</row0>
						<row1>0.215800 0.976443 -0.000000</row1>
						<row2>0.976564 -0.215774 0.000000</row2>
						<row3>0.082266 -0.148553 -0.002944</row3>
					</transform>
				</node>
			</node>
			<node>
				<identifier>Rat_Tail_01</identifier>
				<transform>
					<row0>0.000000 0.000000 1.000000</row0>
					<row1>0.000000 1.000000 0.000000</row1>
					<row2>-1.000000 0.000000 0.000000</row2>
					<row3>0.003337 0.101059 0.159221</row3>
				</transform>
				<node>
					<identifier>Rat_Tail_02</identifier>
					<transform>
						<row0>1.000000 0.000000 0.000000</row0>
						<row1>0.000000 1.000000 0.000000</row1>
						<row2>0.000000 -0.000000 1.000000</row2>
						<row3>0.103819 0.000000 0.000000</row3>
					</transform>
					<node>
						<identifier>Rat_Tail_03</identifier>
						<transform>
							<row0>1.000000 -0.000000 -0.000000</row0>
							<row1>0.000000 1.000000 0.000000</row1>
							<row2>0.000000 0.000000 1.000000</row2>
							<row3>0.100437 0.000000 0.000000</row3>
						</transform>
						<node>
							<identifier>Rat_Tail_04</identifier>
							<transform>
								<row0>1.000000 0.000000 -0.000000</row0>
								<row1>0.000000 1.000000 0.000000</row1>
								<row2>0.000000 -0.000000 1.000000</row2>
								<row3>0.100437 0.000000 0.000000</row3>
							</transform>
							<node>
								<identifier>Rat_Tail_04_BlendBone</identifier>
								<transform>
									<row0>0.000000 0.000000 -1.000000</row0>
									<row1>0.000000 1.000000 0.000000</row1>
									<row2>-1.000000 0.000000 -0.000000</row2>
									<row3>-0.463915 -0.101059 0.003337</row3>
								</transform>
							</node>
						</node>
						<node>
							<identifier>Rat_Tail_03_BlendBone</identifier>
							<transform>
								<row0>0.000000 0.000000 -1.000000</row0>
								<row1>0.000000 1.000000 0.000000</row1>
								<row2>-1.000000 0.000000 -0.000000</row2>
								<row3>-0.363478 -0.101059 0.003337</row3>
							</transform>
						</node>
					</node>
					<node>
						<identifier>Rat_Tail_02_BlendBone</identifier>
						<transform>
							<row0>0.000000 0.000000 -1.000000</row0>
							<row1>0.000000 1.000000 0.000000</row1>
							<row2>-1.000000 0.000000 -0.000000</row2>
							<row3>-0.263040 -0.101059 0.003337</row3>
						</transform>
					</node>
				</node>
				<node>
					<identifier>Rat_Tail_01_BlendBone</identifier>
					<transform>
						<row0>0.000000 0.000000 -1.000000</row0>
						<row1>0.000000 1.000000 0.000000</row1>
						<row2>-1.000000 0.000000 -0.000000</row2>
						<row3>-0.159221 -0.101059 0.003337</row3>
					</transform>
				</node>
			</node>
		</node>
	</node>
	<renderSet>
		<treatAsWorldSpaceObject>true</treatAsWorldSpaceObject>
		<node>Rat_Hips_01_BlendBone</node>
		<node>Rat_Spine_01_BlendBone</node>
		<node>Rat_L_UpperLeg_01_BlendBone</node>
		<node>Rat_L_LowerLeg_01_BlendBone</node>
		<node>Rat_Tail_01_BlendBone</node>
		<node>Rat_L_Ancle_01_BlendBone</node>
		<node>Rat_L_Paw_01_BlendBone</node>
		<node>Rat_Chest_01_BlendBone</node>
		<node>Rat_L_LowerArm_01_BlendBone</node>
		<node>Rat_L_HandBase_01_BlendBone</node>
		<node>Rat_L_UpperArm_01_BlendBone</node>
		<node>Rat_Head_01_BlendBone</node>
		<node>Rat_R_LowerLeg_01_BlendBone</node>
		<node>Rat_Tail_04_BlendBone</node>
		<node>Rat_L_Hand_01_BlendBone</node>
		<node>Rat_R_UpperLeg_01_BlendBone</node>
		<node>Rat_R_Paw_01_BlendBone</node>
		<node>Rat_R_Ancle_01_BlendBone</node>
		<node>Rat_R_LowerArm_01_BlendBone</node>
		<node>Rat_R_HandBase_01_BlendBone</node>
		<node>Rat_R_UpperArm_01_BlendBone</node>
		<node>Rat_R_Hand_01_BlendBone</node>
		<node>Rat_Tail_02_BlendBone</node>
		<node>Rat_Tail_03_BlendBone</node>
		<geometry>
			<vertices>sShape0.vertices</vertices>
			<stream>sShape0.colour</stream>
			<primitive>sShape0.indices</primitive>
			<primitiveGroup>
				0
				<material>
					<identifier>s_nd0_skinned</identifier>
					<mfm>materials/template_mfms/lightonly_skinned.mfm</mfm>
					<collisionFlags>0</collisionFlags>
					<materialKind>0</materialKind>
					<fx>shaders/std_effects/PBS_ext_skinned.fx</fx>
					<property>
						diffuseMap
						<Texture>content/Hangars/CharacterAnimations/h26_battle_royale/h26_br_078_Rat_AM.dds</Texture>
					</property>
					<property>
						dynamicObject
						<Bool>true</Bool>
					</property>
					<property>
						metallicGlossMap
						<Texture>content/Hangars/CharacterAnimations/h26_battle_royale/h26_br_078_Rat_GMM.dds</Texture>
					</property>
					<property>
						normalMap
						<Texture>content/Hangars/CharacterAnimations/h26_battle_royale/h26_br_078_Rat_ANM.dds</Texture>
					</property>
					<property>
						g_enableAO
						<Bool>true</Bool>
					</property>
				</material>
				<groupOrigin>-0.000000 0.092492 -0.193416</groupOrigin>
			</primitiveGroup>
		</geometry>
	</renderSet>
	<constraints/>
	<boundingBox>
		<min>-0.064770 -0.000155 -0.178944</min>
		<max>0.064770 0.185139 0.565775</max>
	</boundingBox>
	<geometrySize>37500</geometrySize>
	<minUVDensity>1.163848</minUVDensity>
</root>
