<?xml version="1.0" encoding="utf-8"?>
<root>
	<node>
		<identifier>Scene Root</identifier>
		<transform>
			<row0>1.000000 0.000000 0.000000</row0>
			<row1>0.000000 1.000000 0.000000</row1>
			<row2>0.000000 0.000000 1.000000</row2>
			<row3>0.000000 0.000000 0.000000</row3>
		</transform>
		<node>
			<identifier>Parachute_Root</identifier>
			<transform>
				<row0>1.000000 0.000000 0.000000</row0>
				<row1>0.000000 1.000000 0.000000</row1>
				<row2>0.000000 0.000000 1.000000</row2>
				<row3>0.000000 0.000000 0.000000</row3>
			</transform>
			<node>
				<identifier>Parachute_bone01</identifier>
				<transform>
					<row0>0.384120 -0.072781 0.920410</row0>
					<row1>-0.912841 0.119571 0.390416</row1>
					<row2>-0.138469 -0.990154 -0.020508</row2>
					<row3>1.077088 0.199688 3.966024</row3>
				</transform>
				<node>
					<identifier>Parachute_bone01_BlendBone</identifier>
					<transform>
						<row0>0.384120 -0.912841 -0.138469</row0>
						<row1>-0.072781 0.119571 -0.990154</row1>
						<row2>-0.920410 -0.390416 0.020508</row2>
						<row3>-4.049566 -0.589065 0.428200</row3>
					</transform>
				</node>
			</node>
			<node>
				<identifier>Parachute_bone02</identifier>
				<transform>
					<row0>0.745443 -0.410577 0.525111</row0>
					<row1>-0.441993 0.285225 0.850464</row1>
					<row2>-0.498956 -0.866068 0.031147</row2>
					<row3>0.768678 0.342077 3.493900</row3>
				</transform>
				<node>
					<identifier>Parachute_bone02_BlendBone</identifier>
					<transform>
						<row0>0.745443 -0.441993 -0.498956</row0>
						<row1>-0.410577 0.285225 -0.866068</row1>
						<row2>-0.525111 -0.850464 -0.031147</row2>
						<row3>-2.267241 -2.729254 0.570975</row3>
					</transform>
				</node>
			</node>
			<node>
				<identifier>Parachute_bone03</identifier>
				<transform>
					<row0>0.535187 0.085761 0.840369</row0>
					<row1>-0.184172 0.982747 0.016999</row1>
					<row2>-0.824412 -0.163870 0.541749</row2>
					<row3>0.628991 0.613215 2.691942</row3>
				</transform>
				<node>
					<identifier>Parachute_bone03_BlendBone</identifier>
					<transform>
						<row0>0.535187 -0.184172 -0.824412</row0>
						<row1>0.085761 0.982747 -0.163870</row1>
						<row2>-0.840369 -0.016999 -0.541749</row2>
						<row3>-2.651442 -0.532553 -0.839320</row3>
					</transform>
				</node>
			</node>
			<node>
				<identifier>Parachute_bone04</identifier>
				<transform>
					<row0>0.479624 -0.057490 0.875589</row0>
					<row1>0.144654 0.989379 -0.014276</row1>
					<row2>-0.865469 0.133504 0.482847</row2>
					<row3>0.618869 0.616100 2.016696</row3>
				</transform>
				<node>
					<identifier>Parachute_bone04_BlendBone</identifier>
					<transform>
						<row0>0.479624 0.144654 -0.865468</row0>
						<row1>-0.057490 0.989379 0.133504</row1>
						<row2>-0.875589 0.014276 -0.482847</row2>
						<row3>-2.027201 -0.670288 -0.520396</row3>
					</transform>
				</node>
			</node>
			<node>
				<identifier>Parachute_bone05</identifier>
				<transform>
					<row0>0.414582 0.143850 0.898571</row0>
					<row1>0.267959 0.924352 -0.271608</row1>
					<row2>-0.869667 0.353384 0.344673</row2>
					<row3>0.670327 0.339430 1.140869</row3>
				</transform>
				<node>
					<identifier>Parachute_bone05_BlendBone</identifier>
					<transform>
						<row0>0.414582 0.267959 -0.869667</row0>
						<row1>0.143850 0.924352 0.353384</row1>
						<row2>-0.898571 0.271608 -0.344673</row2>
						<row3>-1.351884 -0.183503 0.069784</row3>
					</transform>
				</node>
			</node>
			<node>
				<identifier>Parachute_bone06</identifier>
				<transform>
					<row0>0.799341 -0.400365 0.448065</row0>
					<row1>0.564543 0.755767 -0.331825</row1>
					<row2>-0.205781 0.518193 0.830139</row2>
					<row3>0.671757 0.911023 0.605908</row3>
				</transform>
				<node>
					<identifier>Parachute_bone06_BlendBone</identifier>
					<transform>
						<row0>0.799341 0.564543 -0.205781</row0>
						<row1>-0.400365 0.755767 0.518193</row1>
						<row2>-0.448065 0.331825 -0.830139</row2>
						<row3>-0.443707 -0.866701 -0.836838</row3>
					</transform>
				</node>
			</node>
			<node>
				<identifier>Parachute_bone07</identifier>
				<transform>
					<row0>-0.090077 -0.806152 -0.584811</row0>
					<row1>0.790678 0.299155 -0.534167</row1>
					<row2>0.605569 -0.510514 0.610460</row2>
					<row3>1.965925 1.526138 0.284125</row3>
				</transform>
				<node>
					<identifier>Parachute_bone07_BlendBone</identifier>
					<transform>
						<row0>-0.090077 0.790678 0.605569</row0>
						<row1>-0.806152 0.299155 -0.510514</row1>
						<row2>0.584812 0.534167 -0.610460</row2>
						<row3>1.573545 -1.859196 -0.584835</row3>
					</transform>
				</node>
			</node>
			<node>
				<identifier>Parachute_bone08</identifier>
				<transform>
					<row0>-0.304510 -0.719217 -0.624501</row0>
					<row1>0.857025 0.079239 -0.509146</row1>
					<row2>0.415671 -0.690253 0.592257</row2>
					<row3>1.739773 1.176062 -0.255208</row3>
				</transform>
				<node>
					<identifier>Parachute_bone08_BlendBone</identifier>
					<transform>
						<row0>-0.304510 0.857025 0.415671</row0>
						<row1>-0.719217 0.079239 -0.690253</row1>
						<row2>0.624501 0.509146 -0.592257</row2>
						<row3>1.216243 -1.714157 0.239756</row3>
					</transform>
				</node>
			</node>
			<node>
				<identifier>Parachute_bone09</identifier>
				<transform>
					<row0>-0.676100 -0.200110 -0.709115</row0>
					<row1>0.674446 0.219422 -0.704965</row1>
					<row2>0.296666 -0.954887 -0.013387</row2>
					<row3>1.371841 0.995636 -0.620013</row3>
				</transform>
				<node>
					<identifier>Parachute_bone09_BlendBone</identifier>
					<transform>
						<row0>-0.676100 0.674446 0.296666</row0>
						<row1>-0.200110 0.219422 -0.954887</row1>
						<row2>0.709115 0.704966 0.013387</row2>
						<row3>0.687078 -1.580785 0.535441</row3>
					</transform>
				</node>
			</node>
			<node>
				<identifier>Parachute_bone10</identifier>
				<transform>
					<row0>0.771694 -0.629160 0.092984</row0>
					<row1>0.635908 0.760890 -0.129105</row1>
					<row2>0.010477 0.158759 0.987262</row2>
					<row3>1.304707 0.336938 -0.597219</row3>
				</transform>
				<node>
					<identifier>Parachute_bone10_BlendBone</identifier>
					<transform>
						<row0>0.771694 0.635908 0.010477</row0>
						<row1>-0.629160 0.760890 0.158759</row1>
						<row2>-0.092984 0.129105 -0.987262</row2>
						<row3>-0.739314 -1.163150 0.522450</row3>
					</transform>
				</node>
			</node>
			<node>
				<identifier>Parachute_bone11</identifier>
				<transform>
					<row0>0.976510 0.153811 0.150902</row0>
					<row1>-0.150832 0.988071 -0.031062</row1>
					<row2>-0.153879 0.007571 0.988061</row2>
					<row3>1.609554 0.191888 -0.633067</row3>
				</transform>
				<node>
					<identifier>Parachute_bone11_BlendBone</identifier>
					<transform>
						<row0>0.976510 -0.150832 -0.153879</row0>
						<row1>0.153811 0.988071 0.007571</row1>
						<row2>-0.150902 0.031062 -0.988061</row2>
						<row3>-1.505729 0.033509 0.871733</row3>
					</transform>
				</node>
			</node>
			<node>
				<identifier>Parachute_bone12</identifier>
				<transform>
					<row0>0.948577 -0.312403 0.051044</row0>
					<row1>0.316120 0.943262 -0.101614</row1>
					<row2>-0.016404 0.112524 0.993514</row2>
					<row3>2.155905 0.184332 -0.635110</row3>
				</transform>
				<node>
					<identifier>Parachute_bone12_BlendBone</identifier>
					<transform>
						<row0>0.948577 0.316120 -0.016404</row0>
						<row1>-0.312403 0.943262 0.112524</row1>
						<row2>-0.051044 0.101614 -0.993514</row2>
						<row3>-1.955039 -0.919934 0.645614</row3>
					</transform>
				</node>
			</node>
			<node>
				<identifier>Parachute_bone13</identifier>
				<transform>
					<row0>-0.811229 0.475687 0.340042</row0>
					<row1>-0.410422 -0.877435 0.248318</row1>
					<row2>0.416486 0.061882 0.907033</row2>
					<row3>2.439631 0.650899 -0.644617</row3>
				</transform>
				<node>
					<identifier>Parachute_bone13_BlendBone</identifier>
					<transform>
						<row0>-0.811229 -0.410422 0.416486</row0>
						<row1>0.475687 -0.877435 0.061882</row1>
						<row2>-0.340042 -0.248318 -0.907033</row2>
						<row3>1.888673 1.732469 -0.471663</row3>
					</transform>
				</node>
			</node>
			<node>
				<identifier>Parachute_bone14</identifier>
				<transform>
					<row0>0.528889 0.810256 -0.252511</row0>
					<row1>-0.703534 0.584984 0.403526</row1>
					<row2>0.474674 -0.035771 0.879434</row2>
					<row3>2.034475 1.035091 -0.460465</row3>
				</transform>
				<node>
					<identifier>Parachute_bone14_BlendBone</identifier>
					<transform>
						<row0>0.528889 -0.703534 0.474674</row0>
						<row1>0.810256 0.584984 -0.035771</row1>
						<row2>0.252511 -0.403526 -0.879434</row2>
						<row3>-2.030973 1.011621 -0.523739</row3>
					</transform>
				</node>
			</node>
			<node>
				<identifier>Parachute_bone15</identifier>
				<transform>
					<row0>0.948272 -0.199615 -0.246847</row0>
					<row1>0.137473 0.959093 -0.247472</row1>
					<row2>0.286148 0.200736 0.936923</row2>
					<row3>2.646866 1.073373 -0.676722</row3>
				</transform>
				<node>
					<identifier>Parachute_bone15_BlendBone</identifier>
					<transform>
						<row0>0.948272 0.137473 0.286148</row0>
						<row1>-0.199615 0.959093 0.200736</row1>
						<row2>0.246847 0.247472 -0.936923</row2>
						<row3>-2.462734 -1.560807 -0.338824</row3>
					</transform>
				</node>
			</node>
			<node>
				<identifier>Parachute_bone16</identifier>
				<transform>
					<row0>0.829193 -0.428417 -0.359024</row0>
					<row1>0.312230 0.887758 -0.338229</row1>
					<row2>0.463629 0.168359 0.869887</row2>
					<row3>3.160854 1.173046 -0.831037</row3>
				</transform>
				<node>
					<identifier>Parachute_bone16_BlendBone</identifier>
					<transform>
						<row0>0.829193 0.312230 0.463629</row0>
						<row1>-0.428417 0.887758 0.168359</row1>
						<row2>0.359024 0.338229 -0.869887</row2>
						<row3>-2.416766 -2.309374 -0.940050</row3>
					</transform>
				</node>
			</node>
			<node>
				<identifier>Parachute_bone17</identifier>
				<transform>
					<row0>0.716603 -0.675898 -0.172166</row0>
					<row1>0.636353 0.734622 -0.235340</row1>
					<row2>0.285543 0.059087 0.956543</row2>
					<row3>3.447006 0.618291 -0.709229</row3>
				</transform>
				<node>
					<identifier>Parachute_bone17_BlendBone</identifier>
					<transform>
						<row0>0.716603 0.636353 0.285543</row0>
						<row1>-0.675898 0.734622 0.059087</row1>
						<row2>0.172166 0.235340 -0.956543</row2>
						<row3>-2.174338 -2.814632 -0.342393</row3>
					</transform>
				</node>
			</node>
			<node>
				<identifier>Parachute_bone18</identifier>
				<transform>
					<row0>0.392013 0.649574 -0.651445</row0>
					<row1>-0.858121 0.513429 -0.004427</row1>
					<row2>0.331595 0.560754 0.758683</row2>
					<row3>3.685232 0.973771 -0.724372</row3>
				</transform>
				<node>
					<identifier>Parachute_bone18_BlendBone</identifier>
					<transform>
						<row0>0.392013 -0.858121 0.331595</row0>
						<row1>0.649574 0.513429 0.560754</row1>
						<row2>0.651445 0.004427 -0.758683</row2>
						<row3>-2.549082 2.659204 -1.218481</row3>
					</transform>
				</node>
			</node>
			<node>
				<identifier>Parachute_bone19</identifier>
				<transform>
					<row0>0.537009 -0.698012 -0.473709</row0>
					<row1>0.680508 0.690309 -0.245730</row1>
					<row2>0.498528 -0.190403 0.845705</row2>
					<row3>4.292558 0.994159 -0.807999</row3>
				</transform>
				<node>
					<identifier>Parachute_bone19_BlendBone</identifier>
					<transform>
						<row0>0.537010 0.680508 0.498528</row0>
						<row1>-0.698012 0.690309 -0.190403</row1>
						<row2>0.473709 0.245730 -0.845705</row2>
						<row3>-1.993966 -3.805946 -1.267340</row3>
					</transform>
				</node>
			</node>
			<node>
				<identifier>Parachute_bone20</identifier>
				<transform>
					<row0>-0.165530 -0.964552 -0.205522</row0>
					<row1>0.934908 -0.087140 -0.344025</row1>
					<row2>0.313920 -0.249090 0.916192</row2>
					<row3>4.390966 0.677777 -0.746150</row3>
				</transform>
				<node>
					<identifier>Parachute_bone20_BlendBone</identifier>
					<transform>
						<row0>-0.165530 0.934908 0.313920</row0>
						<row1>-0.964552 -0.087140 -0.249090</row1>
						<row2>0.205522 0.344025 -0.916192</row2>
						<row3>1.227239 -4.302783 -0.525970</row3>
					</transform>
				</node>
			</node>
			<node>
				<identifier>Parachute_bone21</identifier>
				<transform>
					<row0>0.962474 -0.056495 -0.265429</row0>
					<row1>0.218804 0.740126 0.635876</row1>
					<row2>0.160527 -0.670091 0.724713</row2>
					<row3>4.866686 0.184332 3.599845</row3>
				</transform>
				<node>
					<identifier>Parachute_bone21_BlendBone</identifier>
					<transform>
						<row0>0.962474 0.218804 0.160527</row0>
						<row1>-0.056495 0.740126 -0.670091</row1>
						<row2>0.265429 -0.635876 -0.724713</row2>
						<row3>-3.718140 -3.490336 -3.266569</row3>
					</transform>
				</node>
			</node>
			<node>
				<identifier>Parachute_bone22</identifier>
				<transform>
					<row0>0.974538 -0.000442 -0.224223</row0>
					<row1>0.028090 0.992360 0.120132</row1>
					<row2>0.222457 -0.123372 0.967105</row2>
					<row3>4.551664 0.192117 3.765037</row3>
				</transform>
				<node>
					<identifier>Parachute_bone22_BlendBone</identifier>
					<transform>
						<row0>0.974538 0.028090 0.222457</row0>
						<row1>-0.000442 0.992360 -0.123372</row1>
						<row2>0.224223 -0.120132 -0.967105</row2>
						<row3>-3.591477 -0.770808 -4.630033</row3>
					</transform>
				</node>
			</node>
			<node>
				<identifier>Parachute_bone23</identifier>
				<transform>
					<row0>0.978930 0.041024 -0.200033</row0>
					<row1>-0.087097 0.969917 -0.227321</row1>
					<row2>0.184689 0.239954 0.953054</row2>
					<row3>3.097479 0.246528 4.292291</row3>
				</transform>
				<node>
					<identifier>Parachute_bone23_BlendBone</identifier>
					<transform>
						<row0>0.978930 -0.087097 0.184689</row0>
						<row1>0.041024 0.969917 0.239954</row1>
						<row2>0.200033 0.227321 -0.953054</row2>
						<row3>-2.183731 1.006397 -4.722013</row3>
					</transform>
				</node>
			</node>
			<node>
				<identifier>Parachute_bone24</identifier>
				<transform>
					<row0>0.552315 -0.811446 -0.191059</row0>
					<row1>0.563827 0.194798 0.802592</row1>
					<row2>-0.614042 -0.551007 0.565104</row2>
					<row3>2.307730 0.390798 3.463856</row3>
				</transform>
				<node>
					<identifier>Parachute_bone24_BlendBone</identifier>
					<transform>
						<row0>0.552315 0.563827 -0.614042</row0>
						<row1>-0.811446 0.194797 -0.551007</row1>
						<row2>0.191059 -0.802592 -0.565104</row2>
						<row3>-0.295683 -4.157349 -0.325065</row3>
					</transform>
				</node>
			</node>
			<node>
				<identifier>Parachute_bone25</identifier>
				<transform>
					<row0>0.217147 0.804852 0.552323</row0>
					<row1>-0.946823 0.311295 -0.081377</row1>
					<row2>-0.237432 -0.505281 0.829649</row2>
					<row3>3.021333 0.616444 1.244396</row3>
				</transform>
				<node>
					<identifier>Parachute_bone25_BlendBone</identifier>
					<transform>
						<row0>0.217147 -0.946823 -0.237432</row0>
						<row1>0.804852 0.311295 -0.505281</row1>
						<row2>-0.552323 0.081377 -0.829649</row2>
						<row3>-1.839529 2.770036 -0.003574</row3>
					</transform>
				</node>
			</node>
			<node>
				<identifier>Parachute_bone26</identifier>
				<transform>
					<row0>0.175584 0.893990 0.412253</row0>
					<row1>-0.981130 0.124470 0.147956</row1>
					<row2>0.080958 -0.430452 0.898975</row2>
					<row3>3.035481 0.655221 0.900817</row3>
				</transform>
				<node>
					<identifier>Parachute_bone26_BlendBone</identifier>
					<transform>
						<row0>0.175584 -0.981130 0.080958</row0>
						<row1>0.893990 0.124470 -0.430452</row1>
						<row2>-0.412253 -0.147956 -0.898975</row2>
						<row3>-1.490107 2.763365 -0.773519</row3>
					</transform>
				</node>
			</node>
			<node>
				<identifier>Parachute_bone27</identifier>
				<transform>
					<row0>-0.635404 0.646405 0.422401</row0>
					<row1>-0.701981 -0.711442 0.032760</row1>
					<row2>0.321690 -0.275701 0.905817</row2>
					<row3>2.804839 0.721299 0.280896</row3>
				</transform>
				<node>
					<identifier>Parachute_bone27_BlendBone</identifier>
					<transform>
						<row0>-0.635404 -0.701981 0.321690</row0>
						<row1>0.646405 -0.711442 -0.275701</row1>
						<row2>-0.422401 -0.032760 -0.905817</row2>
						<row3>1.197305 2.472903 -0.957867</row3>
					</transform>
				</node>
			</node>
			<node>
				<identifier>Parachute_bone28</identifier>
				<transform>
					<row0>-0.733698 0.523242 0.433479</row0>
					<row1>-0.390808 -0.846843 0.360729</row1>
					<row2>0.555838 0.095259 0.825815</row2>
					<row3>2.668529 0.782987 0.044594</row3>
				</transform>
				<node>
					<identifier>Parachute_bone28_BlendBone</identifier>
					<transform>
						<row0>-0.733698 -0.390808 0.555838</row0>
						<row1>0.523242 -0.846843 0.095259</row1>
						<row2>-0.433479 -0.360729 -0.825815</row2>
						<row3>1.528873 1.689865 -1.594682</row3>
					</transform>
				</node>
			</node>
			<node>
				<identifier>Parachute_bone29</identifier>
				<transform>
					<row0>0.970474 0.039195 0.237999</row0>
					<row1>-0.054757 0.996747 0.059129</row1>
					<row2>-0.234907 -0.070415 0.969464</row2>
					<row3>2.270653 0.184332 1.578274</row3>
				</transform>
				<node>
					<identifier>Parachute_bone29_BlendBone</identifier>
					<transform>
						<row0>0.970474 -0.054757 -0.234907</row0>
						<row1>0.039195 0.996747 -0.070415</row1>
						<row2>-0.237999 -0.059129 -0.969464</row2>
						<row3>-2.586463 -0.152720 -0.983708</row3>
					</transform>
				</node>
			</node>
			<node>
				<identifier>Parachute_bone30</identifier>
				<transform>
					<row0>0.782945 0.610254 0.120781</row0>
					<row1>-0.616643 0.786959 0.021133</row1>
					<row2>-0.082153 -0.091025 0.992454</row2>
					<row3>4.156831 0.781362 2.203550</row3>
				</transform>
				<node>
					<identifier>Parachute_bone30_BlendBone</identifier>
					<transform>
						<row0>0.782945 -0.616643 -0.082153</row0>
						<row1>0.610254 0.786960 -0.091025</row1>
						<row2>-0.120781 -0.021133 -0.992454</row2>
						<row3>-3.997545 1.901811 -1.774305</row3>
					</transform>
				</node>
			</node>
			<node>
				<identifier>Parachute_bone31</identifier>
				<transform>
					<row0>0.832878 -0.003295 -0.553446</row0>
					<row1>-0.020713 0.999096 -0.037118</row1>
					<row2>0.553068 0.042378 0.832057</row2>
					<row3>5.033637 0.867807 1.919997</row3>
				</transform>
				<node>
					<identifier>Parachute_bone31_BlendBone</identifier>
					<transform>
						<row0>0.832878 -0.020713 0.553068</row0>
						<row1>-0.003295 0.999096 0.042378</row1>
						<row2>0.553446 0.037118 -0.832057</row2>
						<row3>-3.126934 -0.691496 -4.418268</row3>
					</transform>
				</node>
			</node>
			<node>
				<identifier>Parachute_bone32</identifier>
				<transform>
					<row0>0.234618 -0.927896 -0.289765</row0>
					<row1>0.949657 0.282450 -0.135551</row1>
					<row2>0.207622 -0.243375 0.947450</row2>
					<row3>5.240757 0.754351 1.787867</row3>
				</transform>
				<node>
					<identifier>Parachute_bone32_BlendBone</identifier>
					<transform>
						<row0>0.234618 0.949657 0.207622</row0>
						<row1>-0.927896 0.282450 -0.243375</row1>
						<row2>0.289765 0.135551 -0.947450</row2>
						<row3>-0.011555 -4.947639 -2.598421</row3>
					</transform>
				</node>
			</node>
			<node>
				<identifier>Parachute_bone33</identifier>
				<transform>
					<row0>-0.583452 -0.787142 -0.199980</row0>
					<row1>0.802863 -0.521895 -0.288160</row1>
					<row2>0.122454 -0.328684 0.936468</row2>
					<row3>5.205948 0.256300 1.662482</row3>
				</transform>
				<node>
					<identifier>Parachute_bone33_BlendBone</identifier>
					<transform>
						<row0>-0.583452 0.802863 0.122454</row0>
						<row1>-0.787142 -0.521895 -0.328684</row1>
						<row2>0.199980 0.288160 -0.936468</row2>
						<row3>3.571626 -3.566841 -2.110109</row3>
					</transform>
				</node>
			</node>
			<node>
				<identifier>Parachute_bone34</identifier>
				<transform>
					<row0>0.572879 -0.280752 0.770057</row0>
					<row1>0.245732 0.955120 0.165413</row1>
					<row2>-0.781937 0.094466 0.616158</row2>
					<row3>1.129916 0.703893 1.046434</row3>
				</transform>
				<node>
					<identifier>Parachute_bone34_BlendBone</identifier>
					<transform>
						<row0>0.572879 0.245732 -0.781937</row0>
						<row1>-0.280752 0.955120 0.094466</row1>
						<row2>-0.770057 -0.165413 -0.616158</row2>
						<row3>-1.255500 -1.123052 0.172260</row3>
					</transform>
				</node>
			</node>
			<node>
				<identifier>Parachute_bone35</identifier>
				<transform>
					<row0>0.696804 -0.514016 0.500251</row0>
					<row1>0.516449 0.843539 0.147383</row1>
					<row2>-0.497739 0.155657 0.853245</row2>
					<row3>2.640782 0.648342 1.834128</row3>
				</transform>
				<node>
					<identifier>Parachute_bone35_BlendBone</identifier>
					<transform>
						<row0>0.696804 0.516449 -0.497739</row0>
						<row1>-0.514016 0.843539 0.155657</row1>
						<row2>-0.500251 -0.147383 -0.853245</row2>
						<row3>-2.424376 -2.181051 -0.351460</row3>
					</transform>
				</node>
			</node>
			<node>
				<identifier>Parachute_bone36</identifier>
				<transform>
					<row0>0.807076 0.574099 0.137980</row0>
					<row1>-0.587303 0.804637 0.087377</row1>
					<row2>-0.060861 -0.151556 0.986573</row2>
					<row3>3.549480 0.496275 1.973347</row3>
				</transform>
				<node>
					<identifier>Parachute_bone36_BlendBone</identifier>
					<transform>
						<row0>0.807076 -0.587303 -0.060861</row0>
						<row1>0.574099 0.804637 -0.151556</row1>
						<row2>-0.137980 -0.087377 -0.986573</row2>
						<row3>-3.421895 1.512873 -1.655613</row3>
					</transform>
				</node>
			</node>
			<node>
				<identifier>Parachute_bone37</identifier>
				<transform>
					<row0>0.758509 0.619566 0.201997</row0>
					<row1>-0.513957 0.378190 0.769949</row1>
					<row2>0.400641 -0.687830 0.605290</row2>
					<row3>3.965161 0.891822 1.795007</row3>
				</transform>
				<node>
					<identifier>Parachute_bone37_BlendBone</identifier>
					<transform>
						<row0>0.758509 -0.513957 0.400641</row0>
						<row1>0.619566 0.378190 -0.687830</row1>
						<row2>-0.201997 -0.769949 -0.605290</row2>
						<row3>-3.922737 0.318581 -2.061683</row3>
					</transform>
				</node>
			</node>
			<node>
				<identifier>Parachute_bone38</identifier>
				<transform>
					<row0>0.866006 0.220575 -0.448755</row0>
					<row1>-0.169166 0.973768 0.152177</row1>
					<row2>0.470550 -0.055872 0.880603</row2>
					<row3>4.407896 0.948861 1.130769</row3>
				</transform>
				<node>
					<identifier>Parachute_bone38_BlendBone</identifier>
					<transform>
						<row0>0.866006 -0.169166 0.470550</row0>
						<row1>0.220575 0.973768 -0.055872</row1>
						<row2>0.448755 -0.152177 -0.880603</row2>
						<row3>-3.519119 -0.350382 -3.016879</row3>
					</transform>
				</node>
			</node>
			<node>
				<identifier>Parachute_bone39</identifier>
				<transform>
					<row0>0.615222 -0.139361 0.775938</row0>
					<row1>0.327000 0.940699 -0.090317</row1>
					<row2>-0.717338 0.309297 0.624310</row2>
					<row3>0.916987 0.669682 3.326085</row3>
				</transform>
				<node>
					<identifier>Parachute_bone39_BlendBone</identifier>
					<transform>
						<row0>0.615222 0.327000 -0.717337</row0>
						<row1>-0.139361 0.940699 0.309297</row1>
						<row2>-0.775938 0.090317 -0.624310</row2>
						<row3>-3.051660 -0.629421 -1.625848</row3>
					</transform>
				</node>
			</node>
			<node>
				<identifier>Parachute_bone40</identifier>
				<transform>
					<row0>0.748807 0.661934 0.033632</row0>
					<row1>-0.561998 0.607220 0.561642</row1>
					<row2>0.351348 -0.439463 0.826697</row2>
					<row3>3.672259 0.638525 1.698849</row3>
				</transform>
				<node>
					<identifier>Parachute_bone40_BlendBone</identifier>
					<transform>
						<row0>0.748807 -0.561999 0.351348</row0>
						<row1>0.661934 0.607220 -0.439463</row1>
						<row2>-0.033632 -0.561642 -0.826697</row2>
						<row3>-3.229612 0.721934 -2.414065</row3>
					</transform>
				</node>
			</node>
			<node>
				<identifier>Parachute_bone41</identifier>
				<transform>
					<row0>0.725034 -0.542172 0.424706</row0>
					<row1>0.601972 0.798474 -0.008334</row1>
					<row2>-0.334598 0.261703 0.905293</row2>
					<row3>1.634350 0.804047 3.613231</row3>
				</transform>
				<node>
					<identifier>Parachute_bone41_BlendBone</identifier>
					<transform>
						<row0>0.725034 0.601972 -0.334598</row0>
						<row1>-0.542172 0.798474 0.261703</row1>
						<row2>-0.424706 0.008334 -0.905293</row2>
						<row3>-2.283587 -1.595729 -2.934606</row3>
					</transform>
				</node>
			</node>
			<node>
				<identifier>Parachute_bone42</identifier>
				<transform>
					<row0>0.984168 -0.166297 0.061312</row0>
					<row1>0.177161 0.912765 -0.368068</row1>
					<row2>0.005245 0.373103 0.927775</row2>
					<row3>2.951063 0.465123 2.279813</row3>
				</transform>
				<node>
					<identifier>Parachute_bone42_BlendBone</identifier>
					<transform>
						<row0>0.984168 0.177161 0.005245</row0>
						<row1>-0.166297 0.912765 0.373103</row1>
						<row2>-0.061312 0.368069 -0.927775</row2>
						<row3>-2.966773 -0.108235 -2.304170</row3>
					</transform>
				</node>
			</node>
			<node>
				<identifier>Parachute_bone43</identifier>
				<transform>
					<row0>0.702934 0.710294 0.036961</row0>
					<row1>-0.578058 0.540246 0.611542</row1>
					<row2>0.414406 -0.451239 0.790348</row2>
					<row3>3.347271 0.968506 1.312269</row3>
				</transform>
				<node>
					<identifier>Parachute_bone43_BlendBone</identifier>
					<transform>
						<row0>0.702934 -0.578058 0.414406</row0>
						<row1>0.710294 0.540246 -0.451239</row1>
						<row2>-0.036961 -0.611542 -0.790348</row2>
						<row3>-3.089338 0.609177 -1.987253</row3>
					</transform>
				</node>
			</node>
			<node>
				<identifier>Parachute_bone44</identifier>
				<transform>
					<row0>0.909686 0.258907 -0.324714</row0>
					<row1>-0.214390 0.962409 0.166753</row1>
					<row2>0.355681 -0.082077 0.930996</row2>
					<row3>3.117242 1.383940 0.886529</row3>
				</transform>
				<node>
					<identifier>Parachute_bone44_BlendBone</identifier>
					<transform>
						<row0>0.909686 -0.214390 0.355681</row0>
						<row1>0.258907 0.962409 -0.082077</row1>
						<row2>0.324714 -0.166753 -0.930996</row2>
						<row3>-2.906152 -0.811442 -1.820511</row3>
					</transform>
				</node>
			</node>
			<node>
				<identifier>Parachute_bone45</identifier>
				<transform>
					<row0>0.916208 -0.121876 -0.381720</row0>
					<row1>0.106824 0.992438 -0.060467</row1>
					<row2>0.386202 0.014623 0.922298</row2>
					<row3>3.076815 1.428620 0.396627</row3>
				</transform>
				<node>
					<identifier>Parachute_bone45_BlendBone</identifier>
					<transform>
						<row0>0.916208 0.106824 0.386202</row0>
						<row1>-0.121876 0.992438 0.014623</row1>
						<row2>0.381720 0.060467 -0.922298</row2>
						<row3>-2.493486 -1.722512 -1.574972</row3>
					</transform>
				</node>
			</node>
			<node>
				<identifier>Parachute_bone46</identifier>
				<transform>
					<row0>0.807910 -0.271508 -0.523034</row0>
					<row1>0.103284 0.939042 -0.327921</row1>
					<row2>0.580185 0.210909 0.786704</row2>
					<row3>3.081306 1.368538 -0.079725</row3>
				</transform>
				<node>
					<identifier>Parachute_bone46_BlendBone</identifier>
					<transform>
						<row0>0.807910 0.103284 0.580184</row0>
						<row1>-0.271508 0.939042 0.210909</row1>
						<row2>0.523034 0.327921 -0.786704</row2>
						<row3>-2.159547 -1.629507 -2.013643</row3>
					</transform>
				</node>
			</node>
			<node>
				<identifier>Parachute_bone47</identifier>
				<transform>
					<row0>0.964768 0.007456 -0.262995</row0>
					<row1>0.020445 0.994451 0.103195</row1>
					<row2>0.262305 -0.104937 0.959262</row2>
					<row3>2.752733 0.184332 3.952095</row3>
				</transform>
				<node>
					<identifier>Parachute_bone47_BlendBone</identifier>
					<transform>
						<row0>0.964768 0.020445 0.262305</row0>
						<row1>0.007456 0.994451 -0.104937</row1>
						<row2>0.262995 -0.103195 -0.959262</row2>
						<row3>-1.617742 -0.647427 -4.493808</row3>
					</transform>
				</node>
			</node>
			<node>
				<identifier>Parachute_bone48</identifier>
				<transform>
					<row0>0.954910 -0.054018 0.291940</row0>
					<row1>0.006050 0.986645 0.162772</row1>
					<row2>-0.296834 -0.153666 0.942484</row2>
					<row3>3.080448 0.191674 3.459376</row3>
				</transform>
				<node>
					<identifier>Parachute_bone48_BlendBone</identifier>
					<transform>
						<row0>0.954910 0.006050 -0.296834</row0>
						<row1>-0.054018 0.986645 -0.153666</row1>
						<row2>-0.291940 -0.162772 -0.942484</row2>
						<row3>-3.941127 -0.770839 -2.316571</row3>
					</transform>
				</node>
			</node>
			<node>
				<identifier>Parachute_bone49</identifier>
				<transform>
					<row0>0.996806 -0.018254 0.077750</row0>
					<row1>-0.002868 0.964720 0.263261</row1>
					<row2>-0.079812 -0.262643 0.961587</row2>
					<row3>1.898068 0.344509 -0.248204</row3>
				</transform>
				<node>
					<identifier>Parachute_bone49_BlendBone</identifier>
					<transform>
						<row0>0.996806 -0.002868 -0.079812</row0>
						<row1>-0.018254 0.964720 -0.262643</row1>
						<row2>-0.077750 -0.263261 -0.961587</row2>
						<row3>-1.866419 -0.261569 0.480641</row3>
					</transform>
				</node>
			</node>
			<node>
				<identifier>Parachute_bone50</identifier>
				<transform>
					<row0>0.953026 0.296822 0.060314</row0>
					<row1>-0.300813 0.904276 0.302980</row1>
					<row2>0.035391 -0.306891 0.951086</row2>
					<row3>3.894936 0.439433 3.617523</row3>
				</transform>
				<node>
					<identifier>Parachute_bone50_BlendBone</identifier>
					<transform>
						<row0>0.953026 -0.300813 0.035391</row0>
						<row1>0.296822 0.904276 -0.306891</row1>
						<row2>-0.060314 -0.302980 -0.951086</row2>
						<row3>-4.060596 -0.321757 -3.443563</row3>
					</transform>
				</node>
			</node>
			<node>
				<identifier>Parachute_bone51</identifier>
				<transform>
					<row0>0.885046 -0.170838 -0.433021</row0>
					<row1>0.459993 0.178258 0.869845</row1>
					<row2>-0.071413 -0.969040 0.236351</row2>
					<row3>5.356258 0.528317 3.310945</row3>
				</transform>
				<node>
					<identifier>Parachute_bone51_BlendBone</identifier>
					<transform>
						<row0>0.885046 0.459993 -0.071413</row0>
						<row1>-0.170838 0.178258 -0.969040</row1>
						<row2>0.433021 -0.869845 -0.236351</row2>
						<row3>-3.216570 -5.438026 0.111919</row3>
					</transform>
				</node>
			</node>
			<node>
				<identifier>Parachute_bone52</identifier>
				<transform>
					<row0>0.877623 0.471594 0.085889</row0>
					<row1>-0.474955 0.831289 0.288750</row1>
					<row2>0.064774 -0.294207 0.953544</row2>
					<row3>3.623718 0.472184 2.417511</row3>
				</transform>
				<node>
					<identifier>Parachute_bone52_BlendBone</identifier>
					<transform>
						<row0>0.877623 -0.474955 0.064774</row0>
						<row1>0.471594 0.831289 -0.294207</row1>
						<row2>-0.085889 -0.288750 -0.953544</row2>
						<row3>-3.610574 0.630523 -2.401008</row3>
					</transform>
				</node>
			</node>
			<node>
				<identifier>Parachute_bone53</identifier>
				<transform>
					<row0>0.945502 -0.153956 -0.286922</row0>
					<row1>0.202232 0.968262 0.146872</row1>
					<row2>0.255203 -0.196893 0.946628</row2>
					<row3>4.935296 0.817598 2.434223</row3>
				</transform>
				<node>
					<identifier>Parachute_bone53_BlendBone</identifier>
					<transform>
						<row0>0.945502 0.202232 0.255203</row0>
						<row1>-0.153956 0.968262 -0.196893</row1>
						<row2>0.286922 -0.146872 -0.946628</row2>
						<row3>-3.842026 -2.147243 -3.402829</row3>
					</transform>
				</node>
			</node>
			<node>
				<identifier>Parachute_bone54</identifier>
				<transform>
					<row0>0.826593 -0.004354 0.562784</row0>
					<row1>-0.019992 0.999112 0.037094</row1>
					<row2>-0.562445 -0.041913 0.825771</row2>
					<row3>3.325702 0.332134 2.134046</row3>
				</transform>
				<node>
					<identifier>Parachute_bone54_BlendBone</identifier>
					<transform>
						<row0>0.826593 -0.019992 -0.562445</row0>
						<row1>-0.004354 0.999112 -0.041913</row1>
						<row2>-0.562784 -0.037094 -0.825771</row2>
						<row3>-3.948561 -0.344511 0.122213</row3>
					</transform>
				</node>
			</node>
			<node>
				<identifier>Parachute_bone55</identifier>
				<transform>
					<row0>0.940025 -0.231146 0.250848</row0>
					<row1>0.244434 0.969400 -0.022728</row1>
					<row2>-0.237919 0.082680 0.967760</row2>
					<row3>2.751768 0.692893 2.726454</row3>
				</transform>
				<node>
					<identifier>Parachute_bone55_BlendBone</identifier>
					<transform>
						<row0>0.940025 0.244434 -0.237919</row0>
						<row1>-0.231146 0.969400 0.082680</row1>
						<row2>-0.250848 0.022728 -0.967760</row2>
						<row3>-3.110497 -1.282350 -2.041144</row3>
					</transform>
				</node>
			</node>
			<node>
				<identifier>Parachute_bone56</identifier>
				<transform>
					<row0>0.670749 -0.648829 0.359328</row0>
					<row1>0.502839 0.753949 0.422746</row1>
					<row2>-0.545205 -0.102873 0.831967</row2>
					<row3>1.620787 0.862417 3.992289</row3>
				</transform>
				<node>
					<identifier>Parachute_bone56_BlendBone</identifier>
					<transform>
						<row0>0.670749 0.502839 -0.545205</row0>
						<row1>-0.648829 0.753949 -0.102873</row1>
						<row2>-0.359328 -0.422746 -0.831967</row2>
						<row3>-1.962121 -3.152938 -2.349074</row3>
					</transform>
				</node>
			</node>
			<node>
				<identifier>Parachute_bone57</identifier>
				<transform>
					<row0>0.528584 -0.224210 0.818736</row0>
					<row1>-0.391675 0.791269 0.469557</row1>
					<row2>-0.753120 -0.568879 0.330435</row2>
					<row3>1.577357 0.412369 1.928610</row3>
				</transform>
				<node>
					<identifier>Parachute_bone57_BlendBone</identifier>
					<transform>
						<row0>0.528584 -0.391675 -0.753120</row0>
						<row1>-0.224210 0.791269 -0.568879</row1>
						<row2>-0.818736 -0.469557 -0.330435</row2>
						<row3>-2.320332 -0.614076 0.785247</row3>
					</transform>
				</node>
			</node>
			<node>
				<identifier>Parachute_bone58</identifier>
				<transform>
					<row0>0.521720 -0.170533 0.835899</row0>
					<row1>-0.072117 0.967495 0.242391</row1>
					<row2>-0.850063 -0.186742 0.492463</row2>
					<row3>1.651916 0.508855 1.710077</row3>
				</transform>
				<node>
					<identifier>Parachute_bone58_BlendBone</identifier>
					<transform>
						<row0>0.521720 -0.072117 -0.850063</row0>
						<row1>-0.170533 0.967495 -0.186742</row1>
						<row2>-0.835899 -0.242391 -0.492463</row2>
						<row3>-2.204513 -0.787690 0.657107</row3>
					</transform>
				</node>
			</node>
			<node>
				<identifier>Parachute_bone59</identifier>
				<transform>
					<row0>-0.354152 0.877942 0.322172</row0>
					<row1>-0.831875 -0.453140 0.320389</row1>
					<row2>0.427272 -0.154540 0.890818</row2>
					<row3>2.580158 0.833916 0.454466</row3>
				</transform>
				<node>
					<identifier>Parachute_bone59_BlendBone</identifier>
					<transform>
						<row0>-0.354152 -0.831874 0.427272</row0>
						<row1>0.877942 -0.453140 -0.154540</row1>
						<row2>-0.322172 -0.320389 -0.890818</row2>
						<row3>0.035222 2.378642 -1.378402</row3>
					</transform>
				</node>
			</node>
			<node>
				<identifier>Parachute_bone60</identifier>
				<transform>
					<row0>0.519710 -0.751130 -0.407069</row0>
					<row1>0.709538 0.644877 -0.284060</row1>
					<row2>0.475875 -0.141202 0.868104</row2>
					<row3>3.504676 0.890541 0.431729</row3>
				</transform>
				<node>
					<identifier>Parachute_bone60_BlendBone</identifier>
					<transform>
						<row0>0.519711 0.709538 0.475875</row0>
						<row1>-0.751130 0.644877 -0.141202</row1>
						<row2>0.407069 0.284060 -0.868104</row2>
						<row3>-0.976762 -2.938352 -1.916829</row3>
					</transform>
				</node>
			</node>
			<node>
				<identifier>Parachute_bone61</identifier>
				<transform>
					<row0>0.628733 -0.599583 -0.495171</row0>
					<row1>0.727039 0.679160 0.100774</row1>
					<row2>0.275878 -0.423369 0.862931</row2>
					<row3>5.431177 0.734375 2.569543</row3>
				</transform>
				<node>
					<identifier>Parachute_bone61_BlendBone</identifier>
					<transform>
						<row0>0.628733 0.727039 0.275878</row0>
						<row1>-0.599583 0.679160 -0.423369</row1>
						<row2>0.495171 -0.100774 -0.862931</row2>
						<row3>-1.702080 -4.706380 -3.404769</row3>
					</transform>
				</node>
			</node>
			<node>
				<identifier>Parachute_bone62</identifier>
				<transform>
					<row0>0.990011 -0.036152 -0.136273</row0>
					<row1>0.080574 0.938246 0.336457</row1>
					<row2>0.115694 -0.344076 0.931787</row2>
					<row3>4.498148 0.532216 3.477764</row3>
				</transform>
				<node>
					<identifier>Parachute_bone62_BlendBone</identifier>
					<transform>
						<row0>0.990012 0.080574 0.115694</row0>
						<row1>-0.036152 0.938246 -0.344076</row1>
						<row2>0.136273 -0.336457 -0.931787</row2>
						<row3>-3.960051 -2.031902 -3.577821</row3>
					</transform>
				</node>
			</node>
			<node>
				<identifier>Parachute_bone63</identifier>
				<transform>
					<row0>0.762719 -0.487134 -0.425394</row0>
					<row1>0.536220 0.844062 -0.005139</row1>
					<row2>0.361562 -0.224185 0.904994</row2>
					<row3>3.710885 1.237702 1.056725</row3>
				</transform>
				<node>
					<identifier>Parachute_bone63_BlendBone</identifier>
					<transform>
						<row0>0.762719 0.536220 0.361562</row0>
						<row1>-0.487134 0.844062 -0.224185</row1>
						<row2>0.425394 0.005139 -0.904994</row2>
						<row3>-1.777911 -3.029120 -2.020572</row3>
					</transform>
				</node>
			</node>
			<node>
				<identifier>Parachute_bone64</identifier>
				<transform>
					<row0>0.901597 -0.100811 -0.420667</row0>
					<row1>0.110416 0.993884 -0.001531</row1>
					<row2>0.418249 -0.045068 0.907214</row2>
					<row3>4.722515 0.763262 1.699030</row3>
				</transform>
				<node>
					<identifier>Parachute_bone64_BlendBone</identifier>
					<transform>
						<row0>0.901597 0.110416 0.418249</row0>
						<row1>-0.100811 0.993884 -0.045068</row1>
						<row2>0.420667 0.001531 -0.907214</row2>
						<row3>-3.466133 -1.277434 -3.482170</row3>
					</transform>
				</node>
			</node>
			<node>
				<identifier>Parachute_bone65</identifier>
				<transform>
					<row0>0.877525 0.250328 -0.409006</row0>
					<row1>-0.211530 0.967533 0.138331</row1>
					<row2>0.430355 -0.034872 0.901986</row2>
					<row3>4.485792 0.805068 2.615157</row3>
				</transform>
				<node>
					<identifier>Parachute_bone65_BlendBone</identifier>
					<transform>
						<row0>0.877525 -0.211530 0.430355</row0>
						<row1>0.250328 0.967533 -0.034872</row1>
						<row2>0.409006 -0.138331 -0.901986</row2>
						<row3>-3.068310 -0.191807 -4.261243</row3>
					</transform>
				</node>
			</node>
			<node>
				<identifier>Parachute_bone66</identifier>
				<transform>
					<row0>0.796524 0.296189 -0.527088</row0>
					<row1>-0.312002 0.948103 0.061282</row1>
					<row2>0.517885 0.115639 0.847598</row2>
					<row3>4.116743 1.013128 0.070589</row3>
				</transform>
				<node>
					<identifier>Parachute_bone66_BlendBone</identifier>
					<transform>
						<row0>0.796524 -0.312002 0.517885</row0>
						<row1>0.296189 0.948103 0.115639</row1>
						<row2>0.527088 -0.061282 -0.847598</row2>
						<row3>-3.541955 0.319555 -2.308988</row3>
					</transform>
				</node>
			</node>
			<node>
				<identifier>Parachute_bone67</identifier>
				<transform>
					<row0>0.403019 -0.014849 0.915071</row0>
					<row1>0.138003 0.989422 -0.044724</row1>
					<row2>-0.904727 0.144307 0.400805</row2>
					<row3>1.104826 0.280963 1.492898</row3>
				</transform>
				<node>
					<identifier>Parachute_bone67_BlendBone</identifier>
					<transform>
						<row0>0.403019 0.138003 -0.904727</row0>
						<row1>-0.014849 0.989422 0.144307</row1>
						<row2>-0.915071 0.044724 -0.400805</row2>
						<row3>-1.807202 -0.363690 0.360660</row3>
