<?xml version="1.0" encoding="utf-8"?>
<root>
	<node>
		<identifier>Scene Root</identifier>
		<transform>
			<row0>1.000000 0.000000 0.000000</row0>
			<row1>0.000000 1.000000 0.000000</row1>
			<row2>0.000000 0.000000 1.000000</row2>
			<row3>0.000000 0.000000 0.000000</row3>
		</transform>
		<node>
			<identifier>ClothOptimal_Root</identifier>
			<transform>
				<row0>1.000000 0.000000 0.000000</row0>
				<row1>0.000000 1.000000 0.000000</row1>
				<row2>0.000000 0.000000 1.000000</row2>
				<row3>0.000000 0.000000 0.000000</row3>
			</transform>
			<node>
				<identifier>ClothOptimal</identifier>
				<transform>
					<row0>0.947382 0.292310 -0.130468</row0>
					<row1>0.063465 0.227966 0.971599</row1>
					<row2>0.313750 -0.928755 0.197420</row2>
					<row3>-0.133448 1.353609 -0.331856</row3>
				</transform>
				<node>
					<identifier>ClothOptimal_BlendBone</identifier>
					<transform>
						<row0>0.947382 0.063465 0.313750</row0>
						<row1>0.292310 0.227966 -0.928755</row1>
						<row2>0.130468 -0.971598 -0.197420</row2>
						<row3>-0.312544 0.022323 1.364556</row3>
					</transform>
				</node>
			</node>
			<node>
				<identifier>ClothOptimal1</identifier>
				<transform>
					<row0>0.516095 0.804483 -0.294030</row0>
					<row1>-0.465379 0.551560 0.692246</row1>
					<row2>0.719075 -0.220429 0.659046</row2>
					<row3>-0.400541 1.465560 -0.430337</row3>
				</transform>
				<node>
					<identifier>ClothOptimal1_BlendBone</identifier>
					<transform>
						<row0>0.516095 -0.465379 0.719075</row0>
						<row1>0.804483 0.551560 -0.220429</row1>
						<row2>0.294030 -0.692246 -0.659047</row2>
						<row3>-1.098832 -0.696849 0.894684</row3>
					</transform>
				</node>
			</node>
			<node>
				<identifier>ClothOptimal10</identifier>
				<transform>
					<row0>0.947425 0.192629 -0.255500</row0>
					<row1>-0.281608 0.881099 -0.379950</row1>
					<row2>0.151931 0.431925 0.889021</row2>
					<row3>-0.342417 1.474238 -0.600625</row3>
				</transform>
				<node>
					<identifier>ClothOptimal10_BlendBone</identifier>
					<transform>
						<row0>0.947425 -0.281608 0.151931</row0>
						<row1>0.192629 0.881099 0.431925</row1>
						<row2>0.255500 0.379950 -0.889021</row2>
						<row3>-0.113027 -1.623584 -0.050768</row3>
					</transform>
				</node>
			</node>
			<node>
				<identifier>ClothOptimal100</identifier>
				<transform>
					<row0>0.957038 0.248154 -0.149991</row0>
					<row1>0.009564 0.489981 0.871681</row1>
					<row2>0.289804 -0.835666 0.466557</row2>
					<row3>-0.129472 1.480517 -0.377108</row3>
				</transform>
				<node>
					<identifier>ClothOptimal100_BlendBone</identifier>
					<transform>
						<row0>0.957038 0.009564 0.289804</row0>
						<row1>0.248154 0.489981 -0.835666</row1>
						<row2>0.149991 -0.871681 -0.466557</row2>
						<row3>-0.300050 -0.395469 1.450682</row3>
					</transform>
				</node>
			</node>
			<node>
				<identifier>ClothOptimal101</identifier>
				<transform>
					<row0>0.081481 0.855893 -0.510694</row0>
					<row1>0.993295 -0.027570 0.112273</row1>
					<row2>0.082014 -0.516418 -0.852400</row2>
					<row3>-0.411634 0.261470 -0.345683</row3>
				</transform>
				<node>
					<identifier>ClothOptimal101_BlendBone</identifier>
					<transform>
						<row0>0.081481 0.993295 0.082014</row0>
						<row1>0.855893 -0.027570 -0.516418</row1>
						<row2>0.510694 -0.112274 0.852400</row2>
						<row3>-0.366788 0.454894 -0.125872</row3>
					</transform>
				</node>
			</node>
			<node>
				<identifier>ClothOptimal102</identifier>
				<transform>
					<row0>0.347017 0.744533 -0.570307</row0>
					<row1>0.893023 -0.076544 0.443453</row1>
					<row2>0.286512 -0.663183 -0.691447</row2>
					<row3>-0.448154 0.354327 -0.455458</row3>
				</transform>
				<node>
					<identifier>ClothOptimal102_BlendBone</identifier>
					<transform>
						<row0>0.347017 0.893023 0.286512</row0>
						<row1>0.744533 -0.076544 -0.663183</row1>
						<row2>0.570307 -0.443453 0.691447</row2>
						<row3>-0.368042 0.629307 0.048460</row3>
					</transform>
				</node>
			</node>
			<node>
				<identifier>ClothOptimal103</identifier>
				<transform>
					<row0>0.369395 -0.133049 -0.919699</row0>
					<row1>0.871983 0.391754 0.293556</row1>
					<row2>0.321238 -0.910399 0.260729</row2>
					<row3>0.122314 1.313675 -0.463652</row3>
				</transform>
				<node>
					<identifier>ClothOptimal103_BlendBone</identifier>
					<transform>
						<row0>0.369395 0.871983 0.321238</row0>
						<row1>-0.133049 0.391754 -0.910399</row1>
						<row2>0.919699 -0.293556 -0.260729</row2>
						<row3>-0.296818 -0.485185 1.277564</row3>
					</transform>
				</node>
			</node>
			<node>
				<identifier>ClothOptimal104</identifier>
				<transform>
					<row0>0.244884 0.565300 0.787698</row0>
					<row1>-0.968590 0.178818 0.172790</row1>
					<row2>-0.043177 -0.805270 0.591334</row2>
					<row3>-0.372038 0.427238 -0.427367</row3>
				</transform>
				<node>
					<identifier>ClothOptimal104_BlendBone</identifier>
					<transform>
						<row0>0.244884 -0.968590 -0.043177</row0>
						<row1>0.565300 0.178818 -0.805270</row1>
						<row2>-0.787698 -0.172790 -0.591334</row2>
						<row3>0.186225 -0.362906 0.580695</row3>
					</transform>
				</node>
			</node>
			<node>
				<identifier>ClothOptimal105</identifier>
				<transform>
					<row0>-0.954329 -0.198446 -0.223329</row0>
					<row1>0.268036 -0.238541 -0.933410</row1>
					<row2>0.131959 -0.950641 0.280837</row2>
					<row3>0.077973 1.218845 -0.388859</row3>
				</transform>
				<node>
					<identifier>ClothOptimal105_BlendBone</identifier>
					<transform>
						<row0>-0.954329 0.268036 0.131959</row0>
						<row1>-0.198446 -0.238541 -0.950641</row1>
						<row2>0.223329 0.933410 -0.280837</row2>
						<row3>0.229444 -0.093121 1.257601</row3>
					</transform>
				</node>
			</node>
			<node>
				<identifier>ClothOptimal106</identifier>
				<transform>
					<row0>-0.185772 0.487318 0.853235</row0>
					<row1>-0.970096 0.047087 -0.238109</row1>
					<row2>-0.156211 -0.871954 0.463997</row2>
					<row3>-0.385054 0.472270 -0.290169</row3>
				</transform>
				<node>
					<identifier>ClothOptimal106_BlendBone</identifier>
					<transform>
						<row0>-0.185772 -0.970096 -0.156211</row0>
						<row1>0.487318 0.047087 -0.871954</row1>
						<row2>-0.853235 0.238109 -0.463997</row2>
						<row3>-0.054095 -0.464869 0.486286</row3>
					</transform>
				</node>
			</node>
			<node>
				<identifier>ClothOptimal107</identifier>
				<transform>
					<row0>-0.817882 -0.184055 0.545154</row0>
					<row1>-0.567028 0.096919 -0.817977</row1>
					<row2>0.097717 -0.978126 -0.183633</row2>
					<row3>0.074512 1.106098 -0.355545</row3>
				</transform>
				<node>
					<identifier>ClothOptimal107_BlendBone</identifier>
					<transform>
						<row0>-0.817882 -0.567027 0.097717</row0>
						<row1>-0.184055 0.096919 -0.978126</row1>
						<row2>-0.545154 0.817977 0.183633</row2>
						<row3>0.458352 -0.355779 1.009333</row3>
					</transform>
				</node>
			</node>
			<node>
				<identifier>ClothOptimal108</identifier>
				<transform>
					<row0>0.896206 0.405374 -0.180241</row0>
					<row1>0.336905 -0.357560 0.871003</row1>
					<row2>0.288634 -0.841322 -0.457020</row2>
					<row3>-0.317882 0.521951 -0.245157</row3>
				</transform>
				<node>
					<identifier>ClothOptimal108_BlendBone</identifier>
					<transform>
						<row0>0.896206 0.336905 0.288634</row0>
						<row1>0.405374 -0.357560 -0.841322</row1>
						<row2>0.180241 -0.871003 0.457020</row2>
						<row3>0.029115 0.507257 0.418839</row3>
					</transform>
				</node>
			</node>
			<node>
				<identifier>ClothOptimal109</identifier>
				<transform>
					<row0>0.160831 0.948826 -0.271778</row0>
					<row1>-0.912416 0.037936 -0.407501</row1>
					<row2>-0.376338 0.313514 0.871825</row2>
					<row3>-0.527640 1.311475 -0.762936</row3>
				</transform>
				<node>
					<identifier>ClothOptimal109_BlendBone</identifier>
					<transform>
						<row0>0.160831 -0.912416 -0.376338</row0>
						<row1>0.948826 0.037936 0.313514</row1>
						<row2>0.271779 0.407501 -0.871825</row2>
						<row3>-1.366850 -0.842077 0.055410</row3>
					</transform>
				</node>
			</node>
			<node>
				<identifier>ClothOptimal11</identifier>
				<transform>
					<row0>0.649106 0.570883 -0.502747</row0>
					<row1>-0.446406 0.821005 0.355911</row1>
					<row2>0.615941 -0.006595 0.787764</row2>
					<row3>-0.374094 1.538865 -0.501157</row3>
				</transform>
				<node>
					<identifier>ClothOptimal11_BlendBone</identifier>
					<transform>
						<row0>0.649106 -0.446406 0.615941</row0>
						<row1>0.570883 0.821005 -0.006595</row1>
						<row2>0.502747 -0.355911 -0.787764</row2>
						<row3>-0.887641 -1.252046 0.635363</row3>
					</transform>
				</node>
			</node>
			<node>
				<identifier>ClothOptimal110</identifier>
				<transform>
					<row0>-0.491242 0.855405 0.164206</row0>
					<row1>-0.867436 -0.497539 -0.003187</row1>
					<row2>0.078972 -0.144004 0.986421</row2>
					<row3>-0.543760 0.599735 -0.427136</row3>
				</transform>
				<node>
					<identifier>ClothOptimal110_BlendBone</identifier>
					<transform>
						<row0>-0.491242 -0.867436 0.078972</row0>
						<row1>0.855405 -0.497539 -0.144004</row1>
						<row2>-0.164206 0.003187 -0.986421</row2>
						<row3>-0.709996 -0.174647 0.550642</row3>
					</transform>
				</node>
			</node>
			<node>
				<identifier>ClothOptimal111</identifier>
				<transform>
					<row0>0.475667 0.855743 -0.203579</row0>
					<row1>-0.846516 0.382434 -0.370343</row1>
					<row2>-0.239063 0.348493 0.906312</row2>
					<row3>-0.513650 1.415738 -0.711054</row3>
				</transform>
				<node>
					<identifier>ClothOptimal111_BlendBone</identifier>
					<transform>
						<row0>0.475667 -0.846516 -0.239063</row0>
						<row1>0.855743 0.382434 0.348493</row1>
						<row2>0.203579 0.370343 -0.906312</row2>
						<row3>-1.111938 -1.239574 0.028267</row3>
					</transform>
				</node>
			</node>
			<node>
				<identifier>ClothOptimal112</identifier>
				<transform>
					<row0>0.113162 0.925348 0.361837</row0>
					<row1>-0.987025 0.062944 0.147714</row1>
					<row2>0.113911 -0.373857 0.920464</row2>
					<row3>-0.502800 0.515453 -0.302535</row3>
				</transform>
				<node>
					<identifier>ClothOptimal112_BlendBone</identifier>
					<transform>
						<row0>0.113162 -0.987025 0.113911</row0>
						<row1>0.925348 0.062944 -0.373857</row1>
						<row2>-0.361837 -0.147714 -0.920464</row2>
						<row3>-0.310607 -0.484032 0.528453</row3>
					</transform>
				</node>
			</node>
			<node>
				<identifier>ClothOptimal113</identifier>
				<transform>
					<row0>0.745611 0.615850 -0.254544</row0>
					<row1>-0.649896 0.756464 -0.073469</row1>
					<row2>0.147307 0.220206 0.964266</row2>
					<row3>-0.500770 1.503462 -0.657017</row3>
				</transform>
				<node>
					<identifier>ClothOptimal113_BlendBone</identifier>
					<transform>
						<row0>0.745611 -0.649896 0.147307</row0>
						<row1>0.615850 0.756464 0.220206</row1>
						<row2>0.254544 0.073469 -0.964266</row2>
						<row3>-0.719767 -1.511033 0.376235</row3>
					</transform>
				</node>
			</node>
			<node>
				<identifier>ClothOptimal114</identifier>
				<transform>
					<row0>0.214268 0.972311 0.093281</row0>
					<row1>-0.973615 0.204923 0.100402</row1>
					<row2>0.078506 -0.112333 0.990565</row2>
					<row3>-0.559761 0.470970 -0.159451</row3>
				</transform>
				<node>
					<identifier>ClothOptimal114_BlendBone</identifier>
					<transform>
						<row0>0.214268 -0.973615 0.078506</row0>
						<row1>0.972311 0.204923 -0.112333</row1>
						<row2>-0.093281 -0.100402 -0.990565</row2>
						<row3>-0.323117 -0.625495 0.254796</row3>
					</transform>
				</node>
			</node>
			<node>
				<identifier>ClothOptimal115</identifier>
				<transform>
					<row0>0.765370 0.264954 -0.586523</row0>
					<row1>-0.254487 0.961648 0.102325</row1>
					<row2>0.591139 0.070946 0.803443</row2>
					<row3>-0.415690 1.509675 -0.523406</row3>
				</transform>
				<node>
					<identifier>ClothOptimal115_BlendBone</identifier>
					<transform>
						<row0>0.765370 -0.254487 0.591139</row0>
						<row1>0.264954 0.961648 0.070946</row1>
						<row2>0.586523 -0.102325 -0.803443</row2>
						<row3>-0.388827 -1.504006 0.559152</row3>
					</transform>
				</node>
			</node>
			<node>
				<identifier>ClothOptimal116</identifier>
				<transform>
					<row0>0.561387 0.705302 -0.432891</row0>
					<row1>0.589790 0.025951 0.807139</row1>
					<row2>0.580511 -0.708432 -0.401412</row2>
					<row3>-0.472406 0.383413 -0.103359</row3>
				</transform>
				<node>
					<identifier>ClothOptimal116_BlendBone</identifier>
					<transform>
						<row0>0.561387 0.589790 0.580511</row0>
						<row1>0.705302 0.025951 -0.708432</row1>
						<row2>0.432891 -0.807139 0.401412</row2>
						<row3>-0.049963 0.352095 0.504369</row3>
					</transform>
				</node>
			</node>
			<node>
				<identifier>ClothOptimal117</identifier>
				<transform>
					<row0>0.673859 0.498419 -0.545428</row0>
					<row1>-0.068077 0.776946 0.625876</row1>
					<row2>0.735717 -0.384621 0.557483</row2>
					<row3>-0.323877 1.535295 -0.483447</row3>
				</transform>
				<node>
					<identifier>ClothOptimal117_BlendBone</identifier>
					<transform>
						<row0>0.673859 -0.068077 0.735717</row0>
						<row1>0.498420 0.776946 -0.384621</row1>
						<row2>0.545428 -0.625876 -0.557483</row2>
						<row3>-0.810659 -0.912312 1.098302</row3>
					</transform>
				</node>
			</node>
			<node>
				<identifier>ClothOptimal118</identifier>
				<transform>
					<row0>0.060187 0.941551 -0.331451</row0>
					<row1>0.881566 -0.205892 -0.424793</row1>
					<row2>-0.468208 -0.266629 -0.842431</row2>
					<row3>-0.507544 0.282236 -0.172557</row3>
				</transform>
				<node>
					<identifier>ClothOptimal118_BlendBone</identifier>
					<transform>
						<row0>0.060187 0.881566 -0.468208</row0>
						<row1>0.941551 -0.205892 -0.266629</row1>
						<row2>0.331451 0.424793 0.842431</row2>
						<row3>-0.292386 0.432243 -0.307750</row3>
					</transform>
				</node>
			</node>
			<node>
				<identifier>ClothOptimal119</identifier>
				<transform>
					<row0>-0.330635 0.879193 -0.343075</row0>
					<row1>-0.943692 -0.312309 0.109125</row1>
					<row2>-0.011204 0.359837 0.932948</row2>
					<row3>-0.516332 1.168522 -0.820604</row3>
				</transform>
				<node>
					<identifier>ClothOptimal119_BlendBone</identifier>
					<transform>
						<row0>-0.330635 -0.943692 -0.011204</row0>
						<row1>0.879193 -0.312309 0.359837</row1>
						<row2>0.343075 -0.109124 -0.932948</row2>
						<row3>-1.479602 -0.032771 0.339318</row3>
					</transform>
				</node>
			</node>
			<node>
				<identifier>ClothOptimal12</identifier>
				<transform>
					<row0>0.522048 0.770083 -0.366659</row0>
					<row1>0.726875 -0.176784 0.663627</row1>
					<row2>0.446228 -0.612960 -0.652043</row2>
					<row3>-0.452073 0.210134 -0.299101</row3>
				</transform>
				<node>
					<identifier>ClothOptimal12_BlendBone</identifier>
					<transform>
						<row0>0.522048 0.726875 0.446228</row0>
						<row1>0.770083 -0.176784 -0.612960</row1>
						<row2>0.366659 -0.663627 0.652043</row2>
						<row3>-0.035485 0.564240 0.135504</row3>
					</transform>
				</node>
			</node>
			<node>
				<identifier>ClothOptimal120</identifier>
				<transform>
					<row0>0.214681 0.971890 0.096649</row0>
					<row1>-0.603782 0.054281 0.795299</row1>
					<row2>0.767698 -0.229091 0.598463</row2>
					<row3>-0.645512 0.659562 -0.525393</row3>
				</transform>
				<node>
					<identifier>ClothOptimal120_BlendBone</identifier>
					<transform>
						<row0>0.214681 -0.603782 0.767698</row0>
						<row1>0.971890 0.054281 -0.229091</row1>
						<row2>-0.096649 -0.795299 -0.598463</row2>
						<row3>-0.451664 -0.007706 0.961086</row3>
					</transform>
				</node>
			</node>
			<node>
				<identifier>ClothOptimal121</identifier>
				<transform>
					<row0>-0.299775 -0.279443 0.912166</row0>
					<row1>-0.953908 0.073819 -0.290879</row1>
					<row2>0.013949 -0.957320 -0.288692</row2>
					<row3>0.065878 0.937350 -0.338607</row3>
				</transform>
				<node>
					<identifier>ClothOptimal121_BlendBone</identifier>
					<transform>
						<row0>-0.299775 -0.953908 0.013949</row0>
						<row1>-0.279443 0.073819 -0.957320</row1>
						<row2>-0.912166 0.290879 0.288692</row2>
						<row3>0.590551 -0.104846 0.798672</row3>
					</transform>
				</node>
			</node>
			<node>
				<identifier>ClothOptimal122</identifier>
				<transform>
					<row0>0.872821 0.361873 0.327463</row0>
					<row1>-0.458269 0.376934 0.804929</row1>
					<row2>0.167850 -0.852625 0.494831</row2>
					<row3>-0.183089 0.547360 -0.183725</row3>
				</transform>
				<node>
					<identifier>ClothOptimal122_BlendBone</identifier>
					<transform>
						<row0>0.872821 -0.458269 0.167850</row0>
						<row1>0.361873 0.376934 -0.852625</row1>
						<row2>-0.327463 -0.804929 -0.494831</row2>
						<row3>0.021893 -0.142337 0.588337</row3>
					</transform>
				</node>
			</node>
			<node>
				<identifier>ClothOptimal123</identifier>
				<transform>
					<row0>0.893690 0.411867 -0.177999</row0>
					<row1>-0.206791 0.730154 0.651239</row1>
					<row2>0.398190 -0.545197 0.737702</row2>
					<row3>-0.230416 1.500636 -0.465418</row3>
				</transform>
				<node>
					<identifier>ClothOptimal123_BlendBone</identifier>
					<transform>
						<row0>0.893690 -0.206791 0.398190</row0>
						<row1>0.411867 0.730154 -0.545197</row1>
						<row2>0.177999 -0.651239 -0.737702</row2>
						<row3>-0.494986 -0.840245 1.253231</row3>
					</transform>
				</node>
			</node>
			<node>
				<identifier>ClothOptimal124</identifier>
				<transform>
					<row0>0.074393 -0.320333 0.944379</row0>
					<row1>-0.989884 0.091002 0.108845</row1>
					<row2>-0.120807 -0.942924 -0.310323</row2>
					<row3>0.043166 0.624851 -0.313265</row3>
				</transform>
				<node>
					<identifier>ClothOptimal124_BlendBone</identifier>
					<transform>
						<row0>0.074393 -0.989884 -0.120807</row0>
						<row1>-0.320333 0.091002 -0.942924</row1>
						<row2>-0.944379 -0.108845 0.310323</row2>
						<row3>0.492791 0.019964 0.497188</row3>
					</transform>
				</node>
			</node>
			<node>
				<identifier>ClothOptimal125</identifier>
				<transform>
					<row0>0.613226 0.732724 -0.295077</row0>
					<row1>0.618750 -0.213366 0.756058</row1>
					<row2>0.491022 -0.646213 -0.584214</row2>
					<row3>-0.505630 0.193922 -0.270749</row3>
				</transform>
				<node>
					<identifier>ClothOptimal125_BlendBone</identifier>
					<transform>
						<row0>0.613226 0.618750 0.491022</row0>
						<row1>0.732723 -0.213366 -0.646213</row1>
						<row2>0.295077 -0.756058 0.584214</row2>
						<row3>0.088083 0.558937 0.215415</row3>
					</transform>
				</node>
			</node>
			<node>
				<identifier>ClothOptimal126</identifier>
				<transform>
					<row0>-0.666211 0.704934 -0.243374</row0>
					<row1>-0.486455 -0.163415 0.858287</row1>
					<row2>0.565265 0.690191 0.451788</row2>
					<row3>-0.472293 1.014383 -0.823722</row3>
				</transform>
				<node>
					<identifier>ClothOptimal126_BlendBone</identifier>
					<transform>
						<row0>-0.666210 -0.486455 0.565265</row0>
						<row1>0.704934 -0.163415 0.690190</row1>
						<row2>0.243374 -0.858287 -0.451788</row2>
						<row3>-1.230192 0.643005 -0.060999</row3>
					</transform>
				</node>
			</node>
			<node>
				<identifier>ClothOptimal13</identifier>
				<transform>
					<row0>-0.240822 0.806383 -0.540141</row0>
					<row1>0.888700 -0.040505 -0.456697</row1>
					<row2>-0.390151 -0.590006 -0.706877</row2>
					<row3>-0.458225 0.308758 -0.391007</row3>
				</transform>
				<node>
					<identifier>ClothOptimal13_BlendBone</identifier>
					<transform>
						<row0>-0.240822 0.888700 -0.390151</row0>
						<row1>0.806383 -0.040505 -0.590006</row1>
						<row2>0.540141 0.456697 0.706877</row2>
						<row3>-0.570526 0.241159 -0.273002</row3>
					</transform>
				</node>
			</node>
			<node>
				<identifier>ClothOptimal14</identifier>
				<transform>
					<row0>0.473808 0.873412 0.112507</row0>
					<row1>-0.022157 -0.115893 0.993015</row1>
					<row2>0.880350 -0.472991 -0.035559</row2>
					<row3>-0.394893 0.401451 -0.493359</row3>
				</transform>
				<node>
					<identifier>ClothOptimal14_BlendBone</identifier>
					<transform>
						<row0>0.473808 -0.022157 0.880350</row0>
						<row1>0.873412 -0.115893 -0.472991</row1>
						<row2>-0.112507 -0.993015 0.035559</row2>
						<row3>-0.108022 0.527689 0.519983</row3>
					</transform>
				</node>
			</node>
			<node>
				<identifier>ClothOptimal15</identifier>
				<transform>
					<row0>-0.099750 0.511353 0.853562</row0>
					<row1>-0.991938 0.016285 -0.125677</row1>
					<row2>-0.078166 -0.859217 0.505606</row2>
					<row3>-0.344632 0.450406 -0.355652</row3>
				</transform>
				<node>
					<identifier>ClothOptimal15_BlendBone</identifier>
					<transform>
						<row0>-0.099750 -0.991937 -0.078166</row0>
						<row1>0.511353 0.016285 -0.859216</row1>
						<row2>-0.853562 0.125677 -0.505606</row2>
						<row3>0.038877 -0.393886 0.539878</row3>
					</transform>
				</node>
			</node>
			<node>
				<identifier>ClothOptimal16</identifier>
				<transform>
					<row0>0.508218 0.685027 0.521971</row0>
					<row1>-0.704287 -0.018249 0.709680</row1>
					<row2>0.495675 -0.728290 0.473181</row2>
					<row3>-0.383325 0.504550 -0.216143</row3>
				</transform>
				<node>
					<identifier>ClothOptimal16_BlendBone</identifier>
					<transform>
						<row0>0.508218 -0.704288 0.495675</row0>
						<row1>0.685027 -0.018249 -0.728290</row1>
						<row2>-0.521971 -0.709680 -0.473181</row2>
						<row3>-0.037997 -0.107371 0.659738</row3>
					</transform>
				</node>
			</node>
			<node>
				<identifier>ClothOptimal17</identifier>
				<transform>
					<row0>0.886021 0.353385 0.300144</row0>
					<row1>-0.425166 0.361056 0.829983</row1>
					<row2>0.184935 -0.862993 0.470150</row2>
					<row3>-0.245423 0.528493 -0.219730</row3>
				</transform>
				<node>
					<identifier>ClothOptimal17_BlendBone</identifier>
					<transform>
						<row0>0.886021 -0.425166 0.184935</row0>
						<row1>0.353385 0.361056 -0.862994</row1>
						<row2>-0.300144 -0.829983 -0.470150</row2>
						<row3>0.096639 -0.112788 0.604779</row3>
					</transform>
				</node>
			</node>
			<node>
				<identifier>ClothOptimal18</identifier>
				<transform>
					<row0>-0.609797 -0.099492 -0.786288</row0>
					<row1>0.792089 -0.110629 -0.600297</row1>
					<row2>-0.027261 -0.988869 0.146268</row2>
					<row3>0.120432 0.734388 -0.294659</row3>
				</transform>
				<node>
					<identifier>ClothOptimal18_BlendBone</identifier>
					<transform>
						<row0>-0.609797 0.792089 -0.027261</row0>
						<row1>-0.099492 -0.110629 -0.988869</row1>
						<row2>0.786288 0.600297 -0.146268</row2>
						<row3>-0.085182 -0.191032 0.772596</row3>
					</transform>
				</node>
			</node>
			<node>
				<identifier>ClothOptimal19</identifier>
				<transform>
					<row0>-0.822705 -0.386923 -0.416471</row0>
					<row1>0.445926 0.015124 -0.894942</row1>
					<row2>0.352572 -0.921988 0.160096</row2>
					<row3>0.108066 0.754644 -0.410595</row3>
				</transform>
				<node>
					<identifier>ClothOptimal19_BlendBone</identifier>
					<transform>
						<row0>-0.822705 0.445926 0.352572</row0>
						<row1>-0.386923 0.015124 -0.921988</row1>
						<row2>0.416471 0.894942 -0.160096</row2>
						<row3>0.209895 -0.427062 0.723407</row3>
					</transform>
				</node>
			</node>
			<node>
				<identifier>ClothOptimal2</identifier>
				<transform>
					<row0>0.901476 0.416051 0.119344</row0>
					<row1>-0.331808 0.487233 0.807779</row1>
					<row2>0.277929 -0.767793 0.577278</row2>
					<row3>-0.232921 1.408709 -0.357849</row3>
				</transform>
				<node>
					<identifier>ClothOptimal2_BlendBone</identifier>
					<transform>
						<row0>0.901476 -0.331808 0.277929</row0>
						<row1>0.416051 0.487233 -0.767793</row1>
						<row2>-0.119344 -0.807779 -0.577278</row2>
						<row3>-0.333415 -0.474592 1.352910</row3>
					</transform>
				</node>
			</node>
			<node>
				<identifier>ClothOptimal20</identifier>
				<transform>
					<row0>0.001374 -0.281508 0.959558</row0>
					<row1>-0.992292 0.118521 0.036192</row1>
					<row2>-0.123916 -0.952211 -0.279175</row2>
					<row3>0.057142 0.766363 -0.313424</row3>
				</transform>
				<node>
					<identifier>ClothOptimal20_BlendBone</identifier>
					<transform>
						<row0>0.001374 -0.992292 -0.123916</row0>
						<row1>-0.281508 0.118521 -0.952211</row1>
						<row2>-0.959558 -0.036192 0.279175</row2>
						<row3>0.516406 -0.022785 0.649320</row3>
					</transform>
				</node>
			</node>
			<node>
				<identifier>ClothOptimal21</identifier>
				<transform>
					<row0>0.959020 0.228951 -0.166921</row0>
					<row1>0.138012 0.137048 0.980903</row1>
					<row2>0.247455 -0.963742 0.099834</row2>
					<row3>-0.057826 0.581845 -0.190130</row3>
				</transform>
				<node>
					<identifier>ClothOptimal21_BlendBone</identifier>
					<transform>
						<row0>0.959020 0.138012 0.247455</row0>
						<row1>0.228951 0.137048 -0.963742</row1>
						<row2>0.166921 -0.980903 -0.099834</row2>
						<row3>-0.109495 0.114739 0.594039</row3>
					</transform>
				</node>
			</node>
			<node>
				<identifier>ClothOptimal22</identifier>
				<transform>
					<row0>0.963356 0.164811 -0.211620</row0>
					<row1>0.180785 0.183870 0.966183</row1>
					<row2>0.198148 -0.969035 0.147336</row2>
					<row3>0.054361 0.611164 -0.244155</row3>
				</transform>
				<node>
					<identifier>ClothOptimal22_BlendBone</identifier>
					<transform>
						<row0>0.963356 0.180785 0.198148</row0>
						<row1>0.164811 0.183870 -0.969035</row1>
						<row2>0.211620 -0.966183 -0.147336</row2>
						<row3>-0.204764 0.113696 0.617441</row3>
					</transform>
				</node>
			</node>
			<node>
				<identifier>ClothOptimal23</identifier>
				<transform>
					<row0>0.382555 0.797340 -0.466798</row0>
					<row1>0.859378 -0.121538 0.496686</row1>
					<row2>0.339294 -0.591166 -0.731712</row2>
					<row3>0.173233 0.650685 -0.214344</row3>
				</transform>
				<node>
					<identifier>ClothOptimal23_BlendBone</identifier>
					<transform>
						<row0>0.382555 0.859378 0.339294</row0>
						<row1>0.797340 -0.121538 -0.591166</row1>
						<row2>0.466798 -0.496686 0.731712</row2>
						<row3>-0.685144 0.036672 0.169048</row3>
					</transform>
				</node>
			</node>
			<node>
				<identifier>ClothOptimal24</identifier>
				<transform>
					<row0>-0.393443 -0.186624 -0.900208</row0>
					<row1>0.919335 -0.074503 -0.386357</row1>
					<row2>0.005035 -0.979602 0.200883</row2>
					<row3>0.093895 0.650680 -0.298822</row3>
				</transform>
				<node>
					<identifier>ClothOptimal24_BlendBone</identifier>
					<transform>
						<row0>-0.393443 0.919335 0.005035</row0>
						<row1>-0.186624 -0.074503 -0.979602</row1>
						<row2>0.900208 0.386357 -0.200883</row2>
						<row3>-0.110627 -0.153296 0.696963</row3>
					</transform>
				</node>
			</node>
			<node>
				<identifier>ClothOptimal25</identifier>
				<transform>
					<row0>-0.346323 -0.937403 0.036541</row0>
					<row1>-0.584549 0.185169 -0.789946</row1>
					<row2>0.733732 -0.294937 -0.612087</row2>
					<row3>0.050628 0.639107 -0.430680</row3>
				</transform>
				<node>
					<identifier>ClothOptimal25_BlendBone</identifier>
					<transform>
						<row0>-0.346323 -0.584549 0.733732</row0>
						<row1>-0.937403 0.185169 -0.294937</row1>
						<row2>-0.036541 0.789946 0.612087</row2>
						<row3>0.632372 -0.428962 -0.112264</row3>
					</transform>
				</node>
			</node>
			<node>
				<identifier>ClothOptimal26</identifier>
				<transform>
					<row0>0.134466 0.959975 0.245699</row0>
					<row1>-0.948323 0.052751 0.312892</row1>
					<row2>0.287408 -0.275075 0.917459</row2>
					<row3>-0.715817 0.755750 -0.566351</row3>
				</transform>
				<node>
					<identifier>ClothOptimal26_BlendBone</identifier>
					<transform>
						<row0>0.134466 -0.948323 0.287408</row0>
						<row1>0.959975 0.052751 -0.275075</row1>
						<row2>-0.245699 -0.312892 -0.917459</row2>
						<row3>-0.490096 -0.541485 0.933223</row3>
					</transform>
				</node>
			</node>
			<node>
				<identifier>ClothOptimal27</identifier>
				<transform>
					<row0>0.181344 0.982974 -0.029619</row0>
					<row1>-0.357932 0.037921 -0.932977</row1>
					<row2>-0.915969 0.179792 0.358714</row2>
					<row3>-0.647857 0.818579 -0.622915</row3>
				</transform>
				<node>
					<identifier>ClothOptimal27_BlendBone</identifier>
					<transform>
						<row0>0.181344 -0.357932 -0.915969</row0>
						<row1>0.982974 0.037921 0.179792</row1>
						<row2>0.029619 0.932977 -0.358714</row2>
						<row3>-0.705607 -0.844096 -0.517142</row3>
					</transform>
				</node>
			</node>
			<node>
				<identifier>ClothOptimal28</identifier>
				<transform>
					<row0>0.205300 0.978380 0.024988</row0>
					<row1>-0.283336 0.083854 -0.955348</row1>
					<row2>-0.936788 0.189053 0.294426</row2>
					<row3>-0.539242 0.878209 -0.654222</row3>
				</transform>
				<node>
					<identifier>ClothOptimal28_BlendBone</identifier>
					<transform>
						<row0>0.205300 -0.283336 -0.936788</row0>
						<row1>0.978380 0.083854 0.189053</row1>
						<row2>-0.024988 0.955348 -0.294426</row2>
						<row3>-0.732168 -0.851438 -0.478564</row3>
					</transform>
				</node>
			</node>
			<node>
				<identifier>ClothOptimal29</identifier>
				<transform>
					<row0>0.133297 0.990091 -0.044184</row0>
					<row1>-0.593755 0.044083 -0.803437</row1>
					<row2>-0.793528 0.133330 0.593748</row2>
					<row3>-0.435479 0.942542 -0.694165</row3>
				</transform>
				<node>
					<identifier>ClothOptimal29_BlendBone</identifier>
					<transform>
						<row0>0.133297 -0.593755 -0.793528</row0>
						<row1>0.990091 0.044083 0.133330</row1>
						<row2>0.044184 0.803437 -0.593748</row2>
						<row3>-0.905825 -0.857836 -0.059076</row3>
					</transform>
				</node>
			</node>
			<node>
				<identifier>ClothOptimal3</identifier>
				<transform>
					<row0>0.701252 0.572476 -0.424872</row0>
					<row1>-0.025043 0.615379 0.787833</row1>
					<row2>0.712474 -0.541830 0.445872</row2>
					<row3>-0.317524 1.429190 -0.400480</row3>
				</transform>
				<node>
					<identifier>ClothOptimal3_BlendBone</identifier>
					<transform>
						<row0>0.701252 -0.025043 0.712474</row0>
						<row1>0.572476 0.615379 -0.541830</row1>
						<row2>0.424872 -0.787833 -0.445872</row2>
						<row3>-0.765666 -0.571934 1.179167</row3>
					</transform>
				</node>
			</node>
			<node>
				<identifier>ClothOptimal30</identifier>
				<transform>
					<row0>-0.411939 0.872082 -0.264159</row0>
					<row1>-0.911211 -0.394472 0.118684</row1>
					<row2>-0.000701 0.289596 0.957149</row2>
					<row3>-0.387468 0.999276 -0.776116</row3>
				</transform>
				<node>
					<identifier>ClothOptimal30_BlendBone</identifier>
					<transform>
						<row0>-0.411939 -0.911211 -0.000701</row0>
						<row1>0.872082 -0.394472 0.289596</row1>
						<row2>0.264159 -0.118684 -0.957149</row2>
						<row3>-1.236082 0.133234 0.453201</row3>
					</transform>
				</node>
			</node>
			<node>
				<identifier>ClothOptimal31</identifier>
				<transform>
					<row0>0.933464 0.337377 0.121744</row0>
					<row1>-0.198855 0.204322 0.958493</row1>
					<row2>0.298498 -0.918929 0.257816</row2>
					<row3>-0.214138 0.630448 -0.246322</row3>
				</transform>
				<node>
					<identifier>ClothOptimal31_BlendBone</identifier>
					<transform>
						<row0>0.933464 -0.198855 0.298498</row0>
						<row1>0.337377 0.204322 -0.918929</row1>
						<row2>-0.121744 -0.958493 -0.257816</row2>
						<row3>0.017180 0.064701 0.706762</row3>
					</transform>
				</node>
			</node>
			<node>
				<identifier>ClothOptimal32</identifier>
				<transform>
					<row0>0.805231 0.494775 0.326804</row0>
					<row1>-0.430195 0.108157 0.896233</row1>
					<row2>0.408087 -0.862265 0.299941</row2>
					<row3>-0.346290 0.628198 -0.218560</row3>
				</transform>
				<node>
					<identifier>ClothOptimal32_BlendBone</identifier>
					<transform>
						<row0>0.805231 -0.430195 0.408087</row0>
						<row1>0.494775 0.108157 -0.862265</row1>
						<row2>-0.326804 -0.896233 -0.299941</row2>
						<row3>0.039454 -0.021036 0.748545</row3>
					</transform>
				</node>
			</node>
			<node>
				<identifier>ClothOptimal33</identifier>
				<transform>
					<row0>-0.183166 0.576684 0.796169</row0>
					<row1>-0.971064 0.020112 -0.237970</row1>
					<row2>-0.153246 -0.816719 0.556314</row2>
					<row3>-0.360232 0.599277 -0.336184</row3>
				</transform>
				<node>
					<identifier>ClothOptimal33_BlendBone</identifier>
					<transform>
						<row0>-0.183166 -0.971064 -0.153246</row0>
						<row1>0.576684 0.020112 -0.816719</row1>
						<row2>-0.796169 0.237970 -0.556314</row2>
						<row3>-0.143916 -0.441863 0.621261</row3>
					</transform>
				</node>
			</node>
			<node>
				<identifier>ClothOptimal34</identifier>
				<transform>
					<row0>0.575082 0.803376 0.154492</row0>
					<row1>-0.024509 -0.171841 0.984820</row1>
					<row2>0.817729 -0.570139 -0.079133</row2>
					<row3>-0.402110 0.551194 -0.463800</row3>
				</transform>
				<node>
					<identifier>ClothOptimal34_BlendBone</identifier>
					<transform>
						<row0>0.575082 -0.024509 0.817729</row0>
						<row1>0.803376 -0.171841 -0.570139</row1>
						<row2>-0.154492 -0.984820 0.079133</row2>
						<row3>-0.139917 0.541622 0.606372</row3>
					</transform>
				</node>
			</node>
			<node>
				<identifier>ClothOptimal35</identifier>
				<transform>
					<row0>-0.105074 0.796327 -0.595671</row0>
					<row1>0.967244 -0.057349 -0.247286</row1>
					<row2>-0.231082 -0.602142 -0.764216</row2>
					<row3>-0.442668 0.472255 -0.365986</row3>
				</transform>
				<node>
					<identifier>ClothOptimal35_BlendBone</identifier>
					<transform>
						<row0>-0.105074 0.967244 -0.231082</row0>
						<row1>0.796327 -0.057349 -0.602142</row1>
						<row2>0.595671 0.247286 0.764216</row2>
						<row3>-0.640590 0.364748 -0.097620</row3>
					</transform>
				</node>
			</node>
			<node>
				<identifier>ClothOptimal36</identifier>
				<transform>
					<row0>0.422127 0.808573 -0.409902</row0>
					<row1>0.756292 -0.064803 0.651017</row1>
					<row2>0.499832 -0.584817 -0.638872</row2>
					<row3>-0.448607 0.411803 -0.261397</row3>
				</transform>
				<node>
					<identifier>ClothOptimal36_BlendBone</identifier>
					<transform>
						<row0>0.422127 0.756292 0.499832</row0>
						<row1>0.808573 -0.064803 -0.584817</row1>
						<row2>0.409902 -0.651017 0.638872</row2>
						<row3>-0.250751 0.536138 0.298058</row3>
					</transform>
				</node>
			</node>
			<node>
				<identifier>ClothOptimal37</identifier>
				<transform>
					<row0>-0.055893 0.906563 -0.418353</row0>
					<row1>0.850733 -0.176082 -0.495226</row1>
					<row2>-0.522618 -0.383586 -0.761402</row2>
					<row3>-0.448047 0.488906 -0.189942</row3>
				</transform>
				<node>
					<identifier>ClothOptimal37_BlendBone</identifier>
					<transform>
						<row0>-0.055893 0.850733 -0.522618</row0>
						<row1>0.906563 -0.176082 -0.383586</row1>
						<row2>0.418353 0.495226 0.761401</row2>
						<row3>-0.547730 0.373192 -0.191241</row3>
					</transform>
				</node>
			</node>
			<node>
				<identifier>ClothOptimal38</identifier>
				<transform>
					<row0>0.433523 0.882818 -0.180803</row0>
					<row1>-0.122938 0.256702 0.958640</row1>
					<row2>0.892717 -0.393365 0.219818</row2>
					<row3>-0.483743 0.586672 -0.127882</row3>
				</transform>
				<node>
					<identifier>ClothOptimal38_BlendBone</identifier>
					<transform>
						<row0>0.433523 -0.122938 0.892717</row0>
						<row1>0.882818 0.256702 -0.393365</row1>
						<row2>0.180803 -0.958640 -0.219818</row2>
						<row3>-0.331332 -0.087478 0.690733</row3>
					</transform>
				</node>
			</node>
			<node>
				<identifier>ClothOptimal39</identifier>
				<transform>
					<row0>0.125141 0.990712 0.053201</row0>
					<row1>-0.970500 0.133373 -0.200849</row1>
					<row2>-0.206079 -0.026498 0.978176</row2>
					<row3>-0.499984 0.635606 -0.247929</row3>
				</transform>
				<node>
					<identifier>ClothOptimal39_BlendBone</identifier>
					<transform>
						<row0>0.125141 -0.970500 -0.206079</row0>
						<row1>0.990712 0.133373 -0.026498</row1>
						<row2>-0.053201 0.200849 -0.978176</row2>
						<row3>-0.553943 -0.619804 0.156324</row3>
					</transform>
				</node>
			</node>
			<node>
				<identifier>ClothOptimal4</identifier>
				<transform>
					<row0>0.607739 0.011308 -0.794056</row0>
					<row1>0.488220 0.783298 0.384819</row1>
					<row2>0.626334 -0.621544 0.470520</row2>
					<row3>-0.026646 1.471685 -0.421258</row3>
				</transform>
				<node>
					<identifier>ClothOptimal4_BlendBone</identifier>
					<transform>
						<row0>0.607739 0.488221 0.626334</row0>
						<row1>0.011308 0.783298 -0.621544</row1>
						<row2>0.794056 -0.384819 -0.470520</row2>
						<row3>-0.334951 -0.977650 1.129617</row3>
					</transform>
				</node>
			</node>
			<node>
				<identifier>ClothOptimal40</identifier>
				<transform>
					<row0>0.231448 0.970159 0.072271</row0>
					<row1>-0.689951 0.111319 0.715245</row1>
					<row2>0.685856 -0.215406 0.695127</row2>
					<row3>-0.534336 0.680340 -0.358401</row3>
				</transform>
				<node>
					<identifier>ClothOptimal40_BlendBone</identifier>
					<transform>
						<row0>0.231448 -0.689951 0.685856</row0>
						<row1>0.970159 0.111319 -0.215406</row1>
						<row2>-0.072271 -0.715245 -0.695127</row2>
						<row3>-0.510464 -0.188056 0.762161</row3>
					</transform>
				</node>
			</node>
			<node>
				<identifier>ClothOptimal41</identifier>
				<transform>
					<row0>0.034107 0.975224 0.218573</row0>
					<row1>-0.914592 -0.057717 0.400238</row1>
					<row2>0.402937 -0.213557 0.889964</row2>
					<row3>-0.604678 0.727173 -0.458736</row3>
				</transform>
				<node>
					<identifier>ClothOptimal41_BlendBone</identifier>
					<transform>
						<row0>0.034107 -0.914592 0.402937</row0>
						<row1>0.975224 -0.057717 -0.213557</row1>
						<row2>-0.218573 -0.400238 -0.889964</row2>
						<row3>-0.588265 -0.327460 0.807198</row3>
					</transform>
				</node>
			</node>
			<node>
				<identifier>ClothOptimal42</identifier>
				<transform>
					<row0>0.911692 0.188585 -0.365039</row0>
					<row1>0.312526 0.258470 0.914068</row1>
					<row2>0.266731 -0.947433 0.176708</row2>
					<row3>-0.005338 0.700527 -0.234884</row3>
				</transform>
				<node>
					<identifier>ClothOptimal42_BlendBone</identifier>
					<transform>
						<row0>0.911692 0.312526 0.266731</row0>
						<row1>0.188585 0.258470 -0.947433</row1>
						<row2>0.365039 -0.914068 -0.176708</row2>
						<row3>-0.212984 0.035303 0.706632</row3>
					</transform>
				</node>
			</node>
			<node>
				<identifier>ClothOptimal43</identifier>
				<transform>
					<row0>0.944012 0.309951 0.113009</row0>
					<row1>-0.188072 0.224161 0.956233</row1>
					<row2>0.271053 -0.923949 0.269904</row2>
					<row3>-0.123766 0.750312 -0.221507</row3>
				</transform>
				<node>
					<identifier>ClothOptimal43_BlendBone</identifier>
					<transform>
						<row0>0.944012 -0.188072 0.271053</row0>
						<row1>0.309951 0.224161 -0.923949</row1>
						<row2>-0.113009 -0.956233 -0.269904</row2>
						<row3>-0.090691 0.020345 0.786583</row3>
					</transform>
				</node>
			</node>
			<node>
				<identifier>ClothOptimal44</identifier>
				<transform>
					<row0>0.923497 0.342636 -0.172492</row0>
					<row1>0.169835 0.037992 0.984740</row1>
					<row2>0.343961 -0.938700 -0.023106</row2>
					<row3>-0.236487 0.765040 -0.250478</row3>
				</transform>
				<node>
					<identifier>ClothOptimal44_BlendBone</identifier>
					<transform>
						<row0>0.923497 0.169835 0.343961</row0>
						<row1>0.342636 0.037992 -0.938700</row1>
						<row2>0.172492 -0.984740 0.023106</row2>
						<row3>-0.086941 0.257754 0.793698</row3>
					</transform>
				</node>
			</node>
			<node>
				<identifier>ClothOptimal45</identifier>
				<transform>
					<row0>0.635923 0.519549 0.570676</row0>
