<?xml version="1.0" encoding="utf-8"?>
<root>
	<node>
		<identifier>Scene Root</identifier>
		<transform>
			<row0>1.000000 0.000000 0.000000</row0>
			<row1>0.000000 1.000000 0.000000</row1>
			<row2>0.000000 0.000000 1.000000</row2>
			<row3>0.000000 0.000000 0.000000</row3>
		</transform>
		<node>
			<identifier>nodes_01</identifier>
			<transform>
				<row0>1.000000 0.000000 0.000000</row0>
				<row1>0.000000 1.000000 0.000000</row1>
				<row2>0.000000 0.000000 1.000000</row2>
				<row3>0.000000 0.000000 0.000000</row3>
			</transform>
			<node>
				<identifier>HP_Track_LFront</identifier>
				<transform>
					<row0>1.000000 0.000000 0.000000</row0>
					<row1>0.000000 0.993847 -0.110758</row1>
					<row2>0.000000 0.110758 0.993847</row2>
					<row3>-1.350500 0.000000 2.284888</row3>
				</transform>
			</node>
			<node>
				<identifier>HP_Track_LRear</identifier>
				<transform>
					<row0>-1.000000 0.000000 0.000000</row0>
					<row1>0.000000 0.994751 0.102324</row1>
					<row2>-0.000000 0.102324 -0.994751</row2>
					<row3>-1.350500 0.000000 -2.284879</row3>
				</transform>
			</node>
			<node>
				<identifier>HP_Track_RFront</identifier>
				<transform>
					<row0>1.000000 0.000000 0.000000</row0>
					<row1>0.000000 0.993847 -0.110758</row1>
					<row2>0.000000 0.110758 0.993847</row2>
					<row3>1.350500 0.000000 2.284888</row3>
				</transform>
			</node>
			<node>
				<identifier>HP_Track_RRear</identifier>
				<transform>
					<row0>-1.000000 0.000000 0.000000</row0>
					<row1>0.000000 0.994751 0.102324</row1>
					<row2>-0.000000 0.102324 -0.994751</row2>
					<row3>1.350500 0.000000 -2.284879</row3>
				</transform>
			</node>
			<node>
				<identifier>HP_gui</identifier>
				<transform>
					<row0>1.000000 0.000000 0.000000</row0>
					<row1>0.000000 0.000000 -1.000000</row1>
					<row2>0.000000 1.000000 0.000000</row2>
					<row3>0.000000 4.199822 0.294039</row3>
				</transform>
			</node>
			<node>
				<identifier>Tank</identifier>
				<transform>
					<row0>1.000000 0.000000 0.000000</row0>
					<row1>0.000000 1.000000 0.000000</row1>
					<row2>0.000000 0.000000 1.000000</row2>
					<row3>0.000000 0.000000 0.000000</row3>
				</transform>
				<node>
					<identifier>V</identifier>
					<transform>
						<row0>1.000000 0.000000 0.000000</row0>
						<row1>0.000000 1.000000 0.000000</row1>
						<row2>0.000000 0.000000 1.000000</row2>
						<row3>0.000000 1.118511 0.000000</row3>
					</transform>
					<node>
						<identifier>Lever_Start_L0</identifier>
						<transform>
							<row0>1.000000 0.000000 0.000000</row0>
							<row1>0.000000 0.914522 -0.404535</row1>
							<row2>0.000000 0.404535 0.914522</row2>
							<row3>-1.350500 -0.502382 2.713330</row3>
						</transform>
						<node>
							<identifier>Lever_Joint_L0</identifier>
							<transform>
								<row0>1.000000 0.000000 0.000000</row0>
								<row1>0.000000 0.404535 -0.914522</row1>
								<row2>0.000000 0.914522 0.404535</row2>
								<row3>0.000000 0.000000 -0.468000</row3>
							</transform>
							<node>
								<identifier>Track_L0</identifier>
								<transform>
									<row0>1.000000 0.000000 0.000000</row0>
									<row1>-0.000000 0.000000 1.000000</row1>
									<row2>0.000000 -1.000000 -0.000000</row2>
									<row3>0.000000 0.000000 -0.426606</row3>
								</transform>
								<node>
									<identifier>Track_L0_BlendBone</identifier>
									<transform>
										<row0>1.000000 0.000000 0.000000</row0>
										<row1>0.000000 1.000000 0.000000</row1>
										<row2>0.000000 0.000000 -1.000000</row2>
										<row3>1.350500 -0.000200 -2.285333</row3>
									</transform>
								</node>
							</node>
							<node>
								<identifier>W_L0</identifier>
								<transform>
									<row0>1.000000 0.000000 0.000000</row0>
									<row1>-0.000000 0.000000 1.000000</row1>
									<row2>0.000000 -1.000000 -0.000000</row2>
									<row3>0.000000 0.000000 -0.000081</row3>
								</transform>
								<node>
									<identifier>W_L0_BlendBone</identifier>
									<transform>
										<row0>1.000000 0.000000 0.000000</row0>
										<row1>0.000000 1.000000 0.000000</row1>
										<row2>0.000000 0.000000 -1.000000</row2>
										<row3>1.350500 -0.426726 -2.285333</row3>
									</transform>
								</node>
							</node>
						</node>
						<node>
							<identifier>Lever_Start_L0_BlendBone</identifier>
							<transform>
								<row0>1.000000 0.000000 0.000000</row0>
								<row1>0.000000 0.914522 0.404535</row1>
								<row2>0.000000 0.404535 -0.914522</row2>
								<row3>1.350500 0.534173 -2.730647</row3>
							</transform>
						</node>
					</node>
					<node>
						<identifier>Lever_Start_L1</identifier>
						<transform>
							<row0>1.000000 0.000000 0.000000</row0>
							<row1>0.000000 0.914522 -0.404536</row1>
							<row2>0.000000 0.404536 0.914522</row2>
							<row3>-1.350500 -0.502382 1.803330</row3>
						</transform>
						<node>
							<identifier>Lever_Joint_L1</identifier>
							<transform>
								<row0>1.000000 0.000000 0.000000</row0>
								<row1>0.000000 0.404536 -0.914522</row1>
								<row2>-0.000000 0.914522 0.404536</row2>
								<row3>0.000000 0.000000 -0.468496</row3>
							</transform>
							<node>
								<identifier>Track_L1</identifier>
								<transform>
									<row0>1.000000 0.000000 0.000000</row0>
									<row1>0.000000 -0.000000 1.000000</row1>
									<row2>0.000000 -1.000000 -0.000000</row2>
									<row3>0.000000 0.000000 -0.426606</row3>
								</transform>
								<node>
									<identifier>Track_L1_BlendBone</identifier>
									<transform>
										<row0>1.000000 0.000000 0.000000</row0>
										<row1>0.000000 1.000000 0.000000</row1>
										<row2>0.000000 0.000000 -1.000000</row2>
										<row3>1.350500 0.000000 -1.374880</row3>
									</transform>
								</node>
							</node>
							<node>
								<identifier>W_L1</identifier>
								<transform>
									<row0>1.000000 0.000000 0.000000</row0>
									<row1>0.000000 -0.000000 1.000000</row1>
									<row2>0.000000 -1.000000 -0.000000</row2>
									<row3>0.000000 0.000000 -0.000080</row3>
								</transform>
								<node>
									<identifier>W_L1_BlendBone</identifier>
									<transform>
										<row0>1.000000 0.000000 0.000000</row0>
										<row1>0.000000 1.000000 0.000000</row1>
										<row2>0.000000 0.000000 -1.000000</row2>
										<row3>1.350500 -0.426526 -1.374880</row3>
									</transform>
								</node>
							</node>
							<node>
								<identifier>Lever_Joint_L1_BlendBone</identifier>
								<transform>
									<row0>1.000000 0.000000 0.000000</row0>
									<row1>0.000000 -0.000000 1.000000</row1>
									<row2>0.000000 1.000000 0.000000</row2>
									<row3>1.350500 1.374880 -0.426606</row3>
								</transform>
							</node>
						</node>
						<node>
							<identifier>Lever_Start_L1_BlendBone</identifier>
							<transform>
								<row0>1.000000 0.000000 0.000000</row0>
								<row1>0.000000 0.914522 0.404536</row1>
								<row2>0.000000 0.404536 -0.914522</row2>
								<row3>1.350500 0.166047 -1.898432</row3>
							</transform>
						</node>
					</node>
					<node>
						<identifier>Lever_Start_L2</identifier>
						<transform>
							<row0>1.000000 0.000000 0.000000</row0>
							<row1>0.000000 0.914523 -0.404535</row1>
							<row2>0.000000 0.404535 0.914523</row2>
							<row3>-1.350500 -0.502382 0.893330</row3>
						</transform>
						<node>
							<identifier>Lever_Joint_L2</identifier>
							<transform>
								<row0>1.000000 0.000000 0.000000</row0>
								<row1>0.000000 0.404535 -0.914523</row1>
								<row2>0.000000 0.914523 0.404535</row2>
								<row3>0.000000 0.000000 -0.468496</row3>
							</transform>
							<node>
								<identifier>Track_L2</identifier>
								<transform>
									<row0>1.000000 0.000000 0.000000</row0>
									<row1>0.000000 -0.000000 1.000000</row1>
									<row2>0.000000 -1.000000 -0.000000</row2>
									<row3>0.000000 0.000000 -0.426606</row3>
								</transform>
								<node>
									<identifier>Track_L2_BlendBone</identifier>
									<transform>
										<row0>1.000000 0.000000 0.000000</row0>
										<row1>0.000000 1.000000 0.000000</row1>
										<row2>0.000000 0.000000 -1.000000</row2>
										<row3>1.350500 0.000000 -0.464880</row3>
									</transform>
								</node>
							</node>
							<node>
								<identifier>W_L2</identifier>
								<transform>
									<row0>1.000000 0.000000 0.000000</row0>
									<row1>0.000000 -0.000000 1.000000</row1>
									<row2>0.000000 -1.000000 -0.000000</row2>
									<row3>0.000000 0.000000 -0.000081</row3>
								</transform>
								<node>
									<identifier>W_L2_BlendBone</identifier>
									<transform>
										<row0>1.000000 0.000000 0.000000</row0>
										<row1>0.000000 1.000000 0.000000</row1>
										<row2>0.000000 0.000000 -1.000000</row2>
										<row3>1.350500 -0.426526 -0.464880</row3>
									</transform>
								</node>
							</node>
							<node>
								<identifier>Lever_Joint_L2_BlendBone</identifier>
								<transform>
									<row0>1.000000 0.000000 0.000000</row0>
									<row1>0.000000 -0.000000 1.000000</row1>
									<row2>0.000000 1.000000 0.000000</row2>
									<row3>1.350500 0.464880 -0.426606</row3>
								</transform>
							</node>
						</node>
						<node>
							<identifier>Lever_Start_L2_BlendBone</identifier>
							<transform>
								<row0>1.000000 0.000000 0.000000</row0>
								<row1>0.000000 0.914523 0.404535</row1>
								<row2>0.000000 0.404535 -0.914523</row2>
								<row3>1.350500 -0.202081 -1.066216</row3>
							</transform>
						</node>
					</node>
					<node>
						<identifier>Lever_Start_L3</identifier>
						<transform>
							<row0>1.000000 0.000000 0.000000</row0>
							<row1>0.000000 0.913948 -0.405831</row1>
							<row2>0.000000 0.405831 0.913948</row2>
							<row3>-1.350500 -0.502382 -0.028329</row3>
						</transform>
						<node>
							<identifier>Lever_Joint_L3</identifier>
							<transform>
								<row0>-1.000000 0.000000 -0.000000</row0>
								<row1>-0.000000 -0.405782 0.913970</row1>
								<row2>0.000000 0.913970 0.405782</row2>
								<row3>0.000000 0.000000 -0.467000</row3>
							</transform>
							<node>
								<identifier>Track_L3</identifier>
								<transform>
									<row0>-1.000000 0.000000 0.000000</row0>
									<row1>0.000000 0.000054 1.000000</row1>
									<row2>-0.000000 1.000000 -0.000054</row2>
									<row3>0.000000 -0.000000 -0.426606</row3>
								</transform>
								<node>
									<identifier>Track_L3_BlendBone</identifier>
									<transform>
										<row0>1.000000 -0.000000 -0.000000</row0>
										<row1>0.000000 1.000000 -0.000000</row1>
										<row2>-0.000000 -0.000000 -1.000000</row2>
										<row3>1.350500 0.000000 0.455120</row3>
									</transform>
								</node>
							</node>
							<node>
								<identifier>W_L3</identifier>
								<transform>
									<row0>-1.000000 0.000000 0.000000</row0>
									<row1>0.000000 0.000054 1.000000</row1>
									<row2>-0.000000 1.000000 -0.000054</row2>
									<row3>0.000000 0.000023 -0.000081</row3>
								</transform>
								<node>
									<identifier>W_L3_BlendBone</identifier>
									<transform>
										<row0>1.000000 -0.000000 -0.000000</row0>
										<row1>0.000000 1.000000 -0.000000</row1>
										<row2>-0.000000 -0.000000 -1.000000</row2>
										<row3>1.350500 -0.426526 0.455120</row3>
									</transform>
								</node>
							</node>
							<node>
								<identifier>Lever_Joint_L3_BlendBone</identifier>
								<transform>
									<row0>-1.000000 -0.000000 0.000000</row0>
									<row1>0.000000 0.000054 1.000000</row1>
									<row2>0.000000 -1.000000 0.000054</row2>
									<row3>-1.350500 0.455120 -0.426631</row3>
								</transform>
							</node>
						</node>
						<node>
							<identifier>Lever_Start_L3_BlendBone</identifier>
							<transform>
								<row0>1.000000 0.000000 0.000000</row0>
								<row1>0.000000 0.913948 0.405831</row1>
								<row2>0.000000 0.405831 -0.913948</row2>
								<row3>1.350500 -0.574607 -0.224153</row3>
							</transform>
						</node>
					</node>
					<node>
						<identifier>Lever_Start_L4</identifier>
						<transform>
							<row0>1.000000 0.000000 0.000000</row0>
							<row1>0.000000 0.913826 -0.406106</row1>
							<row2>0.000000 0.406106 0.913826</row2>
							<row3>-1.350500 -0.502239 -0.933328</row3>
						</transform>
						<node>
							<identifier>Lever_Joint_L4</identifier>
							<transform>
								<row0>1.000000 0.000000 0.000000</row0>
								<row1>0.000000 0.406106 -0.913826</row1>
								<row2>0.000000 0.913826 0.406106</row2>
								<row3>0.000000 -0.000000 -0.467038</row3>
							</transform>
							<node>
								<identifier>Track_L4</identifier>
								<transform>
									<row0>1.000000 0.000000 0.000000</row0>
									<row1>0.000000 0.000000 1.000000</row1>
									<row2>0.000000 -1.000000 0.000000</row2>
									<row3>0.000000 0.000000 -0.426606</row3>
								</transform>
								<node>
									<identifier>Track_L4_BlendBone</identifier>
									<transform>
										<row0>1.000000 0.000000 0.000000</row0>
										<row1>0.000000 1.000000 0.000000</row1>
										<row2>0.000000 0.000000 -1.000000</row2>
										<row3>1.350500 -0.000000 1.360120</row3>
									</transform>
								</node>
							</node>
							<node>
								<identifier>W_L4</identifier>
								<transform>
									<row0>1.000000 0.000000 0.000000</row0>
									<row1>0.000000 0.000000 1.000000</row1>
									<row2>0.000000 -1.000000 0.000000</row2>
									<row3>0.000000 0.000000 -0.000080</row3>
								</transform>
								<node>
									<identifier>W_L4_BlendBone</identifier>
									<transform>
										<row0>1.000000 0.000000 0.000000</row0>
										<row1>0.000000 1.000000 0.000000</row1>
										<row2>0.000000 0.000000 -1.000000</row2>
										<row3>1.350500 -0.426526 1.360120</row3>
									</transform>
								</node>
							</node>
							<node>
								<identifier>Lever_Joint_L4_BlendBone</identifier>
								<transform>
									<row0>1.000000 0.000000 0.000000</row0>
									<row1>0.000000 0.000000 1.000000</row1>
									<row2>0.000000 1.000000 0.000000</row2>
									<row3>1.350500 -1.360120 -0.426606</row3>
								</transform>
							</node>
						</node>
						<node>
							<identifier>Lever_Start_L4_BlendBone</identifier>
							<transform>
								<row0>1.000000 0.000000 0.000000</row0>
								<row1>0.000000 0.913826 0.406106</row1>
								<row2>0.000000 0.406106 -0.913826</row2>
								<row3>1.350500 -0.942196 0.602628</row3>
							</transform>
						</node>
					</node>
					<node>
						<identifier>Lever_Start_L5</identifier>
						<transform>
							<row0>1.000000 0.000000 0.000000</row0>
							<row1>0.000000 0.914346 -0.404935</row1>
							<row2>0.000000 0.404935 0.914346</row2>
							<row3>-1.350500 -0.502239 -1.831670</row3>
						</transform>
						<node>
							<identifier>Lever_Joint_L5</identifier>
							<transform>
								<row0>1.000000 0.000000 0.000000</row0>
								<row1>0.000000 0.404935 -0.914345</row1>
								<row2>-0.000000 0.914346 0.404935</row2>
								<row3>0.000000 -0.000000 -0.469000</row3>
							</transform>
							<node>
								<identifier>Track_L5</identifier>
								<transform>
									<row0>1.000000 0.000000 -0.000000</row0>
									<row1>-0.000000 -0.000000 1.000000</row1>
									<row2>0.000000 -1.000000 -0.000000</row2>
									<row3>0.000000 0.000000 -0.426526</row3>
								</transform>
								<node>
									<identifier>Track_L5_BlendBone</identifier>
									<transform>
										<row0>1.000000 0.000000 0.000000</row0>
										<row1>0.000000 1.000000 -0.000000</row1>
										<row2>0.000000 -0.000000 -1.000000</row2>
										<row3>1.350500 0.000168 2.260498</row3>
									</transform>
								</node>
							</node>
							<node>
								<identifier>W_L5</identifier>
								<transform>
									<row0>1.000000 0.000000 -0.000000</row0>
									<row1>-0.000000 -0.000000 1.000000</row1>
									<row2>0.000000 -1.000000 -0.000000</row2>
									<row3>0.000000 0.000000 0.000000</row3>
								</transform>
								<node>
									<identifier>W_L5_BlendBone</identifier>
									<transform>
										<row0>1.000000 0.000000 0.000000</row0>
										<row1>0.000000 1.000000 -0.000000</row1>
										<row2>0.000000 -0.000000 -1.000000</row2>
										<row3>1.350500 -0.426358 2.260498</row3>
									</transform>
								</node>
							</node>
							<node>
								<identifier>Lever_Joint_L5_BlendBone</identifier>
								<transform>
									<row0>1.000000 0.000000 0.000000</row0>
									<row1>0.000000 -0.000000 1.000000</row1>
									<row2>0.000000 1.000000 0.000000</row2>
									<row3>1.350500 -2.260498 -0.426358</row3>
								</transform>
							</node>
						</node>
						<node>
							<identifier>Lever_Start_L5_BlendBone</identifier>
							<transform>
								<row0>1.000000 0.000000 0.000000</row0>
								<row1>0.000000 0.914346 0.404935</row1>
								<row2>0.000000 0.404935 -0.914346</row2>
								<row3>1.350500 -1.305193 1.425229</row3>
							</transform>
						</node>
					</node>
					<node>
						<identifier>Lever_Start_R0</identifier>
						<transform>
							<row0>1.000000 0.000000 0.000000</row0>
							<row1>0.000000 0.914522 -0.404535</row1>
							<row2>0.000000 0.404535 0.914522</row2>
							<row3>1.350500 -0.502382 2.713330</row3>
						</transform>
						<node>
							<identifier>Lever_Joint_R0</identifier>
							<transform>
								<row0>1.000000 0.000000 0.000000</row0>
								<row1>0.000000 0.404535 -0.914522</row1>
								<row2>0.000000 0.914522 0.404535</row2>
								<row3>0.000000 0.000000 -0.468000</row3>
							</transform>
							<node>
								<identifier>Track_R0</identifier>
								<transform>
									<row0>1.000000 0.000000 -0.000000</row0>
									<row1>-0.000000 -0.000000 1.000000</row1>
									<row2>-0.000000 -1.000000 -0.000000</row2>
									<row3>-0.000000 0.000000 -0.426606</row3>
								</transform>
								<node>
									<identifier>Track_R0_BlendBone</identifier>
									<transform>
										<row0>1.000000 0.000000 -0.000000</row0>
										<row1>0.000000 1.000000 -0.000000</row1>
										<row2>0.000000 -0.000000 -1.000000</row2>
										<row3>-1.350500 -0.000200 -2.285333</row3>
									</transform>
								</node>
							</node>
							<node>
								<identifier>W_R0</identifier>
								<transform>
									<row0>1.000000 0.000000 -0.000000</row0>
									<row1>-0.000000 -0.000000 1.000000</row1>
									<row2>-0.000000 -1.000000 -0.000000</row2>
									<row3>-0.000000 0.000000 -0.000081</row3>
								</transform>
								<node>
									<identifier>W_R0_BlendBone</identifier>
									<transform>
										<row0>1.000000 0.000000 -0.000000</row0>
										<row1>0.000000 1.000000 -0.000000</row1>
										<row2>0.000000 -0.000000 -1.000000</row2>
										<row3>-1.350500 -0.426726 -2.285333</row3>
									</transform>
								</node>
							</node>
							<node>
								<identifier>Lever_Joint_R0_BlendBone</identifier>
								<transform>
									<row0>1.000000 0.000000 0.000000</row0>
									<row1>0.000000 -0.000000 1.000000</row1>
									<row2>0.000000 1.000000 0.000000</row2>
									<row3>-1.350500 2.285333 -0.426807</row3>
								</transform>
							</node>
						</node>
						<node>
							<identifier>Lever_Start_R0_BlendBone</identifier>
							<transform>
								<row0>1.000000 0.000000 0.000000</row0>
								<row1>0.000000 0.914522 0.404535</row1>
								<row2>0.000000 0.404535 -0.914522</row2>
								<row3>-1.350500 0.534173 -2.730647</row3>
							</transform>
						</node>
					</node>
					<node>
						<identifier>Lever_Start_R1</identifier>
						<transform>
							<row0>1.000000 0.000000 0.000000</row0>
							<row1>0.000000 0.914522 -0.404536</row1>
							<row2>0.000000 0.404536 0.914522</row2>
							<row3>1.350500 -0.502382 1.803330</row3>
						</transform>
						<node>
							<identifier>Lever_Joint_R1</identifier>
							<transform>
								<row0>1.000000 0.000000 0.000000</row0>
								<row1>0.000000 0.404536 -0.914522</row1>
								<row2>0.000000 0.914522 0.404536</row2>
								<row3>0.000000 0.000000 -0.468496</row3>
							</transform>
							<node>
								<identifier>Track_R1</identifier>
								<transform>
									<row0>1.000000 0.000000 0.000000</row0>
									<row1>0.000000 0.000000 1.000000</row1>
									<row2>-0.000000 -1.000000 -0.000000</row2>
									<row3>0.000000 0.000000 -0.426606</row3>
								</transform>
								<node>
									<identifier>Track_R1_BlendBone</identifier>
									<transform>
										<row0>1.000000 0.000000 -0.000000</row0>
										<row1>0.000000 1.000000 -0.000000</row1>
										<row2>0.000000 -0.000000 -1.000000</row2>
										<row3>-1.350500 -0.000000 -1.374880</row3>
									</transform>
								</node>
							</node>
							<node>
								<identifier>W_R1</identifier>
								<transform>
									<row0>1.000000 0.000000 0.000000</row0>
									<row1>0.000000 0.000000 1.000000</row1>
									<row2>-0.000000 -1.000000 -0.000000</row2>
									<row3>0.000000 0.000000 -0.000080</row3>
								</transform>
								<node>
									<identifier>W_R1_BlendBone</identifier>
									<transform>
										<row0>1.000000 0.000000 -0.000000</row0>
										<row1>0.000000 1.000000 -0.000000</row1>
										<row2>0.000000 -0.000000 -1.000000</row2>
										<row3>-1.350500 -0.426526 -1.374880</row3>
									</transform>
								</node>
							</node>
							<node>
								<identifier>Lever_Joint_R1_BlendBone</identifier>
								<transform>
									<row0>1.000000 0.000000 0.000000</row0>
									<row1>0.000000 0.000000 1.000000</row1>
									<row2>0.000000 1.000000 -0.000000</row2>
									<row3>-1.350500 1.374880 -0.426606</row3>
								</transform>
							</node>
						</node>
						<node>
							<identifier>Lever_Start_R1_BlendBone</identifier>
							<transform>
								<row0>1.000000 0.000000 0.000000</row0>
								<row1>0.000000 0.914522 0.404536</row1>
								<row2>0.000000 0.404536 -0.914522</row2>
								<row3>-1.350500 0.166047 -1.898432</row3>
							</transform>
						</node>
					</node>
					<node>
						<identifier>Lever_Start_R2</identifier>
						<transform>
							<row0>1.000000 0.000000 0.000000</row0>
							<row1>0.000000 0.914523 -0.404535</row1>
							<row2>0.000000 0.404535 0.914523</row2>
							<row3>1.350500 -0.502382 0.893330</row3>
						</transform>
						<node>
							<identifier>Lever_Joint_R2</identifier>
							<transform>
								<row0>1.000000 -0.000000 0.000000</row0>
								<row1>0.000000 0.404535 -0.914523</row1>
								<row2>0.000000 0.914523 0.404535</row2>
								<row3>0.000000 0.000000 -0.468496</row3>
							</transform>
							<node>
								<identifier>Track_R2</identifier>
								<transform>
									<row0>1.000000 0.000000 0.000000</row0>
									<row1>0.000000 -0.000000 1.000000</row1>
									<row2>-0.000000 -1.000000 -0.000000</row2>
									<row3>0.000000 0.000000 -0.426606</row3>
								</transform>
								<node>
									<identifier>Track_R2_BlendBone</identifier>
									<transform>
										<row0>1.000000 0.000000 -0.000000</row0>
										<row1>0.000000 1.000000 -0.000000</row1>
										<row2>0.000000 -0.000000 -1.000000</row2>
										<row3>-1.350500 -0.000000 -0.464880</row3>
									</transform>
								</node>
							</node>
							<node>
								<identifier>W_R2</identifier>
								<transform>
									<row0>1.000000 0.000000 0.000000</row0>
									<row1>0.000000 -0.000000 1.000000</row1>
									<row2>-0.000000 -1.000000 -0.000000</row2>
									<row3>0.000000 0.000000 -0.000081</row3>
								</transform>
								<node>
									<identifier>W_R2_BlendBone</identifier>
									<transform>
										<row0>1.000000 0.000000 -0.000000</row0>
										<row1>0.000000 1.000000 -0.000000</row1>
										<row2>0.000000 -0.000000 -1.000000</row2>
										<row3>-1.350500 -0.426526 -0.464880</row3>
									</transform>
								</node>
							</node>
							<node>
								<identifier>Lever_Joint_R2_BlendBone</identifier>
								<transform>
									<row0>1.000000 0.000000 0.000000</row0>
									<row1>0.000000 -0.000000 1.000000</row1>
									<row2>0.000000 1.000000 0.000000</row2>
									<row3>-1.350500 0.464880 -0.426606</row3>
								</transform>
							</node>
						</node>
						<node>
							<identifier>Lever_Start_R2_BlendBone</identifier>
							<transform>
								<row0>1.000000 0.000000 0.000000</row0>
								<row1>0.000000 0.914523 0.404535</row1>
								<row2>0.000000 0.404535 -0.914523</row2>
								<row3>-1.350500 -0.202081 -1.066216</row3>
							</transform>
						</node>
					</node>
					<node>
						<identifier>Lever_Start_R3</identifier>
						<transform>
							<row0>1.000000 0.000000 0.000000</row0>
							<row1>0.000000 0.913948 -0.405831</row1>
							<row2>0.000000 0.405831 0.913948</row2>
							<row3>1.350500 -0.502382 -0.028329</row3>
						</transform>
						<node>
							<identifier>Lever_Joint_R3</identifier>
							<transform>
								<row0>-1.000000 0.000000 0.000000</row0>
								<row1>-0.000000 -0.405782 0.913970</row1>
								<row2>0.000000 0.913970 0.405782</row2>
								<row3>0.000000 0.000000 -0.467000</row3>
							</transform>
							<node>
								<identifier>Track_R3</identifier>
								<transform>
									<row0>-1.000000 0.000000 0.000000</row0>
									<row1>0.000000 0.000054 1.000000</row1>
									<row2>-0.000000 1.000000 -0.000054</row2>
									<row3>0.000000 -0.000000 -0.426606</row3>
								</transform>
								<node>
									<identifier>Track_R3_BlendBone</identifier>
									<transform>
										<row0>1.000000 -0.000000 -0.000000</row0>
										<row1>0.000000 1.000000 -0.000000</row1>
										<row2>-0.000000 -0.000000 -1.000000</row2>
										<row3>-1.350500 0.000000 0.455120</row3>
									</transform>
								</node>
							</node>
							<node>
								<identifier>W_R3</identifier>
								<transform>
									<row0>-1.000000 0.000000 0.000000</row0>
									<row1>0.000000 0.000054 1.000000</row1>
									<row2>-0.000000 1.000000 -0.000054</row2>
									<row3>0.000000 0.000023 -0.000081</row3>
								</transform>
								<node>
									<identifier>W_R3_BlendBone</identifier>
									<transform>
										<row0>1.000000 -0.000000 -0.000000</row0>
										<row1>0.000000 1.000000 -0.000000</row1>
										<row2>-0.000000 -0.000000 -1.000000</row2>
										<row3>-1.350500 -0.426526 0.455120</row3>
									</transform>
								</node>
							</node>
							<node>
								<identifier>Lever_Joint_R3_BlendBone</identifier>
								<transform>
									<row0>-1.000000 -0.000000 0.000000</row0>
									<row1>0.000000 0.000054 1.000000</row1>
									<row2>0.000000 -1.000000 0.000054</row2>
									<row3>1.350500 0.455120 -0.426631</row3>
								</transform>
							</node>
						</node>
						<node>
							<identifier>Lever_Start_R3_BlendBone</identifier>
							<transform>
								<row0>1.000000 0.000000 0.000000</row0>
								<row1>0.000000 0.913948 0.405831</row1>
								<row2>0.000000 0.405831 -0.913948</row2>
								<row3>-1.350500 -0.574607 -0.224153</row3>
							</transform>
						</node>
					</node>
					<node>
						<identifier>Lever_Start_R4</identifier>
						<transform>
							<row0>1.000000 0.000000 0.000000</row0>
							<row1>0.000000 0.913826 -0.406106</row1>
							<row2>0.000000 0.406106 0.913826</row2>
							<row3>1.350500 -0.502239 -0.933328</row3>
						</transform>
						<node>
							<identifier>Lever_Joint_R4</identifier>
							<transform>
								<row0>1.000000 0.000000 0.000000</row0>
								<row1>0.000000 0.406106 -0.913826</row1>
								<row2>0.000000 0.913826 0.406106</row2>
								<row3>0.000000 -0.000000 -0.467038</row3>
							</transform>
							<node>
								<identifier>Track_R4</identifier>
								<transform>
									<row0>1.000000 0.000000 -0.000000</row0>
									<row1>0.000000 0.000000 1.000000</row1>
									<row2>0.000000 -1.000000 0.000000</row2>
									<row3>0.000000 0.000000 -0.426606</row3>
								</transform>
								<node>
									<identifier>Track_R4_BlendBone</identifier>
									<transform>
										<row0>1.000000 0.000000 0.000000</row0>
										<row1>0.000000 1.000000 0.000000</row1>
										<row2>0.000000 0.000000 -1.000000</row2>
										<row3>-1.350500 -0.000000 1.360120</row3>
									</transform>
								</node>
							</node>
							<node>
								<identifier>W_R4</identifier>
								<transform>
									<row0>1.000000 0.000000 -0.000000</row0>
									<row1>0.000000 0.000000 1.000000</row1>
									<row2>0.000000 -1.000000 0.000000</row2>
									<row3>0.000000 0.000000 -0.000080</row3>
								</transform>
								<node>
									<identifier>W_R4_BlendBone</identifier>
									<transform>
										<row0>1.000000 0.000000 0.000000</row0>
										<row1>0.000000 1.000000 0.000000</row1>
										<row2>0.000000 0.000000 -1.000000</row2>
										<row3>-1.350500 -0.426526 1.360120</row3>
									</transform>
								</node>
							</node>
							<node>
								<identifier>Lever_Joint_R4_BlendBone</identifier>
								<transform>
									<row0>1.000000 0.000000 0.000000</row0>
									<row1>0.000000 0.000000 1.000000</row1>
									<row2>0.000000 1.000000 0.000000</row2>
									<row3>-1.350500 -1.360120 -0.426606</row3>
								</transform>
							</node>
						</node>
						<node>
							<identifier>Lever_Start_R4_BlendBone</identifier>
							<transform>
								<row0>1.000000 0.000000 0.000000</row0>
								<row1>0.000000 0.913826 0.406106</row1>
								<row2>0.000000 0.406106 -0.913826</row2>
								<row3>-1.350500 -0.942196 0.602628</row3>
							</transform>
						</node>
					</node>
					<node>
						<identifier>Lever_Start_R5</identifier>
						<transform>
							<row0>1.000000 0.000000 0.000000</row0>
							<row1>0.000000 0.914346 -0.404935</row1>
							<row2>0.000000 0.404935 0.914346</row2>
							<row3>1.350500 -0.502239 -1.831670</row3>
						</transform>
						<node>
							<identifier>Lever_Joint_R5</identifier>
							<transform>
								<row0>1.000000 -0.000000 0.000000</row0>
								<row1>-0.000000 0.404935 -0.914345</row1>
								<row2>0.000000 0.914346 0.404935</row2>
								<row3>0.000000 -0.000000 -0.469000</row3>
							</transform>
							<node>
								<identifier>Track_R5</identifier>
								<transform>
									<row0>1.000000 0.000000 0.000000</row0>
									<row1>0.000000 -0.000000 1.000000</row1>
									<row2>-0.000000 -1.000000 -0.000000</row2>
									<row3>0.000000 0.000000 -0.426526</row3>
								</transform>
								<node>
									<identifier>Track_R5_BlendBone</identifier>
									<transform>
										<row0>1.000000 0.000000 0.000000</row0>
										<row1>0.000000 1.000000 -0.000000</row1>
										<row2>0.000000 -0.000000 -1.000000</row2>
										<row3>-1.350500 0.000168 2.260498</row3>
									</transform>
								</node>
							</node>
							<node>
								<identifier>W_R5</identifier>
								<transform>
									<row0>1.000000 0.000000 0.000000</row0>
									<row1>0.000000 -0.000000 1.000000</row1>
									<row2>-0.000000 -1.000000 -0.000000</row2>
									<row3>0.000000 0.000000 0.000000</row3>
								</transform>
								<node>
									<identifier>W_R5_BlendBone</identifier>
									<transform>
										<row0>1.000000 0.000000 0.000000</row0>
										<row1>0.000000 1.000000 -0.000000</row1>
										<row2>0.000000 -0.000000 -1.000000</row2>
										<row3>-1.350500 -0.426358 2.260498</row3>
									</transform>
								</node>
							</node>
							<node>
								<identifier>Lever_Joint_R5_BlendBone</identifier>
								<transform>
									<row0>1.000000 0.000000 0.000000</row0>
									<row1>0.000000 -0.000000 1.000000</row1>
									<row2>0.000000 1.000000 0.000000</row2>
									<row3>-1.350500 -2.260498 -0.426358</row3>
								</transform>
							</node>
						</node>
						<node>
							<identifier>Lever_Start_R5_BlendBone</identifier>
							<transform>
								<row0>1.000000 0.000000 0.000000</row0>
								<row1>0.000000 0.914346 0.404935</row1>
								<row2>0.000000 0.404935 -0.914346</row2>
								<row3>-1.350500 -1.305193 1.425229</row3>
							</transform>
						</node>
					</node>
					<node>
						<identifier>Track_VD_L0</identifier>
						<transform>
							<row0>1.000000 0.000000 0.000000</row0>
							<row1>0.000000 1.000000 0.000000</row1>
							<row2>0.000000 0.000000 1.000000</row2>
							<row3>-1.350500 -0.753816 2.778228</row3>
						</transform>
						<node>
							<identifier>Track_VD_L0_BlendBone</identifier>
							<transform>
								<row0>1.000000 0.000000 0.000000</row0>
								<row1>0.000000 1.000000 0.000000</row1>
								<row2>0.000000 0.000000 -1.000000</row2>
								<row3>1.350500 -0.364695 -2.778228</row3>
							</transform>
						</node>
					</node>
					<node>
						<identifier>Track_VD_L1</identifier>
						<transform>
							<row0>1.000000 0.000000 0.000000</row0>
							<row1>0.000000 1.000000 0.000000</row1>
							<row2>0.000000 0.000000 1.000000</row2>
							<row3>-1.350500 -0.767751 -2.819275</row3>
						</transform>
						<node>
							<identifier>Track_VD_L1_BlendBone</identifier>
							<transform>
								<row0>1.000000 0.000000 0.000000</row0>
								<row1>0.000000 1.000000 0.000000</row1>
								<row2>0.000000 0.000000 -1.000000</row2>
								<row3>1.350500 -0.350760 2.819275</row3>
							</transform>
						</node>
					</node>
					<node>
						<identifier>Track_VD_R0</identifier>
						<transform>
							<row0>1.000000 0.000000 0.000000</row0>
							<row1>0.000000 1.000000 0.000000</row1>
							<row2>0.000000 0.000000 1.000000</row2>
							<row3>1.350500 -0.753816 2.778228</row3>
						</transform>
						<node>
							<identifier>Track_VD_R0_BlendBone</identifier>
							<transform>
								<row0>1.000000 0.000000 0.000000</row0>
								<row1>0.000000 1.000000 0.000000</row1>
								<row2>0.000000 0.000000 -1.000000</row2>
								<row3>-1.350500 -0.364695 -2.778228</row3>
							</transform>
						</node>
					</node>
					<node>
						<identifier>Track_VD_R1</identifier>
						<transform>
							<row0>1.000000 0.000000 0.000000</row0>
							<row1>0.000000 1.000000 0.000000</row1>
							<row2>0.000000 0.000000 1.000000</row2>
							<row3>1.350500 -0.767751 -2.819275</row3>
						</transform>
						<node>
							<identifier>Track_VD_R1_BlendBone</identifier>
							<transform>
								<row0>1.000000 0.000000 0.000000</row0>
								<row1>0.000000 1.000000 0.000000</row1>
								<row2>0.000000 0.000000 -1.000000</row2>
								<row3>-1.350500 -0.350760 2.819275</row3>
							</transform>
						</node>
					</node>
					<node>
						<identifier>Track_VT_L0</identifier>
						<transform>
							<row0>1.000000 0.000000 0.000000</row0>
							<row1>0.000000 1.000000 0.000000</row1>
							<row2>0.000000 0.000000 1.000000</row2>
							<row3>-1.350500 0.094522 2.378623</row3>
						</transform>
						<node>
							<identifier>Track_VT_L0_BlendBone</identifier>
							<transform>
								<row0>1.000000 0.000000 0.000000</row0>
								<row1>0.000000 1.000000 0.000000</row1>
								<row2>0.000000 0.000000 -1.000000</row2>
								<row3>1.350500 -1.213033 -2.378623</row3>
							</transform>
						</node>
					</node>
					<node>
						<identifier>Track_VT_L1</identifier>
						<transform>
							<row0>1.000000 0.000000 0.000000</row0>
							<row1>0.000000 1.000000 0.000000</row1>
							<row2>0.000000 0.000000 1.000000</row2>
							<row3>-1.350500 0.090087 0.938779</row3>
						</transform>
						<node>
							<identifier>Track_VT_L1_BlendBone</identifier>
							<transform>
								<row0>1.000000 0.000000 0.000000</row0>
								<row1>0.000000 1.000000 0.000000</row1>
								<row2>0.000000 0.000000 -1.000000</row2>
								<row3>1.350500 -1.208598 -0.938779</row3>
							</transform>
						</node>
					</node>
					<node>
						<identifier>Track_VT_L2</identifier>
						<transform>
							<row0>1.000000 0.000000 0.000000</row0>
							<row1>0.000000 1.000000 0.000000</row1>
							<row2>0.000000 0.000000 1.000000</row2>
							<row3>-1.350500 0.078122 -0.883170</row3>
						</transform>
						<node>
							<identifier>Track_VT_L2_BlendBone</identifier>
							<transform>
								<row0>1.000000 0.000000 0.000000</row0>
								<row1>0.000000 1.000000 0.000000</row1>
								<row2>0.000000 0.000000 -1.000000</row2>
								<row3>1.350500 -1.196634 0.883170</row3>
							</transform>
						</node>
					</node>
					<node>
						<identifier>Track_VT_L3</identifier>
						<transform>
							<row0>1.000000 0.000000 0.000000</row0>
							<row1>0.000000 1.000000 0.000000</row1>
							<row2>0.000000 0.000000 1.000000</row2>
							<row3>-1.350500 0.079130 -2.430120</row3>
						</transform>
						<node>
							<identifier>Track_VT_L3_BlendBone</identifier>
							<transform>
								<row0>1.000000 0.000000 0.000000</row0>
								<row1>0.000000 1.000000 0.000000</row1>
								<row2>0.000000 0.000000 -1.000000</row2>
								<row3>1.350500 -1.197642 2.430120</row3>
							</transform>
						</node>
					</node>
					<node>
						<identifier>Track_VT_R0</identifier>
						<transform>
							<row0>1.000000 0.000000 0.000000</row0>
							<row1>0.000000 1.000000 0.000000</row1>
							<row2>0.000000 0.000000 1.000000</row2>
							<row3>1.350500 0.094522 2.378623</row3>
						</transform>
						<node>
							<identifier>Track_VT_R0_BlendBone</identifier>
							<transform>
								<row0>1.000000 0.000000 0.000000</row0>
								<row1>0.000000 1.000000 0.000000</row1>
								<row2>0.000000 0.000000 -1.000000</row2>
								<row3>-1.350500 -1.213033 -2.378623</row3>
							</transform>
						</node>
					</node>
					<node>
						<identifier>Track_VT_R1</identifier>
						<transform>
							<row0>1.000000 0.000000 0.000000</row0>
							<row1>0.000000 1.000000 0.000000</row1>
							<row2>0.000000 0.000000 1.000000</row2>
							<row3>1.350500 0.090087 0.938779</row3>
						</transform>
						<node>
							<identifier>Track_VT_R1_BlendBone</identifier>
							<transform>
								<row0>1.000000 0.000000 0.000000</row0>
								<row1>0.000000 1.000000 0.000000</row1>
								<row2>0.000000 0.000000 -1.000000</row2>
								<row3>-1.350500 -1.208598 -0.938779</row3>
							</transform>
						</node>
					</node>
					<node>
						<identifier>Track_VT_R2</identifier>
						<transform>
							<row0>1.000000 0.000000 0.000000</row0>
							<row1>0.000000 1.000000 0.000000</row1>
							<row2>0.000000 0.000000 1.000000</row2>
							<row3>1.350500 0.078122 -0.883170</row3>
						</transform>
						<node>
							<identifier>Track_VT_R2_BlendBone</identifier>
							<transform>
								<row0>1.000000 0.000000 0.000000</row0>
								<row1>0.000000 1.000000 0.000000</row1>
								<row2>0.000000 0.000000 -1.000000</row2>
								<row3>-1.350500 -1.196634 0.883170</row3>
							</transform>
						</node>
					</node>
					<node>
						<identifier>Track_VT_R3</identifier>
						<transform>
							<row0>1.000000 0.000000 0.000000</row0>
							<row1>0.000000 1.000000 0.000000</row1>
							<row2>0.000000 0.000000 1.000000</row2>
							<row3>1.350500 0.079130 -2.430120</row3>
						</transform>
						<node>
							<identifier>Track_VT_R3_BlendBone</identifier>
							<transform>
								<row0>1.000000 0.000000 0.000000</row0>
								<row1>0.000000 1.000000 0.000000</row1>
								<row2>0.000000 0.000000 -1.000000</row2>
								<row3>-1.350500 -1.197642 2.430120</row3>
							</transform>
						</node>
					</node>
					<node>
						<identifier>WD_L0</identifier>
						<transform>
							<row0>1.000000 0.000000 0.000000</row0>
							<row1>0.000000 1.000000 0.000000</row1>
