<?xml version="1.0" encoding="utf-8"?>
<root>
	<node>
		<identifier>Scene Root</identifier>
		<transform>
			<row0>1.000000 0.000000 0.000000</row0>
			<row1>0.000000 1.000000 0.000000</row1>
			<row2>0.000000 0.000000 1.000000</row2>
			<row3>0.000000 0.000000 0.000000</row3>
		</transform>
		<node>
			<identifier>HP_Fire_1</identifier>
			<transform>
				<row0>1.000000 0.000000 0.000000</row0>
				<row1>0.000000 1.000000 0.000000</row1>
				<row2>0.000000 0.000000 1.000000</row2>
				<row3>0.000000 0.132143 -2.134043</row3>
			</transform>
		</node>
		<node>
			<identifier>HP_Fire_2</identifier>
			<transform>
				<row0>1.000000 0.000000 0.000000</row0>
				<row1>0.000000 1.000000 0.000000</row1>
				<row2>0.000000 0.000000 1.000000</row2>
				<row3>0.000000 0.117208 2.223849</row3>
			</transform>
		</node>
		<node>
			<identifier>HP_TrackUp_LFront</identifier>
			<transform>
				<row0>1.000000 0.000000 0.000000</row0>
				<row1>0.000000 0.583907 0.811821</row1>
				<row2>0.000000 -0.811821 0.583907</row2>
				<row3>-1.244318 -0.116716 3.186328</row3>
			</transform>
		</node>
		<node>
			<identifier>HP_TrackUp_LRear</identifier>
			<transform>
				<row0>-1.000000 0.000000 -0.000000</row0>
				<row1>0.000000 0.701598 -0.712573</row1>
				<row2>-0.000000 -0.712573 -0.701598</row2>
				<row3>-1.244318 -0.155584 -3.284067</row3>
			</transform>
		</node>
		<node>
			<identifier>HP_TrackUp_RFront</identifier>
			<transform>
				<row0>1.000000 0.000000 0.000000</row0>
				<row1>0.000000 0.583907 0.811821</row1>
				<row2>0.000000 -0.811821 0.583907</row2>
				<row3>1.244318 -0.116716 3.186328</row3>
			</transform>
		</node>
		<node>
			<identifier>HP_TrackUp_RRear</identifier>
			<transform>
				<row0>-1.000000 0.000000 -0.000000</row0>
				<row1>0.000000 0.701598 -0.712573</row1>
				<row2>-0.000000 -0.712573 -0.701598</row2>
				<row3>1.244318 -0.155584 -3.284067</row3>
			</transform>
		</node>
		<node>
			<identifier>HP_Track_Exhaus_1</identifier>
			<transform>
				<row0>0.000000 1.000000 0.000000</row0>
				<row1>0.798635 -0.000000 0.601815</row1>
				<row2>0.601815 -0.000000 -0.798635</row2>
				<row3>1.178297 0.606822 -2.358298</row3>
			</transform>
		</node>
		<node>
			<identifier>HP_Track_Exhaus_2</identifier>
			<transform>
				<row0>0.000000 1.000000 0.000000</row0>
				<row1>0.798635 -0.000000 -0.601815</row1>
				<row2>-0.601815 0.000000 -0.798635</row2>
				<row3>-1.178297 0.606822 -2.358298</row3>
			</transform>
		</node>
		<node>
			<identifier>HP_turretJoint</identifier>
			<transform>
				<row0>1.000000 0.000000 0.000000</row0>
				<row1>0.000000 1.000000 0.000000</row1>
				<row2>0.000000 0.000000 1.000000</row2>
				<row3>0.000389 0.595951 0.630888</row3>
			</transform>
		</node>
		<node>
			<identifier>lod0</identifier>
			<transform>
				<row0>1.000000 0.000000 0.000000</row0>
				<row1>0.000000 1.000000 0.000000</row1>
				<row2>0.000000 0.000000 1.000000</row2>
				<row3>0.000000 0.000000 0.000000</row3>
			</transform>
			<node>
				<identifier>hull</identifier>
				<transform>
					<row0>1.000000 0.000000 0.000000</row0>
					<row1>0.000000 1.000000 0.000000</row1>
					<row2>0.000000 0.000000 1.000000</row2>
					<row3>0.000000 -0.927233 0.000000</row3>
				</transform>
			</node>
		</node>
	</node>
	<renderSet>
		<treatAsWorldSpaceObject>false</treatAsWorldSpaceObject>
		<node>Scene Root</node>
		<geometry>
			<vertices>vertices</vertices>
			<stream>colour</stream>
			<primitive>indices</primitive>
			<primitiveGroup>
				0
				<material>
					<identifier>tank_hull_01</identifier>
					<collisionFlags>0</collisionFlags>
					<materialKind>0</materialKind>
					<property>
						g_detailPowerAlbedo
						<Float>
							0.11
							<!--BW_String-->
						</Float>
					</property>
					<property>
						diffuseMap
						<Texture>vehicles/russian/R19_IS-3/IS-3_hull_01_AM.dds</Texture>
					</property>
					<property>
						excludeMaskAndAOMap
						<Texture>vehicles/russian/R19_IS-3/IS-3_hull_01_AO.dds</Texture>
					</property>
					<property>
						colorIdMap
						<Texture>vehicles/russian/common/common_ID.dds</Texture>
					</property>
					<property>
						g_useNormalPackDXT1
						<Bool>false</Bool>
					</property>
					<fx>shaders/std_effects/PBS_tank.fx</fx>
					<property>
						g_detailPowerGloss
						<Float>
							0.35
							<!--BW_String-->
						</Float>
					</property>
					<property>
						g_maskBias
						<Float>
							0.22
							<!--BW_String-->
						</Float>
					</property>
					<property>
						metallicGlossMap
						<Texture>vehicles/russian/R19_IS-3/IS-3_hull_01_GMM.dds</Texture>
					</property>
					<property>
						metallicDetailMap
						<Texture>vehicles/russian/Tank_detail/Details_map.dds</Texture>
					</property>
					<property>
						g_detailUVTiling
						<Vector4>
							8.41644 8.41644 0.000000 0.000000
							<!--BW_String-->
						</Vector4>
					</property>
					<property>
						g_detailPower
						<Float>5</Float>
					</property>
					<property>
						normalMap
						<Texture>vehicles/russian/R19_IS-3/IS-3_hull_01_ANM.dds</Texture>
					</property>
				</material>
				<groupOrigin>0.000000 0.083831 -0.091072</groupOrigin>
			</primitiveGroup>
		</geometry>
	</renderSet>
	<boundingBox>
		<min>-1.613218 -0.601256 -3.591118</min>
		<max>1.613218 0.768917 3.408974</max>
	</boundingBox>
	<geometrySize>312462</geometrySize>
	<minUVDensity>0.000322</minUVDensity>
</root>
