<?xml version="1.0" encoding="utf-8"?>
<root>
	<node>
		<identifier>Scene Root</identifier>
		<transform>
			<row0>1.000000 0.000000 0.000000</row0>
			<row1>0.000000 1.000000 0.000000</row1>
			<row2>0.000000 0.000000 1.000000</row2>
			<row3>0.000000 0.000000 0.000000</row3>
		</transform>
		<node>
			<identifier>nodes_01</identifier>
			<transform>
				<row0>1.000000 0.000000 0.000000</row0>
				<row1>0.000000 1.000000 0.000000</row1>
				<row2>0.000000 0.000000 1.000000</row2>
				<row3>0.000000 0.000000 0.000000</row3>
			</transform>
			<node>
				<identifier>HP_gunJoint</identifier>
				<transform>
					<row0>1.000000 0.000000 0.000000</row0>
					<row1>0.000000 1.000000 0.000000</row1>
					<row2>0.000000 0.000000 1.000000</row2>
					<row3>0.000380 1.782163 4.098841</row3>
				</transform>
			</node>
			<node>
				<identifier>HP_light1</identifier>
				<transform>
					<row0>1.000000 0.000000 0.000000</row0>
					<row1>0.000000 0.996463 0.084031</row1>
					<row2>0.000000 -0.084031 0.996463</row2>
					<row3>-0.000347 3.450000 3.267800</row3>
				</transform>
			</node>
			<node>
				<identifier>HP_light1</identifier>
				<transform>
					<row0>1.000000 0.000000 0.000000</row0>
					<row1>0.000000 0.996463 0.084031</row1>
					<row2>0.000000 -0.084031 0.996463</row2>
					<row3>-0.000347 3.450000 3.267800</row3>
				</transform>
			</node>
			<node>
				<identifier>HP_wp_14</identifier>
				<transform>
					<row0>1.000000 0.000000 0.000000</row0>
					<row1>0.000000 1.000000 0.000000</row1>
					<row2>0.000000 0.000000 1.000000</row2>
					<row3>-1.408108 2.704082 -5.874688</row3>
				</transform>
			</node>
			<node>
				<identifier>HP_wp_15</identifier>
				<transform>
					<row0>1.000000 0.000000 0.000000</row0>
					<row1>0.000000 1.000000 0.000000</row1>
					<row2>0.000000 0.000000 1.000000</row2>
					<row3>0.000000 2.704082 -5.874690</row3>
				</transform>
			</node>
			<node>
				<identifier>HP_wp_16</identifier>
				<transform>
					<row0>1.000000 0.000000 0.000000</row0>
					<row1>0.000000 1.000000 0.000000</row1>
					<row2>0.000000 0.000000 1.000000</row2>
					<row3>1.408000 2.704082 -5.874690</row3>
				</transform>
			</node>
			<node>
				<identifier>HP_wp_17</identifier>
				<transform>
					<row0>1.000000 0.000000 0.000000</row0>
					<row1>0.000000 1.000000 0.000000</row1>
					<row2>0.000000 0.000000 1.000000</row2>
					<row3>-1.408000 1.826907 -6.177507</row3>
				</transform>
			</node>
			<node>
				<identifier>HP_wp_18</identifier>
				<transform>
					<row0>1.000000 0.000000 0.000000</row0>
					<row1>0.000000 1.000000 0.000000</row1>
					<row2>0.000000 0.000000 1.000000</row2>
					<row3>0.000000 1.826907 -6.177510</row3>
				</transform>
			</node>
			<node>
				<identifier>HP_wp_19</identifier>
				<transform>
					<row0>1.000000 0.000000 0.000000</row0>
					<row1>0.000000 1.000000 0.000000</row1>
					<row2>0.000000 0.000000 1.000000</row2>
					<row3>1.408000 1.826907 -6.177510</row3>
				</transform>
			</node>
			<node>
				<identifier>HP_wp_20</identifier>
				<transform>
					<row0>-0.529919 0.000000 -0.848048</row0>
					<row1>0.424024 0.866024 -0.264959</row1>
					<row2>0.734431 -0.500000 -0.458923</row2>
					<row3>-2.319473 1.845377 2.720784</row3>
				</transform>
			</node>
			<node>
				<identifier>HP_wp_21</identifier>
				<transform>
					<row0>0.173648 -0.000000 -0.984807</row0>
					<row1>0.564862 0.819151 0.099600</row1>
					<row2>0.806707 -0.573576 0.142244</row2>
					<row3>-2.864856 1.974975 -0.735932</row3>
				</transform>
			</node>
			<node>
				<identifier>HP_wp_22</identifier>
				<transform>
					<row0>-0.551355 -0.045324 0.833040</row0>
					<row1>-0.439033 0.864839 -0.243524</row1>
					<row2>-0.709407 -0.500000 -0.496732</row2>
					<row3>2.382304 1.845377 2.689442</row3>
				</transform>
			</node>
			<node>
				<identifier>HP_wp_23</identifier>
				<transform>
					<row0>0.209547 0.071394 0.975188</row0>
					<row1>-0.574481 0.816035 0.063702</row1>
					<row2>-0.791239 -0.573576 0.212012</row2>
					<row3>3.037763 1.959558 -0.761911</row3>
				</transform>
			</node>
		</node>
	</node>
	<renderSet>
		<treatAsWorldSpaceObject>false</treatAsWorldSpaceObject>
		<node>Scene Root</node>
		<geometry>
			<vertices>vertices</vertices>
			<primitive>indices</primitive>
			<primitiveGroup>
				0
				<material>
					<identifier>tank_proxy</identifier>
					<property>
						selfIllumination
						<Float>0.000000</Float>
					</property>
					<collisionFlags>0</collisionFlags>
					<materialKind>0</materialKind>
					<fx>shaders/std_effects/PBS_tank.fx</fx>
					<property>
						metallicGlossMap
						<Texture>halloween/vehicles/german/G180_E100_Hell_Boss_HW24/E100_Hell_Boss_HW24_proxy_GMM.dds</Texture>
					</property>
					<property>
						normalMap
						<Texture>halloween/vehicles/german/G180_E100_Hell_Boss_HW24/E100_Hell_Boss_HW24_proxy_ANM.dds</Texture>
					</property>
					<property>
						diffuseMap
						<Texture>halloween/vehicles/german/G180_E100_Hell_Boss_HW24/E100_Hell_Boss_HW24_proxy_AM.dds</Texture>
					</property>
					<property>
						excludeMaskAndAOMap
						<Texture>halloween/vehicles/german/G180_E100_Hell_Boss_HW24/E100_Hell_Boss_HW24_proxy_AO.dds</Texture>
					</property>
					<property>
						colorIdMap
						<Texture>vehicles/russian/common/common_ID.dds</Texture>
					</property>
					<property>
						crashTileMap
						<Texture>vehicles/russian/Tank_detail/crash_tile.dds</Texture>
					</property>
				</material>
				<groupOrigin>0.042258 2.748684 -1.042976</groupOrigin>
			</primitiveGroup>
		</geometry>
	</renderSet>
	<boundingBox>
		<min>-3.551978 -0.249117 -6.781509</min>
		<max>3.520689 5.121093 4.794311</max>
	</boundingBox>
	<geometrySize>55186</geometrySize>
	<minUVDensity>0.000163</minUVDensity>
</root>
