<?xml version="1.0" encoding="utf-8"?>
<root>
	<node>
		<identifier>Scene Root</identifier>
		<transform>
			<row0>1.000000 0.000000 0.000000</row0>
			<row1>0.000000 1.000000 0.000000</row1>
			<row2>0.000000 0.000000 1.000000</row2>
			<row3>0.000000 0.000000 0.000000</row3>
		</transform>
		<node>
			<identifier>J_env_122_02_Zeppelin_02</identifier>
			<transform>
				<row0>0.695673 0.000000 -0.718358</row0>
				<row1>0.000000 1.000000 0.000000</row1>
				<row2>0.718358 0.000000 0.695673</row2>
				<row3>0.000000 0.000000 0.000000</row3>
			</transform>
			<node>
				<identifier>joint2</identifier>
				<transform>
					<row0>0.996417 0.000000 -0.084574</row0>
					<row1>0.000000 1.000000 0.000000</row1>
					<row2>0.084574 0.000000 0.996417</row2>
					<row3>19.743748 10.773590 3.271379</row3>
				</transform>
				<node>
					<identifier>joint21</identifier>
					<transform>
						<row0>-0.482532 0.000000 -0.875879</row0>
						<row1>0.000000 1.000000 0.000000</row1>
						<row2>0.875879 -0.000000 -0.482532</row2>
						<row3>0.000001 -1.059976 0.000000</row3>
					</transform>
					<node>
						<identifier>joint21_BlendBone</identifier>
						<transform>
							<row0>-0.983639 0.000000 0.180150</row0>
							<row1>0.000000 1.000000 0.000000</row1>
							<row2>0.180150 0.000000 0.983639</row2>
							<row3>13.676954 -9.713614 -14.610216</row3>
						</transform>
					</node>
				</node>
				<node>
					<identifier>joint2_BlendBone</identifier>
					<transform>
						<row0>0.632427 0.000000 0.774620</row0>
						<row1>0.000000 1.000000 0.000000</row1>
						<row2>0.774620 0.000000 -0.632427</row2>
						<row3>-19.396338 -10.773590 -4.929461</row3>
					</transform>
				</node>
			</node>
			<node>
				<identifier>joint4</identifier>
				<transform>
					<row0>0.996417 0.000000 -0.084574</row0>
					<row1>0.000000 1.000000 0.000000</row1>
					<row2>0.084574 0.000000 0.996417</row2>
					<row3>21.032036 10.773590 3.477869</row3>
				</transform>
				<node>
					<identifier>joint41</identifier>
					<transform>
						<row0>-0.482532 0.000000 -0.875879</row0>
						<row1>0.000000 1.000000 0.000000</row1>
						<row2>0.875879 -0.000000 -0.482532</row2>
						<row3>0.000000 -1.059977 0.000000</row3>
					</transform>
					<node>
						<identifier>joint41_BlendBone</identifier>
						<transform>
							<row0>-0.983639 0.000000 0.180150</row0>
							<row1>0.000000 1.000000 0.000000</row1>
							<row2>0.180150 0.000000 0.983639</row2>
							<row3>14.563583 -9.713614 -15.567407</row3>
						</transform>
					</node>
				</node>
				<node>
					<identifier>joint4_BlendBone</identifier>
					<transform>
						<row0>0.632427 0.000000 0.774620</row0>
						<row1>0.000000 1.000000 0.000000</row1>
						<row2>0.774620 0.000000 -0.632427</row2>
						<row3>-20.662548 -10.773590 -5.244165</row3>
					</transform>
				</node>
			</node>
			<node>
				<identifier>joint5</identifier>
				<transform>
					<row0>0.996417 0.000000 -0.084574</row0>
					<row1>0.000000 1.000000 0.000000</row1>
					<row2>0.084574 0.000000 0.996417</row2>
					<row3>22.129053 10.773590 3.653699</row3>
				</transform>
				<node>
					<identifier>joint51</identifier>
					<transform>
						<row0>-0.482532 0.000000 -0.875879</row0>
						<row1>0.000000 1.000000 0.000000</row1>
						<row2>0.875879 0.000000 -0.482532</row2>
						<row3>0.000000 -1.059976 0.000000</row3>
					</transform>
					<node>
						<identifier>joint51_BlendBone</identifier>
						<transform>
							<row0>-0.983639 0.000000 0.180150</row0>
							<row1>0.000000 1.000000 0.000000</row1>
							<row2>0.180150 0.000000 0.983639</row2>
							<row3>15.318574 -9.713614 -16.382483</row3>
						</transform>
					</node>
				</node>
				<node>
					<identifier>joint5_BlendBone</identifier>
					<transform>
						<row0>0.632427 0.000000 0.774620</row0>
						<row1>0.000000 1.000000 0.000000</row1>
						<row2>0.774620 0.000000 -0.632427</row2>
						<row3>-21.740761 -10.773590 -5.512144</row3>
					</transform>
				</node>
			</node>
			<node>
				<identifier>joint6</identifier>
				<transform>
					<row0>0.996417 0.000000 -0.084574</row0>
					<row1>0.000000 1.000000 0.000000</row1>
					<row2>0.084574 0.000000 0.996417</row2>
					<row3>23.471626 10.773590 3.868888</row3>
				</transform>
				<node>
					<identifier>joint61</identifier>
					<transform>
						<row0>-0.482532 -0.000000 -0.875879</row0>
						<row1>0.000000 1.000000 0.000000</row1>
						<row2>0.875879 -0.000000 -0.482532</row2>
						<row3>0.000000 -1.059976 0.000002</row3>
					</transform>
					<node>
						<identifier>joint61_BlendBone</identifier>
						<transform>
							<row0>-0.983639 0.000000 0.180150</row0>
							<row1>0.000000 1.000000 0.000000</row1>
							<row2>0.180150 0.000000 0.983639</row2>
							<row3>16.242563 -9.713614 -17.380009</row3>
						</transform>
					</node>
				</node>
				<node>
					<identifier>joint6_BlendBone</identifier>
					<transform>
						<row0>0.632427 0.000000 0.774620</row0>
						<row1>0.000000 1.000000 0.000000</row1>
						<row2>0.774620 0.000000 -0.632427</row2>
						<row3>-23.060328 -10.773590 -5.840109</row3>
					</transform>
				</node>
			</node>
			<node>
				<identifier>joint7</identifier>
				<transform>
					<row0>0.996417 0.000000 -0.084574</row0>
					<row1>0.000000 1.000000 0.000000</row1>
					<row2>0.084574 0.000000 0.996417</row2>
					<row3>24.629154 10.773590 4.054416</row3>
				</transform>
				<node>
					<identifier>joint71</identifier>
					<transform>
						<row0>-0.482532 -0.000000 -0.875879</row0>
						<row1>0.000000 1.000000 0.000000</row1>
						<row2>0.875879 0.000000 -0.482532</row2>
						<row3>0.000000 -1.059975 0.000000</row3>
					</transform>
					<node>
						<identifier>joint71_BlendBone</identifier>
						<transform>
							<row0>-0.983639 0.000000 0.180150</row0>
							<row1>0.000000 1.000000 0.000000</row1>
							<row2>0.180150 0.000000 0.983639</row2>
							<row3>17.039198 -9.713614 -18.240046</row3>
						</transform>
					</node>
				</node>
				<node>
					<identifier>joint7_BlendBone</identifier>
					<transform>
						<row0>0.632427 0.000000 0.774620</row0>
						<row1>0.000000 1.000000 0.000000</row1>
						<row2>0.774620 0.000000 -0.632427</row2>
						<row3>-24.198017 -10.773590 -6.122869</row3>
					</transform>
				</node>
			</node>
			<node>
				<identifier>J_env_122_02_Zeppelin_02_BlendBone</identifier>
				<transform>
					<row0>0.695673 0.000000 0.718358</row0>
					<row1>0.000000 1.000000 0.000000</row1>
					<row2>0.718358 0.000000 -0.695673</row2>
					<row3>0.000000 0.000000 0.000000</row3>
				</transform>
			</node>
		</node>
		<node>
			<identifier>env_122_02_Zeppelin_02</identifier>
			<transform>
				<row0>1.000000 0.000000 0.000000</row0>
				<row1>0.000000 1.000000 0.000000</row1>
				<row2>0.000000 0.000000 1.000000</row2>
				<row3>0.000000 0.000000 0.000000</row3>
			</transform>
			<node>
				<identifier>lod0</identifier>
				<transform>
					<row0>1.000000 0.000000 0.000000</row0>
					<row1>0.000000 1.000000 0.000000</row1>
					<row2>0.000000 0.000000 1.000000</row2>
					<row3>0.000000 0.000000 0.000000</row3>
				</transform>
				<node>
					<identifier>s0</identifier>
					<transform>
						<row0>1.000000 0.000000 0.000000</row0>
						<row1>0.000000 1.000000 0.000000</row1>
						<row2>0.000000 0.000000 1.000000</row2>
						<row3>0.000000 0.000000 0.000000</row3>
					</transform>
				</node>
				<node>
					<identifier>s2</identifier>
					<transform>
						<row0>1.000000 0.000000 0.000000</row0>
						<row1>0.000000 1.000000 0.000000</row1>
						<row2>0.000000 0.000000 1.000000</row2>
						<row3>0.000000 0.000000 0.000000</row3>
					</transform>
				</node>
			</node>
		</node>
	</node>
	<renderSet>
		<treatAsWorldSpaceObject>false</treatAsWorldSpaceObject>
		<node>Scene Root</node>
		<geometry>
			<vertices>vertices</vertices>
			<stream>uv2</stream>
			<primitive>indices</primitive>
			<primitiveGroup>
				0
				<material>
					<identifier>s_nd2</identifier>
					<fx>shaders/std_effects/PBS_ext_dual.fx</fx>
					<collisionFlags>0</collisionFlags>
					<materialKind>112</materialKind>
					<property>
						normalMap
						<Texture>content/Environment/env_122_02_Zeppelin/env_122_02_Zeppelin_ANM.dds</Texture>
					</property>
					<property>
						metallicGlossMap
						<Texture>content/Environment/env_122_02_Zeppelin/env_122_02_Zeppelin_GMM.dds</Texture>
					</property>
					<property>
						diffuseMap2
						<Texture>content/Environment/env_122_02_Zeppelin/env_122_02_Zeppelin_AM2.dds</Texture>
					</property>
					<property>
						diffuseMap
						<Texture>content/Environment/env_122_02_Zeppelin/env_122_02_Zeppelin_AM.dds</Texture>
					</property>
				</material>
				<groupOrigin>2.255049 15.027757 -0.966516</groupOrigin>
			</primitiveGroup>
			<primitiveGroup>
				1
				<material>
					<identifier>s_nd1</identifier>
					<fx>shaders/std_effects/PBS_ext_dual.fx</fx>
					<collisionFlags>0</collisionFlags>
					<materialKind>112</materialKind>
					<property>
						normalMap
						<Texture>content/Environment/env_122_02_Zeppelin/env_122_02_Zeppelin_ANM.dds</Texture>
					</property>
					<property>
						metallicGlossMap
						<Texture>content/Environment/env_122_02_Zeppelin/env_122_02_Zeppelin_GMM.dds</Texture>
					</property>
					<property>
						diffuseMap2
						<Texture>content/Environment/env_122_02_Zeppelin/env_122_02_Zeppelin_AM2.dds</Texture>
					</property>
					<property>
						diffuseMap
						<Texture>content/Environment/env_122_02_Zeppelin/env_122_02_Zeppelin_AM.dds</Texture>
					</property>
				</material>
				<groupOrigin>-1.833710 14.764780 -0.261944</groupOrigin>
			</primitiveGroup>
			<primitiveGroup>
				2
				<material>
					<identifier>s_nd0</identifier>
					<fx>shaders/std_effects/PBS_ext_dual.fx</fx>
					<collisionFlags>0</collisionFlags>
					<materialKind>112</materialKind>
					<property>
						normalMap
						<Texture>content/Environment/env_122_02_Zeppelin/env_122_02_Zeppelin_ANM.dds</Texture>
					</property>
					<property>
						metallicGlossMap
						<Texture>content/Environment/env_122_02_Zeppelin/env_122_02_Zeppelin_GMM.dds</Texture>
					</property>
					<property>
						diffuseMap2
						<Texture>content/Environment/env_122_02_Zeppelin/env_122_02_Zeppelin_AM2.dds</Texture>
					</property>
					<property>
						diffuseMap
						<Texture>content/Environment/env_122_02_Zeppelin/env_122_02_Zeppelin_AM.dds</Texture>
					</property>
				</material>
				<groupOrigin>-2.259024 16.291700 -1.252596</groupOrigin>
			</primitiveGroup>
		</geometry>
	</renderSet>
	<boundingBox>
		<min>-18.100676 -2.742949 -19.515089</min>
		<max>18.100685 30.648909 18.991201</max>
	</boundingBox>
	<customBsp>true</customBsp>
	<geometrySize>81000</geometrySize>
	<minUVDensity>0.000357</minUVDensity>
</root>
