<?xml version="1.0" encoding="utf-8"?>
<root>
	<node>
		<identifier>Scene Root</identifier>
		<transform>
			<row0>1.000000 0.000000 0.000000</row0>
			<row1>0.000000 1.000000 0.000000</row1>
			<row2>0.000000 0.000000 1.000000</row2>
			<row3>0.000000 0.000000 0.000000</row3>
		</transform>
		<node>
			<identifier>nodes_01</identifier>
			<transform>
				<row0>1.000000 0.000000 0.000000</row0>
				<row1>0.000000 1.000000 0.000000</row1>
				<row2>0.000000 0.000000 1.000000</row2>
				<row3>0.000000 0.000000 0.000000</row3>
			</transform>
			<node>
				<identifier>HP_Fire_1</identifier>
				<transform>
					<row0>1.000000 0.000000 0.000000</row0>
					<row1>0.000000 1.000000 0.000000</row1>
					<row2>0.000000 0.000000 1.000000</row2>
					<row3>0.357668 -0.009475 1.765162</row3>
				</transform>
			</node>
			<node>
				<identifier>HP_Fire_2</identifier>
				<transform>
					<row0>1.000000 0.000000 0.000000</row0>
					<row1>0.000000 1.000000 0.000000</row1>
					<row2>0.000000 0.000000 1.000000</row2>
					<row3>-0.524677 -0.180512 1.038136</row3>
				</transform>
			</node>
			<node>
				<identifier>HP_TrackUp_LFront</identifier>
				<transform>
					<row0>1.000000 0.000000 0.000000</row0>
					<row1>0.000000 0.760636 0.649179</row1>
					<row2>0.000000 -0.649179 0.760636</row2>
					<row3>-1.277459 0.072955 2.768910</row3>
				</transform>
			</node>
			<node>
				<identifier>HP_TrackUp_LRear</identifier>
				<transform>
					<row0>-1.000000 0.000000 0.000000</row0>
					<row1>0.000000 0.821580 -0.570093</row1>
					<row2>-0.000000 -0.570093 -0.821580</row2>
					<row3>-1.277459 0.084916 -2.749541</row3>
				</transform>
			</node>
			<node>
				<identifier>HP_TrackUp_RFront</identifier>
				<transform>
					<row0>1.000000 0.000000 0.000000</row0>
					<row1>0.000000 0.760636 0.649179</row1>
					<row2>0.000000 -0.649179 0.760636</row2>
					<row3>1.277220 0.073051 2.769200</row3>
				</transform>
			</node>
			<node>
				<identifier>HP_TrackUp_RRear</identifier>
				<transform>
					<row0>-1.000000 0.000000 0.000000</row0>
					<row1>0.000000 0.821580 -0.570093</row1>
					<row2>-0.000000 -0.570093 -0.821580</row2>
					<row3>1.277220 0.084450 -2.748674</row3>
				</transform>
			</node>
			<node>
				<identifier>HP_Track_Exhaus_1</identifier>
				<transform>
					<row0>-0.000008 0.000011 -1.000000</row0>
					<row1>0.000011 1.000000 0.000011</row1>
					<row2>1.000000 -0.000011 -0.000008</row2>
					<row3>1.562927 0.285964 0.271399</row3>
				</transform>
			</node>
			<node>
				<identifier>HP_turretJoint</identifier>
				<transform>
					<row0>1.000000 0.000000 0.000000</row0>
					<row1>0.000000 1.000000 0.000000</row1>
					<row2>0.000000 0.000000 1.000000</row2>
					<row3>0.004414 0.514814 -0.545761</row3>
				</transform>
			</node>
		</node>
	</node>
	<renderSet>
		<treatAsWorldSpaceObject>false</treatAsWorldSpaceObject>
		<node>Scene Root</node>
		<geometry>
			<vertices>vertices</vertices>
			<primitive>indices</primitive>
			<primitiveGroup>
				0
				<material>
					<identifier>tank_hull_01</identifier>
					<fx>shaders/std_effects/PBS_tank.fx</fx>
					<materialKind>0</materialKind>
					<collisionFlags>0</collisionFlags>
					<property>
						alphaReference
						<Int>64</Int>
					</property>
					<property>
						alphaTestEnable
						<Bool>true</Bool>
					</property>
					<property>
						colorIdMap
						<Texture>vehicles/russian/common/common_ID.dds</Texture>
					</property>
					<property>
						diffuseMap
						<Texture>vehicles/french/F18_Bat_Chatillon25t/_skins/F18_Bat_Chatillon25t_3DSt_TLXXL/Bat_Chatillon25t_proxy_AM.dds</Texture>
					</property>
					<property>
						excludeMaskAndAOMap
						<Texture>vehicles/french/F18_Bat_Chatillon25t/_skins/F18_Bat_Chatillon25t_3DSt_TLXXL/Bat_Chatillon25t_proxy_AO.dds</Texture>
					</property>
					<property>
						metallicGlossMap
						<Texture>vehicles/french/F18_Bat_Chatillon25t/_skins/F18_Bat_Chatillon25t_3DSt_TLXXL/Bat_Chatillon25t_proxy_GMM.dds</Texture>
					</property>
					<property>
						normalMap
						<Texture>vehicles/french/F18_Bat_Chatillon25t/_skins/F18_Bat_Chatillon25t_3DSt_TLXXL/Bat_Chatillon25t_proxy_ANM.dds</Texture>
					</property>
				</material>
				<groupOrigin>0.006141 0.073187 -0.041716</groupOrigin>
			</primitiveGroup>
		</geometry>
	</renderSet>
	<boundingBox>
		<min>-1.602987 -0.525456 -2.913517</min>
		<max>1.615270 0.671830 2.830086</max>
	</boundingBox>
	<geometrySize>3324</geometrySize>
	<minUVDensity>0.002378</minUVDensity>
</root>
