<?xml version="1.0" encoding="utf-8"?>
<root>
	<node>
		<identifier>Scene Root</identifier>
		<transform>
			<row0>1.000000 0.000000 0.000000</row0>
			<row1>0.000000 1.000000 0.000000</row1>
			<row2>0.000000 0.000000 1.000000</row2>
			<row3>0.000000 0.000000 0.000000</row3>
		</transform>
		<node>
			<identifier>nodes_01</identifier>
			<transform>
				<row0>1.000000 0.000000 0.000000</row0>
				<row1>0.000000 1.000000 0.000000</row1>
				<row2>0.000000 0.000000 1.000000</row2>
				<row3>0.000000 0.000000 0.000000</row3>
			</transform>
			<node>
				<identifier>HP_Fire_1</identifier>
				<transform>
					<row0>1.000000 0.000000 0.000000</row0>
					<row1>0.000000 1.000000 0.000000</row1>
					<row2>0.000000 0.000000 1.000000</row2>
					<row3>0.000000 0.174412 -2.776480</row3>
				</transform>
			</node>
			<node>
				<identifier>HP_Fire_2</identifier>
				<transform>
					<row0>1.000000 0.000000 0.000000</row0>
					<row1>0.000000 1.000000 0.000000</row1>
					<row2>0.000000 0.000000 1.000000</row2>
					<row3>0.000000 0.174412 1.740033</row3>
				</transform>
			</node>
			<node>
				<identifier>HP_TrackUp_LFront</identifier>
				<transform>
					<row0>1.000000 0.000000 0.000000</row0>
					<row1>0.000000 0.908094 0.418766</row1>
					<row2>0.000000 -0.418766 0.908094</row2>
					<row3>-1.343961 0.002986 3.435014</row3>
				</transform>
			</node>
			<node>
				<identifier>HP_TrackUp_LRear</identifier>
				<transform>
					<row0>-1.000000 0.000000 0.000000</row0>
					<row1>0.000000 0.933946 -0.357415</row1>
					<row2>-0.000000 -0.357415 -0.933946</row2>
					<row3>-1.343961 0.120115 -3.287802</row3>
				</transform>
			</node>
			<node>
				<identifier>HP_TrackUp_RFront</identifier>
				<transform>
					<row0>1.000000 0.000000 0.000000</row0>
					<row1>0.000000 0.908094 0.418766</row1>
					<row2>0.000000 -0.418766 0.908094</row2>
					<row3>1.343961 0.002986 3.435014</row3>
				</transform>
			</node>
			<node>
				<identifier>HP_TrackUp_RRear</identifier>
				<transform>
					<row0>-1.000000 0.000000 0.000000</row0>
					<row1>0.000000 0.933946 -0.357415</row1>
					<row2>-0.000000 -0.357415 -0.933946</row2>
					<row3>1.343961 0.120115 -3.287802</row3>
				</transform>
			</node>
			<node>
				<identifier>HP_Track_Exhaus_1</identifier>
				<transform>
					<row0>-0.000000 -0.936031 0.351918</row0>
					<row1>-1.000000 0.000000 -0.000000</row1>
					<row2>0.000000 -0.351918 -0.936031</row2>
					<row3>-0.716035 0.229241 -4.125610</row3>
				</transform>
			</node>
			<node>
				<identifier>HP_Track_Exhaus_2</identifier>
				<transform>
					<row0>-0.000000 -0.953216 0.302289</row0>
					<row1>-1.000000 0.000000 -0.000000</row1>
					<row2>0.000000 -0.302289 -0.953216</row2>
					<row3>0.718671 0.229241 -4.125610</row3>
				</transform>
			</node>
			<node>
				<identifier>HP_turretJoint</identifier>
				<transform>
					<row0>1.000000 0.000000 0.000000</row0>
					<row1>0.000000 1.000000 0.000000</row1>
					<row2>0.000000 0.000000 1.000000</row2>
					<row3>-0.000000 0.686792 0.459964</row3>
				</transform>
			</node>
		</node>
	</node>
	<renderSet>
		<treatAsWorldSpaceObject>false</treatAsWorldSpaceObject>
		<node>Scene Root</node>
		<geometry>
			<vertices>vertices</vertices>
			<primitive>indices</primitive>
			<primitiveGroup>
				0
				<material>
					<identifier>tank_proxy</identifier>
					<fx>shaders/std_effects/PBS_tank.fx</fx>
					<materialKind>0</materialKind>
					<collisionFlags>0</collisionFlags>
					<property>
						diffuseMap
						<Texture>vehicles/french/F82_AMX_M4_Mle1949_Ter/_skins/AMX_M4_Mle1949_Ter_3DSt_BVI/AMX_M4_Mle1949_Ter_3DSt_BVI_proxy_AM.dds</Texture>
					</property>
					<property>
						excludeMaskAndAOMap
						<Texture>vehicles/french/F82_AMX_M4_Mle1949_Ter/_skins/AMX_M4_Mle1949_Ter_3DSt_BVI/AMX_M4_Mle1949_Ter_3DSt_BVI_proxy_AO.dds</Texture>
					</property>
					<property>
						metallicGlossMap
						<Texture>vehicles/french/F82_AMX_M4_Mle1949_Ter/_skins/AMX_M4_Mle1949_Ter_3DSt_BVI/AMX_M4_Mle1949_Ter_3DSt_BVI_proxy_GMM.dds</Texture>
					</property>
					<property>
						normalMap
						<Texture>vehicles/french/F82_AMX_M4_Mle1949_Ter/_skins/AMX_M4_Mle1949_Ter_3DSt_BVI/AMX_M4_Mle1949_Ter_3DSt_BVI_proxy_ANM.dds</Texture>
					</property>
				</material>
				<groupOrigin>0.029035 0.185778 -0.350234</groupOrigin>
			</primitiveGroup>
		</geometry>
	</renderSet>
	<boundingBox>
		<min>-2.004175 -0.634004 -4.266205</min>
		<max>2.062245 1.048891 3.565737</max>
	</boundingBox>
	<geometrySize>3776</geometrySize>
	<minUVDensity>0.001478</minUVDensity>
</root>
