<?xml version="1.0" encoding="utf-8"?>
<root>
	<node>
		<identifier>Scene Root</identifier>
		<transform>
			<row0>1.000000 0.000000 0.000000</row0>
			<row1>0.000000 1.000000 0.000000</row1>
			<row2>0.000000 0.000000 1.000000</row2>
			<row3>0.000000 0.000000 0.000000</row3>
		</transform>
		<node>
			<identifier>nodes_01</identifier>
			<transform>
				<row0>1.000000 0.000000 0.000000</row0>
				<row1>0.000000 1.000000 0.000000</row1>
				<row2>0.000000 0.000000 1.000000</row2>
				<row3>0.000000 0.000000 0.000000</row3>
			</transform>
			<node>
				<identifier>HP_Fire_1</identifier>
				<transform>
					<row0>1.000000 0.000000 0.000000</row0>
					<row1>0.000000 1.000000 0.000000</row1>
					<row2>0.000000 0.000000 1.000000</row2>
					<row3>0.000000 -0.054579 -2.582053</row3>
				</transform>
			</node>
			<node>
				<identifier>HP_Fire_2</identifier>
				<transform>
					<row0>1.000000 0.000000 0.000000</row0>
					<row1>0.000000 1.000000 0.000000</row1>
					<row2>0.000000 0.000000 1.000000</row2>
					<row3>-0.636732 0.041758 1.846758</row3>
				</transform>
			</node>
			<node>
				<identifier>HP_TrackUp_LFront</identifier>
				<transform>
					<row0>1.000000 0.000000 0.000000</row0>
					<row1>0.000000 0.584838 0.811150</row1>
					<row2>0.000000 -0.811150 0.584838</row2>
					<row3>-1.397000 -0.032400 3.509599</row3>
				</transform>
			</node>
			<node>
				<identifier>HP_TrackUp_LRear</identifier>
				<transform>
					<row0>-1.000000 0.000000 0.000000</row0>
					<row1>0.000000 0.312844 -0.949804</row1>
					<row2>-0.000000 -0.949804 -0.312844</row2>
					<row3>-1.397000 -0.149425 -3.604669</row3>
				</transform>
			</node>
			<node>
				<identifier>HP_TrackUp_RFront</identifier>
				<transform>
					<row0>1.000000 0.000000 0.000000</row0>
					<row1>0.000000 0.584838 0.811150</row1>
					<row2>0.000000 -0.811150 0.584838</row2>
					<row3>1.397000 -0.032400 3.509599</row3>
				</transform>
			</node>
			<node>
				<identifier>HP_TrackUp_RRear</identifier>
				<transform>
					<row0>-1.000000 0.000000 0.000000</row0>
					<row1>0.000000 0.312844 -0.949804</row1>
					<row2>-0.000000 -0.949804 -0.312844</row2>
					<row3>1.397000 -0.149425 -3.604669</row3>
				</transform>
			</node>
			<node>
				<identifier>HP_Track_Exhaus_1</identifier>
				<transform>
					<row0>0.000000 -1.000000 0.000000</row0>
					<row1>-1.000000 -0.000000 0.000000</row1>
					<row2>-0.000000 -0.000000 -1.000000</row2>
					<row3>-1.522358 0.309124 -2.989262</row3>
				</transform>
			</node>
			<node>
				<identifier>HP_Track_Exhaus_2</identifier>
				<transform>
					<row0>0.000000 1.000000 0.000000</row0>
					<row1>1.000000 -0.000000 0.000000</row1>
					<row2>0.000000 -0.000000 -1.000000</row2>
					<row3>1.522000 0.309124 -2.989000</row3>
				</transform>
			</node>
			<node>
				<identifier>HP_turretJoint</identifier>
				<transform>
					<row0>1.000000 0.000000 0.000000</row0>
					<row1>0.000000 1.000000 0.000000</row1>
					<row2>0.000000 0.000000 1.000000</row2>
					<row3>0.000000 0.519041 0.688390</row3>
				</transform>
			</node>
		</node>
	</node>
	<renderSet>
		<treatAsWorldSpaceObject>false</treatAsWorldSpaceObject>
		<node>Scene Root</node>
		<geometry>
			<vertices>vertices</vertices>
			<primitive>indices</primitive>
			<primitiveGroup>
				0
				<material>
					<identifier>tank_equipments</identifier>
					<fx>shaders/std_effects/PBS_tank.fx</fx>
					<materialKind>0</materialKind>
					<collisionFlags>0</collisionFlags>
					<property>
						diffuseMap
						<Texture>vehicles/czech/Cz14_Skoda_T-56/_skins/Cz14_Skoda_T-56_WT24_3Dst/Skoda_T-56_WT24_3Dst_equipment_AM.dds</Texture>
					</property>
					<property>
						excludeMaskAndAOMap
						<Texture>vehicles/czech/Cz14_Skoda_T-56/_skins/Cz14_Skoda_T-56_WT24_3Dst/Skoda_T-56_WT24_3Dst_equipment_AO.dds</Texture>
					</property>
					<property>
						metallicGlossMap
						<Texture>vehicles/czech/Cz14_Skoda_T-56/_skins/Cz14_Skoda_T-56_WT24_3Dst/Skoda_T-56_WT24_3Dst_equipment_GMM.dds</Texture>
					</property>
					<property>
						normalMap
						<Texture>vehicles/czech/Cz14_Skoda_T-56/_skins/Cz14_Skoda_T-56_WT24_3Dst/Skoda_T-56_WT24_3Dst_equipment_ANM.dds</Texture>
					</property>
				</material>
				<groupOrigin>-0.000013 0.284545 -2.283975</groupOrigin>
			</primitiveGroup>
			<primitiveGroup>
				1
				<material>
					<identifier>tank_hull_01</identifier>
					<fx>shaders/std_effects/PBS_tank.fx</fx>
					<materialKind>0</materialKind>
					<collisionFlags>0</collisionFlags>
					<property>
						diffuseMap
						<Texture>vehicles/czech/Cz14_Skoda_T-56/_skins/Cz14_Skoda_T-56_WT24_3Dst/Skoda_T-56_WT24_3Dst_hull_01_AM.dds</Texture>
					</property>
					<property>
						excludeMaskAndAOMap
						<Texture>vehicles/czech/Cz14_Skoda_T-56/_skins/Cz14_Skoda_T-56_WT24_3Dst/Skoda_T-56_WT24_3Dst_hull_01_AO.dds</Texture>
					</property>
					<property>
						metallicGlossMap
						<Texture>vehicles/czech/Cz14_Skoda_T-56/_skins/Cz14_Skoda_T-56_WT24_3Dst/Skoda_T-56_WT24_3Dst_hull_01_GMM.dds</Texture>
					</property>
					<property>
						normalMap
						<Texture>vehicles/czech/Cz14_Skoda_T-56/_skins/Cz14_Skoda_T-56_WT24_3Dst/Skoda_T-56_WT24_3Dst_hull_01_ANM.dds</Texture>
					</property>
				</material>
				<groupOrigin>0.029894 0.037125 -0.101535</groupOrigin>
			</primitiveGroup>
		</geometry>
	</renderSet>
	<boundingBox>
		<min>-1.747681 -0.539797 -3.864088</min>
		<max>1.807470 0.614046 3.661018</max>
	</boundingBox>
	<geometrySize>75630</geometrySize>
	<minUVDensity>0.001786</minUVDensity>
</root>
