<?xml version="1.0" encoding="utf-8"?>
<root>
	<node>
		<identifier>Scene Root</identifier>
		<transform>
			<row0>1.000000 0.000000 0.000000</row0>
			<row1>0.000000 1.000000 0.000000</row1>
			<row2>0.000000 0.000000 1.000000</row2>
			<row3>0.000000 0.000000 0.000000</row3>
		</transform>
		<node>
			<identifier>lod3</identifier>
			<transform>
				<row0>1.000000 0.000000 0.000000</row0>
				<row1>0.000000 1.000000 0.000000</row1>
				<row2>0.000000 0.000000 1.000000</row2>
				<row3>0.000000 0.000000 0.000000</row3>
			</transform>
			<node>
				<identifier>hull</identifier>
				<transform>
					<row0>1.000000 0.000000 0.000000</row0>
					<row1>0.000000 1.000000 0.000000</row1>
					<row2>0.000000 0.000000 1.000000</row2>
					<row3>0.000000 -1.123610 0.000000</row3>
				</transform>
			</node>
		</node>
		<node>
			<identifier>nodes_01</identifier>
			<transform>
				<row0>1.000000 0.000000 0.000000</row0>
				<row1>0.000000 1.000000 0.000000</row1>
				<row2>0.000000 0.000000 1.000000</row2>
				<row3>0.000000 0.000000 0.000000</row3>
			</transform>
			<node>
				<identifier>HP_Fire_1</identifier>
				<transform>
					<row0>1.000000 0.000000 0.000000</row0>
					<row1>0.000000 1.000000 0.000000</row1>
					<row2>0.000000 0.000000 1.000000</row2>
					<row3>-0.916773 0.466123 1.206138</row3>
				</transform>
			</node>
			<node>
				<identifier>HP_Fire_2</identifier>
				<transform>
					<row0>1.000000 0.000000 0.000000</row0>
					<row1>0.000000 1.000000 0.000000</row1>
					<row2>0.000000 0.000000 1.000000</row2>
					<row3>0.530182 0.524929 2.549876</row3>
				</transform>
			</node>
			<node>
				<identifier>HP_TrackUp_LFront</identifier>
				<transform>
					<row0>1.000000 0.000000 0.000000</row0>
					<row1>0.000000 0.637993 0.770042</row1>
					<row2>0.000000 -0.770042 0.637993</row2>
					<row3>-1.546797 0.003479 4.090561</row3>
				</transform>
			</node>
			<node>
				<identifier>HP_TrackUp_LRear</identifier>
				<transform>
					<row0>-1.000000 0.000000 0.000000</row0>
					<row1>0.000000 0.905179 -0.425031</row1>
					<row2>-0.000000 -0.425031 -0.905179</row2>
					<row3>-1.546797 -0.235497 -3.423692</row3>
				</transform>
			</node>
			<node>
				<identifier>HP_TrackUp_RFront</identifier>
				<transform>
					<row0>1.000000 0.000000 0.000000</row0>
					<row1>0.000000 0.637993 0.770042</row1>
					<row2>0.000000 -0.770042 0.637993</row2>
					<row3>1.546797 0.003479 4.090561</row3>
				</transform>
			</node>
			<node>
				<identifier>HP_TrackUp_RRear</identifier>
				<transform>
					<row0>-1.000000 0.000000 0.000000</row0>
					<row1>0.000000 0.905179 -0.425031</row1>
					<row2>-0.000000 -0.425031 -0.905179</row2>
					<row3>1.546797 -0.235497 -3.423692</row3>
				</transform>
			</node>
			<node>
				<identifier>HP_Track_Exhaus_1</identifier>
				<transform>
					<row0>-0.000000 0.321055 -0.947061</row0>
					<row1>0.954309 0.283002 0.095938</row1>
					<row2>0.298821 -0.903788 -0.306386</row2>
					<row3>2.070414 0.011626 0.020340</row3>
				</transform>
			</node>
			<node>
				<identifier>HP_Track_Exhaus_2</identifier>
				<transform>
					<row0>-0.000000 0.321055 -0.947061</row0>
					<row1>0.951057 -0.292658 -0.099211</row1>
					<row2>-0.309017 -0.900708 -0.305341</row2>
					<row3>-2.075835 0.011626 0.020340</row3>
				</transform>
			</node>
			<node>
				<identifier>HP_turretJoint</identifier>
				<transform>
					<row0>1.000000 0.000000 0.000000</row0>
					<row1>0.000000 1.000000 0.000000</row1>
					<row2>0.000000 0.000000 1.000000</row2>
					<row3>0.000000 1.258179 0.129963</row3>
				</transform>
			</node>
		</node>
	</node>
	<renderSet>
		<treatAsWorldSpaceObject>false</treatAsWorldSpaceObject>
		<node>Scene Root</node>
		<geometry>
			<vertices>vertices</vertices>
			<primitive>indices</primitive>
			<primitiveGroup>
				0
				<material>
					<identifier>tank_hull_01</identifier>
					<collisionFlags>0</collisionFlags>
					<materialKind>0</materialKind>
					<fx>shaders/std_effects/PBS_tank.fx</fx>
					<property>
						alphaReference
						<Int>64</Int>
					</property>
					<property>
						diffuseMap
						<Texture>vehicles/german/G72_JagdPz_E100/_skins/G72_JagdPz_E100_3Dst/JagdPz_E-100_3Dst_hull_01_AM.dds</Texture>
					</property>
					<property>
						excludeMaskAndAOMap
						<Texture>vehicles/german/G72_JagdPz_E100/_skins/G72_JagdPz_E100_3Dst/JagdPz_E-100_3Dst_hull_01_AO.dds</Texture>
					</property>
					<property>
						metallicGlossMap
						<Texture>vehicles/german/G72_JagdPz_E100/_skins/G72_JagdPz_E100_3Dst/JagdPz_E-100_3Dst_hull_01_GMM.dds</Texture>
					</property>
					<property>
						normalMap
						<Texture>vehicles/german/G72_JagdPz_E100/_skins/G72_JagdPz_E100_3Dst/JagdPz_E-100_3Dst_hull_01_ANM.dds</Texture>
					</property>
				</material>
				<groupOrigin>0.002419 1.362050 0.123440</groupOrigin>
			</primitiveGroup>
			<primitiveGroup>
				1
				<material>
					<identifier>tank_hull_havoc_mat</identifier>
					<collisionFlags>0</collisionFlags>
					<materialKind>0</materialKind>
					<fx>shaders/std_effects/PBS_tank.fx</fx>
					<property>
						alphaReference
						<Int>64</Int>
					</property>
					<property>
						alphaTestEnable
						<Bool>true</Bool>
					</property>
					<property>
						diffuseMap
						<Texture>vehicles/german/G72_JagdPz_E100/_skins/G72_JagdPz_E100_3dst/JagdPz_E-100_3Dst_hull_01_2_AM.dds</Texture>
					</property>
					<property>
						doubleSided
						<Bool>true</Bool>
					</property>
					<property>
						excludeMaskAndAOMap
						<Texture>vehicles/german/G72_JagdPz_E100/_skins/G72_JagdPz_E100_3dst/JagdPz_E-100_3Dst_hull_01_2_AO.dds</Texture>
					</property>
					<property>
						metallicGlossMap
						<Texture>vehicles/german/G72_JagdPz_E100/_skins/G72_JagdPz_E100_3dst/JagdPz_E-100_3Dst_hull_01_2_GMM.dds</Texture>
					</property>
					<property>
						normalMap
						<Texture>vehicles/german/G72_JagdPz_E100/_skins/G72_JagdPz_E100_3dst/JagdPz_E-100_3Dst_hull_01_2_ANM.dds</Texture>
					</property>
				</material>
				<groupOrigin>0.098283 1.688899 -2.278167</groupOrigin>
			</primitiveGroup>
		</geometry>
	</renderSet>
	<boundingBox>
		<min>-2.469397 -0.679125 -5.295060</min>
		<max>2.294960 3.358117 4.604649</max>
	</boundingBox>
	<geometrySize>78396</geometrySize>
	<minUVDensity>0.000624</minUVDensity>
</root>
