<?xml version="1.0" encoding="utf-8"?>
<root>
	<node>
		<identifier>Scene Root</identifier>
		<transform>
			<row0>1.000000 0.000000 0.000000</row0>
			<row1>0.000000 1.000000 0.000000</row1>
			<row2>0.000000 0.000000 1.000000</row2>
			<row3>0.000000 0.000000 0.000000</row3>
		</transform>
		<node>
			<identifier>Root</identifier>
			<transform>
				<row0>1.000000 0.000000 0.000000</row0>
				<row1>0.000000 1.000000 0.000000</row1>
				<row2>0.000000 0.000000 1.000000</row2>
				<row3>0.000000 -0.000000 0.000000</row3>
			</transform>
			<node>
				<identifier>Hips</identifier>
				<transform>
					<row0>0.000000 0.032068 0.999486</row0>
					<row1>0.000000 0.999486 -0.032068</row1>
					<row2>-1.000000 0.000000 0.000000</row2>
					<row3>-0.000952 0.161456 -0.366634</row3>
				</transform>
				<node>
					<identifier>Hip_L</identifier>
					<transform>
						<row0>0.039914 -0.993477 0.106814</row0>
						<row1>0.999194 0.040144 0.000000</row1>
						<row2>-0.004288 0.106728 0.994279</row2>
						<row3>0.002367 -0.056223 0.088660</row3>
					</transform>
					<node>
						<identifier>Knee_L</identifier>
						<transform>
							<row0>0.569446 -0.820311 -0.053122</row0>
							<row1>0.816707 0.571918 -0.076810</row1>
							<row2>0.093389 0.000353 0.995630</row2>
							<row3>0.222936 0.000000 0.000000</row3>
						</transform>
						<node>
							<identifier>Ankle_L</identifier>
							<transform>
								<row0>0.482155 0.869552 0.106799</row0>
								<row1>-0.875072 0.483868 0.010980</row1>
								<row2>-0.042129 -0.098751 0.994220</row2>
								<row3>0.308679 0.000000 0.000000</row3>
							</transform>
							<node>
								<identifier>Ball_L</identifier>
								<transform>
									<row0>0.563362 0.814962 0.135867</row0>
									<row1>-0.826210 0.555494 0.093829</row1>
									<row2>0.000994 -0.165114 0.986274</row2>
									<row3>0.148109 -0.000000 0.000000</row3>
								</transform>
								<node>
									<identifier>Ball_L_BlendBone</identifier>
									<transform>
										<row0>-0.210058 0.000953 -0.977688</row0>
										<row1>-0.392127 0.915963 0.085142</row1>
										<row2>-0.895607 -0.401263 0.192032</row2>
										<row3>0.295704 0.641753 -0.199641</row3>
									</transform>
								</node>
							</node>
							<node>
								<identifier>Ankle_L_BlendBone</identifier>
								<transform>
									<row0>-0.120098 -0.009230 -0.992719</row0>
									<row1>-0.977602 0.175185 0.116640</row1>
									<row2>-0.172833 -0.984492 0.030063</row2>
									<row3>-0.215724 0.630442 -0.096509</row3>
								</transform>
							</node>
						</node>
						<node>
							<identifier>Knee_L_BlendBone</identifier>
							<transform>
								<row0>-0.008006 -0.010866 -0.999909</row0>
								<row1>-0.629569 -0.776827 0.013482</row1>
								<row2>0.776903 -0.629620 0.000621</row2>
								<row3>-0.342949 0.126998 -0.112068</row3>
							</transform>
						</node>
					</node>
					<node>
						<identifier>Hip_L_BlendBone</identifier>
						<transform>
							<row0>-0.106814 -0.000000 -0.994279</row0>
							<row1>-0.991687 0.072166 0.106535</row1>
							<row2>-0.071753 -0.997393 0.007708</row2>
							<row3>0.120899 0.353918 -0.103115</row3>
						</transform>
					</node>
				</node>
				<node>
					<identifier>Hip_R</identifier>
					<transform>
						<row0>0.039914 -0.993477 0.106814</row0>
						<row1>0.999194 0.040144 0.000000</row1>
						<row2>-0.004288 0.106728 0.994279</row2>
						<row3>0.002367 -0.056222 -0.088660</row3>
					</transform>
					<node>
						<identifier>Knee_R</identifier>
						<transform>
							<row0>0.569446 -0.820311 -0.053122</row0>
							<row1>0.816707 0.571918 -0.076810</row1>
							<row2>0.093389 0.000354 0.995630</row2>
							<row3>0.217849 -0.000000 -0.047353</row3>
						</transform>
						<node>
							<identifier>Ankle_R</identifier>
							<transform>
								<row0>0.482155 0.869552 0.106799</row0>
								<row1>-0.875072 0.483868 0.010980</row1>
								<row2>-0.042129 -0.098751 0.994220</row2>
								<row3>0.308640 -0.000054 -0.004942</row3>
							</transform>
							<node>
								<identifier>Ball_R</identifier>
								<transform>
									<row0>0.563362 0.814963 0.135867</row0>
									<row1>-0.826210 0.555494 0.093829</row1>
									<row2>0.000994 -0.165114 0.986274</row2>
									<row3>0.143836 -0.000328 -0.035316</row3>
								</transform>
								<node>
									<identifier>Ball_R_BlendBone</identifier>
									<transform>
										<row0>-0.210058 0.000953 -0.977688</row0>
										<row1>-0.392127 0.915963 0.085142</row1>
										<row2>-0.895607 -0.401263 0.192032</row2>
										<row3>0.351467 0.641501 0.059898</row3>
									</transform>
								</node>
							</node>
							<node>
								<identifier>Ankle_R_BlendBone</identifier>
								<transform>
									<row0>-0.120098 -0.009230 -0.992719</row0>
									<row1>-0.977602 0.175185 0.116640</row1>
									<row2>-0.172833 -0.984492 0.030063</row2>
									<row3>-0.188115 0.632564 0.131703</row3>
								</transform>
							</node>
						</node>
						<node>
							<identifier>Knee_R_BlendBone</identifier>
							<transform>
								<row0>-0.008006 -0.010866 -0.999909</row0>
								<row1>-0.629569 -0.776827 0.013482</row1>
								<row2>0.776903 -0.629620 0.000621</row2>
								<row3>-0.341149 0.129442 0.112855</row3>
							</transform>
						</node>
					</node>
					<node>
						<identifier>Hip_R_BlendBone</identifier>
						<transform>
							<row0>-0.106814 -0.000000 -0.994279</row0>
							<row1>-0.991687 0.072166 0.106535</row1>
							<row2>-0.071753 -0.997393 0.007708</row2>
							<row3>0.139839 0.353918 0.073190</row3>
						</transform>
					</node>
				</node>
				<node>
					<identifier>Spine1</identifier>
					<transform>
						<row0>1.000000 0.000000 0.000000</row0>
						<row1>0.000000 1.000000 -0.000000</row1>
						<row2>0.000000 -0.000000 1.000000</row2>
						<row3>0.166705 0.000000 -0.000000</row3>
					</transform>
					<node>
						<identifier>Spine2</identifier>
						<transform>
							<row0>1.000000 -0.000000 -0.000000</row0>
							<row1>-0.000000 1.000000 -0.000000</row1>
							<row2>-0.000000 0.000000 1.000000</row2>
							<row3>0.166705 0.000000 0.000000</row3>
						</transform>
						<node>
							<identifier>Spine3</identifier>
							<transform>
								<row0>1.000000 -0.000000 -0.000000</row0>
								<row1>-0.000000 1.000000 0.000000</row1>
								<row2>-0.000000 -0.000000 1.000000</row2>
								<row3>0.166705 0.000000 -0.000000</row3>
							</transform>
							<node>
								<identifier>Chest</identifier>
								<transform>
									<row0>0.691283 0.722584 0.000000</row0>
									<row1>-0.722584 0.691283 0.000000</row1>
									<row2>-0.000000 0.000000 1.000000</row2>
									<row3>0.166705 0.000000 0.000000</row3>
								</transform>
								<node>
									<identifier>Neck</identifier>
									<transform>
										<row0>0.955819 0.293955 -0.000000</row0>
										<row1>-0.293955 0.955819 0.000000</row1>
										<row2>0.000000 -0.000000 1.000000</row2>
										<row3>0.125383 -0.000000 0.000000</row3>
									</transform>
									<node>
										<identifier>Head</identifier>
										<transform>
											<row0>0.419439 -0.907784 -0.000000</row0>
											<row1>0.907784 0.419439 -0.000000</row1>
											<row2>0.000000 -0.000000 1.000000</row2>
											<row3>0.130688 0.000000 0.000000</row3>
										</transform>
										<node>
											<identifier>Brow_base_L</identifier>
											<transform>
												<row0>0.000000 0.000000 -1.000000</row0>
												<row1>-0.000000 1.000000 0.000000</row1>
												<row2>1.000000 0.000000 0.000000</row2>
												<row3>0.153755 0.054007 0.028753</row3>
											</transform>
											<node>
												<identifier>Brow_base_L_BlendBone</identifier>
												<transform>
													<row0>1.000000 0.000000 -0.000000</row0>
													<row1>-0.000000 1.000000 -0.000000</row1>
													<row2>-0.000000 -0.000000 -1.000000</row2>
													<row3>0.029705 -0.448816 -0.592141</row3>
												</transform>
											</node>
										</node>
										<node>
											<identifier>Brow_base_R</identifier>
											<transform>
												<row0>0.000000 0.000000 -1.000000</row0>
												<row1>-0.000000 1.000000 0.000000</row1>
												<row2>1.000000 0.000000 0.000000</row2>
												<row3>0.153755 0.054007 -0.028753</row3>
											</transform>
											<node>
												<identifier>Brow_base_R_BlendBone</identifier>
												<transform>
													<row0>1.000000 0.000000 -0.000000</row0>
													<row1>-0.000000 1.000000 -0.000000</row1>
													<row2>-0.000000 -0.000000 -1.000000</row2>
													<row3>-0.027801 -0.448816 -0.592141</row3>
												</transform>
											</node>
										</node>
										<node>
											<identifier>Brow_end_L</identifier>
											<transform>
												<row0>0.000000 0.000000 -1.000000</row0>
												<row1>-0.000000 1.000000 0.000000</row1>
												<row2>1.000000 0.000000 0.000000</row2>
												<row3>0.133079 0.027831 0.073505</row3>
											</transform>
											<node>
												<identifier>Brow_end_L_BlendBone</identifier>
												<transform>
													<row0>1.000000 0.000000 -0.000000</row0>
													<row1>-0.000000 1.000000 -0.000000</row1>
													<row2>-0.000000 -0.000000 -1.000000</row2>
													<row3>0.074457 -0.422640 -0.571465</row3>
												</transform>
											</node>
										</node>
										<node>
											<identifier>Brow_end_R</identifier>
											<transform>
												<row0>0.000000 0.000000 -1.000000</row0>
												<row1>-0.000000 1.000000 0.000000</row1>
												<row2>1.000000 0.000000 0.000000</row2>
												<row3>0.133079 0.027831 -0.073505</row3>
											</transform>
											<node>
												<identifier>Brow_end_R_BlendBone</identifier>
												<transform>
													<row0>1.000000 0.000000 -0.000000</row0>
													<row1>-0.000000 1.000000 -0.000000</row1>
													<row2>-0.000000 -0.000000 -1.000000</row2>
													<row3>-0.072553 -0.422640 -0.571465</row3>
												</transform>
											</node>
										</node>
										<node>
											<identifier>Brow_mid_L</identifier>
											<transform>
												<row0>0.000000 0.000000 -1.000000</row0>
												<row1>-0.000000 1.000000 0.000000</row1>
												<row2>1.000000 0.000000 0.000000</row2>
												<row3>0.145587 0.049350 0.050041</row3>
											</transform>
											<node>
												<identifier>Brow_mid_L_BlendBone</identifier>
												<transform>
													<row0>1.000000 0.000000 -0.000000</row0>
													<row1>-0.000000 1.000000 -0.000000</row1>
													<row2>-0.000000 -0.000000 -1.000000</row2>
													<row3>0.050993 -0.444159 -0.583973</row3>
												</transform>
											</node>
										</node>
										<node>
											<identifier>Brow_mid_R</identifier>
											<transform>
												<row0>0.000000 0.000000 -1.000000</row0>
												<row1>-0.000000 1.000000 0.000000</row1>
												<row2>1.000000 0.000000 0.000000</row2>
												<row3>0.145587 0.049350 -0.050041</row3>
											</transform>
											<node>
												<identifier>Brow_mid_R_BlendBone</identifier>
												<transform>
													<row0>1.000000 0.000000 -0.000000</row0>
													<row1>-0.000000 1.000000 -0.000000</row1>
													<row2>-0.000000 -0.000000 -1.000000</row2>
													<row3>-0.049089 -0.444159 -0.583973</row3>
												</transform>
											</node>
										</node>
										<node>
											<identifier>Ear1_L</identifier>
											<transform>
												<row0>-0.144522 0.980686 0.131786</row0>
												<row1>-0.989315 -0.145794 0.000000</row1>
												<row2>0.019214 -0.130378 0.991278</row2>
												<row3>0.025522 0.048186 0.071215</row3>
											</transform>
											<node>
												<identifier>Ear2_L</identifier>
												<transform>
													<row0>0.973222 -0.146315 -0.177287</row0>
													<row1>0.145203 0.989214 -0.019304</row1>
													<row2>0.178199 -0.006955 0.983970</row2>
													<row3>0.059308 0.000000 -0.000000</row3>
												</transform>
												<node>
													<identifier>Ear3_L</identifier>
													<transform>
														<row0>0.996577 -0.070432 -0.043281</row0>
														<row1>0.070643 0.997496 0.003359</row1>
														<row2>0.042936 -0.006405 0.999057</row2>
														<row3>0.049469 0.000000 -0.000000</row3>
													</transform>
													<node>
														<identifier>Ear3_L_BlendBone</identifier>
														<transform>
															<row0>0.090553 -0.000000 -0.995892</row0>
															<row1>0.993349 0.071415 0.090322</row1>
															<row2>-0.071122 0.997447 -0.006467</row2>
															<row3>-0.572266 0.414889 -0.129988</row3>
														</transform>
													</node>
												</node>
												<node>
													<identifier>Ear2_L_BlendBone</identifier>
													<transform>
														<row0>0.047483 0.000000 -0.998872</row0>
														<row1>0.998872 0.000694 0.047483</row1>
														<row2>-0.000693 1.000000 -0.000033</row2>
														<row3>-0.497110 0.454988 -0.103704</row3>
													</transform>
												</node>
											</node>
											<node>
												<identifier>Ear1_L_BlendBone</identifier>
												<transform>
													<row0>-0.131786 -0.000000 -0.991278</row0>
													<row1>0.980687 -0.145794 -0.130378</row1>
													<row2>0.144522 0.989315 -0.019214</row2>
													<row3>-0.376905 0.523536 -0.022694</row3>
												</transform>
											</node>
										</node>
										<node>
											<identifier>Ear1_R</identifier>
											<transform>
												<row0>-0.144521 0.980686 -0.131790</row0>
												<row1>-0.989315 -0.145792 -0.000000</row1>
												<row2>-0.019214 0.130382 0.991278</row2>
												<row3>0.025521 0.048186 -0.071215</row3>
											</transform>
											<node>
												<identifier>Ear2_R</identifier>
												<transform>
													<row0>0.973223 -0.146307 0.177285</row0>
													<row1>0.145195 0.989215 0.019304</row1>
													<row2>-0.178198 0.006954 0.983970</row2>
													<row3>0.059306 0.000000 -0.000000</row3>
												</transform>
												<node>
													<identifier>Ear3_R</identifier>
													<transform>
														<row0>0.996576 -0.070439 0.043297</row0>
														<row1>0.070650 0.997496 -0.003358</row1>
														<row2>-0.042952 0.006406 0.999057</row2>
														<row3>0.049476 0.000000 -0.000000</row3>
													</transform>
													<node>
														<identifier>Ear3_R_BlendBone</identifier>
														<transform>
															<row0>-0.090563 0.000000 -0.995891</row0>
															<row1>0.993348 0.071416 -0.090332</row1>
															<row2>-0.071122 0.997447 0.006468</row2>
															<row3>-0.572442 0.414888 0.128098</row3>
														</transform>
													</node>
												</node>
												<node>
													<identifier>Ear2_R_BlendBone</identifier>
													<transform>
														<row0>-0.047478 -0.000000 -0.998872</row0>
														<row1>0.998872 0.000688 -0.047478</row1>
														<row2>-0.000687 1.000000 0.000033</row2>
														<row3>-0.497197 0.454991 0.101799</row3>
													</transform>
												</node>
											</node>
											<node>
												<identifier>Ear1_R_BlendBone</identifier>
												<transform>
													<row0>0.131790 0.000000 -0.991278</row0>
													<row1>0.980686 -0.145792 0.130382</row1>
													<row2>0.144520 0.989315 0.019214</row2>
													<row3>-0.376655 0.523536 0.020805</row3>
												</transform>
											</node>
										</node>
										<node>
											<identifier>Eye_L</identifier>
											<transform>
												<row0>1.000000 0.000000 -0.000000</row0>
												<row1>-0.000000 1.000000 0.000000</row1>
												<row2>0.000000 -0.000000 1.000000</row2>
												<row3>0.143885 0.016947 0.048633</row3>
											</transform>
											<node>
												<identifier>Eye_L_BlendBone</identifier>
												<transform>
													<row0>0.000000 -0.000000 -1.000000</row0>
													<row1>-0.000000 1.000000 -0.000000</row1>
													<row2>-1.000000 -0.000000 -0.000000</row2>
													<row3>-0.582271 -0.411756 -0.049585</row3>
												</transform>
											</node>
										</node>
										<node>
											<identifier>Eye_R</identifier>
											<transform>
												<row0>1.000000 0.000000 -0.000000</row0>
												<row1>-0.000000 1.000000 -0.000001</row1>
												<row2>0.000000 0.000001 1.000000</row2>
												<row3>0.143885 0.016947 -0.048633</row3>
											</transform>
											<node>
												<identifier>Eye_R_BlendBone</identifier>
												<transform>
													<row0>0.000000 0.000001 -1.000000</row0>
													<row1>-0.000000 1.000000 0.000001</row1>
													<row2>-1.000000 -0.000000 -0.000000</row2>
													<row3>-0.582271 -0.411756 0.047681</row3>
												</transform>
											</node>
										</node>
										<node>
											<identifier>Eye_down_L</identifier>
											<transform>
												<row0>0.000000 0.000000 -1.000000</row0>
												<row1>-0.000000 1.000000 0.000000</row1>
												<row2>1.000000 0.000000 0.000000</row2>
												<row3>0.155708 0.009603 0.056439</row3>
											</transform>
											<node>
												<identifier>Eye_down_L_BlendBone</identifier>
												<transform>
													<row0>1.000000 0.000000 -0.000000</row0>
													<row1>-0.000000 1.000000 -0.000000</row1>
													<row2>-0.000000 -0.000000 -1.000000</row2>
													<row3>0.057391 -0.404412 -0.594094</row3>
												</transform>
											</node>
										</node>
										<node>
											<identifier>Eye_down_R</identifier>
											<transform>
												<row0>0.000000 0.000000 -1.000000</row0>
												<row1>-0.000000 1.000000 0.000000</row1>
												<row2>1.000000 0.000000 0.000000</row2>
												<row3>0.155709 0.009603 -0.054342</row3>
											</transform>
											<node>
												<identifier>Eye_down_R_BlendBone</identifier>
												<transform>
													<row0>1.000000 0.000000 -0.000000</row0>
													<row1>-0.000000 1.000000 -0.000000</row1>
													<row2>-0.000000 -0.000000 -1.000000</row2>
													<row3>-0.053390 -0.404412 -0.594094</row3>
												</transform>
											</node>
										</node>
										<node>
											<identifier>Eye_up_L</identifier>
											<transform>
												<row0>0.000000 0.000000 -1.000000</row0>
												<row1>-0.000000 1.000000 0.000000</row1>
												<row2>1.000000 0.000000 0.000000</row2>
												<row3>0.154254 0.031883 0.051434</row3>
											</transform>
											<node>
												<identifier>Eye_up_L_BlendBone</identifier>
												<transform>
													<row0>1.000000 0.000000 -0.000000</row0>
													<row1>-0.000000 1.000000 -0.000000</row1>
													<row2>-0.000000 -0.000000 -1.000000</row2>
													<row3>0.052386 -0.426692 -0.592639</row3>
												</transform>
											</node>
										</node>
										<node>
											<identifier>Eye_up_R</identifier>
											<transform>
												<row0>0.000000 0.000000 -1.000000</row0>
												<row1>-0.000000 1.000000 0.000000</row1>
												<row2>1.000000 0.000000 0.000000</row2>
												<row3>0.154269 0.030959 -0.051435</row3>
											</transform>
											<node>
												<identifier>Eye_up_R_BlendBone</identifier>
												<transform>
													<row0>1.000000 0.000000 -0.000000</row0>
													<row1>-0.000000 1.000000 -0.000000</row1>
													<row2>-0.000000 -0.000000 -1.000000</row2>
													<row3>-0.050483 -0.425768 -0.592655</row3>
												</transform>
											</node>
										</node>
										<node>
											<identifier>Jowl1</identifier>
											<transform>
												<row0>0.897144 -0.441737 0.000000</row0>
												<row1>0.441737 0.897144 0.000000</row1>
												<row2>-0.000000 -0.000000 1.000000</row2>
												<row3>0.039334 -0.045478 0.000000</row3>
											</transform>
											<node>
												<identifier>Tongue1</identifier>
												<transform>
													<row0>0.942919 0.333023 0.000000</row0>
													<row1>-0.333023 0.942919 0.000000</row1>
													<row2>-0.000000 -0.000000 1.000000</row2>
													<row3>0.071245 -0.003566 0.000000</row3>
												</transform>
												<node>
													<identifier>Tongue3</identifier>
													<transform>
														<row0>0.980179 -0.198113 0.000000</row0>
														<row1>0.198113 0.980179 0.000000</row1>
														<row2>-0.000000 0.000000 1.000000</row2>
														<row3>0.071763 0.000000 0.000000</row3>
													</transform>
													<node>
														<identifier>Tongue4</identifier>
														<transform>
															<row0>0.947856 -0.318698 0.000000</row0>
															<row1>0.318699 0.947856 -0.000000</row1>
															<row2>-0.000000 -0.000000 1.000000</row2>
															<row3>0.041509 0.000000 0.000000</row3>
														</transform>
														<node>
															<identifier>Tongue5</identifier>
															<transform>
																<row0>0.957618 -0.288041 -0.000000</row0>
																<row1>0.288041 0.957618 -0.000000</row1>
																<row2>-0.000000 -0.000000 1.000000</row2>
																<row3>0.033407 0.000000 0.000000</row3>
															</transform>
															<node>
																<identifier>Tongue5_BlendBone</identifier>
																<transform>
																	<row0>0.000000 -0.000000 -1.000000</row0>
																	<row1>-0.804002 0.594626 -0.000000</row1>
																	<row2>-0.594626 -0.804002 0.000000</row2>
																	<row3>-0.183175 -0.707212 -0.000952</row3>
																</transform>
															</node>
														</node>
														<node>
															<identifier>Tongue4_BlendBone</identifier>
															<transform>
																<row0>0.000000 -0.000000 -1.000000</row0>
																<row1>-0.598650 0.801011 -0.000000</row1>
																<row2>-0.801011 -0.598650 0.000000</row2>
																<row3>-0.345711 -0.624477 -0.000952</row3>
															</transform>
														</node>
													</node>
													<node>
														<identifier>Tongue3_BlendBone</identifier>
														<transform>
															<row0>-0.000000 -0.000000 -1.000000</row0>
															<row1>-0.312153 0.950032 -0.000000</row1>
															<row2>-0.950032 -0.312153 0.000000</row2>
															<row3>-0.485195 -0.481737 -0.000952</row3>
														</transform>
													</node>
												</node>
												<node>
													<identifier>Tongue1_BlendBone</identifier>
													<transform>
														<row0>-0.000000 -0.000000 -1.000000</row0>
														<row1>-0.117752 0.993043 -0.000000</row1>
														<row2>-0.993043 -0.117752 0.000000</row2>
														<row3>-0.499253 -0.376065 -0.000952</row3>
													</transform>
												</node>
											</node>
											<node>
												<identifier>Jowl1_BlendBone</identifier>
												<transform>
													<row0>0.000000 -0.000000 -1.000000</row0>
													<row1>-0.441737 0.897144 -0.000000</row1>
													<row2>-0.897144 -0.441737 -0.000000</row2>
													<row3>-0.274272 -0.524427 -0.000952</row3>
												</transform>
											</node>
										</node>
										<node>
											<identifier>Nose</identifier>
											<transform>
												<row0>0.986195 -0.165586 0.000000</row0>
												<row1>0.165586 0.986195 0.000000</row1>
												<row2>-0.000000 -0.000000 1.000000</row2>
												<row3>0.285230 -0.047891 0.000000</row3>
											</transform>
											<node>
												<identifier>Nose_BlendBone</identifier>
												<transform>
													<row0>0.000000 -0.000000 -1.000000</row0>
													<row1>-0.165586 0.986195 -0.000000</row1>
													<row2>-0.986195 -0.165586 -0.000000</row2>
													<row3>-0.656182 -0.461950 -0.000952</row3>
												</transform>
											</node>
										</node>
										<node>
											<identifier>Head_BlendBone</identifier>
											<transform>
												<row0>0.000000 0.000000 -1.000000</row0>
												<row1>-0.000000 1.000000 0.000000</row1>
												<row2>-1.000000 -0.000000 -0.000000</row2>
												<row3>-0.438386 -0.394809 -0.000952</row3>
											</transform>
										</node>
									</node>
									<node>
										<identifier>Neck_BlendBone</identifier>
										<transform>
											<row0>0.000000 -0.000000 -1.000000</row0>
											<row1>0.907783 0.419439 0.000000</row1>
											<row2>-0.419439 0.907783 -0.000000</row2>
											<row3>-0.411590 0.232361 -0.000952</row3>
										</transform>
									</node>
								</node>
								<node>
									<identifier>Shoulder_L</identifier>
									<transform>
										<row0>-0.450475 -0.883476 0.128618</row0>
										<row1>0.886548 -0.425657 0.181242</row1>
										<row2>-0.105376 0.195671 0.974992</row2>
										<row3>0.013527 0.058618 0.084197</row3>
									</transform>
									<node>
										<identifier>Arm_L</identifier>
										<transform>
											<row0>0.524024 -0.851703 -0.000000</row0>
											<row1>0.851703 0.524025 -0.000000</row1>
											<row2>0.000000 -0.000000 1.000000</row2>
											<row3>0.207601 0.000000 0.000000</row3>
										</transform>
										<node>
											<identifier>Forearm_L</identifier>
											<transform>
												<row0>0.768816 0.639470 -0.000000</row0>
												<row1>-0.639470 0.768816 0.000000</row1>
												<row2>0.000000 0.000000 1.000000</row2>
												<row3>0.169392 0.000000 0.000000</row3>
											</transform>
											<node>
												<identifier>Hand_L</identifier>
												<transform>
													<row0>0.928249 0.371960 0.000001</row0>
													<row1>-0.371960 0.928249 -0.000000</row1>
													<row2>-0.000001 -0.000000 1.000000</row2>
													<row3>0.289516 -0.000000 0.000000</row3>
												</transform>
												<node>
													<identifier>Fingers1_L</identifier>
													<transform>
														<row0>0.692415 0.721499 -0.000000</row0>
														<row1>-0.721499 0.692416 0.000000</row1>
														<row2>0.000001 0.000000 1.000000</row2>
														<row3>0.098104 -0.000000 -0.000000</row3>
													</transform>
													<node>
														<identifier>Fingers1_L_BlendBone</identifier>
														<transform>
															<row0>-0.221303 -0.020408 -0.974992</row0>
															<row1>-0.317386 0.946857 0.052221</row1>
															<row2>-0.922112 -0.321006 0.216019</row2>
															<row3>-0.449585 0.351510 -0.037839</row3>
														</transform>
													</node>
												</node>
												<node>
													<identifier>Hand_L_BlendBone</identifier>
													<transform>
														<row0>-0.138509 -0.173801 -0.974992</row0>
														<row1>-0.902920 0.426625 0.052221</row1>
														<row2>-0.406880 -0.887572 0.216020</row2>
														<row3>-0.466810 -0.080985 -0.037839</row3>
													</transform>
												</node>
											</node>
											<node>
												<identifier>Forearm_L_BlendBone</identifier>
												<transform>
													<row0>-0.063923 -0.212850 -0.974992</row0>
													<row1>-0.996822 0.060164 0.052220</row1>
													<row2>-0.047544 -0.975231 0.216019</row2>
													<row3>-0.113676 -0.248809 -0.037839</row3>
												</transform>
											</node>
										</node>
										<node>
											<identifier>Arm_L_BlendBone</identifier>
											<transform>
												<row0>0.086966 -0.204519 -0.974992</row0>
												<row1>-0.804845 -0.591183 0.052220</row1>
												<row2>0.587078 -0.780176 0.216019</row2>
												<row3>0.241101 -0.263981 -0.037839</row3>
											</transform>
										</node>
									</node>
									<node>
										<identifier>Shoulder_L_BlendBone</identifier>
										<transform>
											<row0>-0.128618 -0.181242 -0.974992</row0>
											<row1>-0.925271 0.375695 0.052220</row1>
											<row2>-0.356835 -0.908848 0.216019</row2>
											<row3>0.109110 -0.343679 -0.037839</row3>
										</transform>
									</node>
								</node>
								<node>
									<identifier>Shoulder_R</identifier>
									<transform>
										<row0>0.450475 0.883476 0.128618</row0>
										<row1>-0.886548 0.425657 0.181242</row1>
										<row2>0.105376 -0.195671 0.974992</row2>
										<row3>0.014244 0.060700 -0.083767</row3>
									</transform>
									<node>
										<identifier>Arm_R</identifier>
										<transform>
											<row0>0.524025 -0.851703 -0.000000</row0>
											<row1>0.851703 0.524025 -0.000000</row1>
											<row2>0.000000 0.000000 1.000000</row2>
											<row3>-0.207601 0.000000 0.000000</row3>
										</transform>
										<node>
											<identifier>Forearm_R</identifier>
											<transform>
												<row0>0.768816 0.639470 -0.000000</row0>
												<row1>-0.639470 0.768816 -0.000000</row1>
												<row2>0.000000 0.000000 1.000000</row2>
												<row3>-0.169391 -0.000000 -0.000000</row3>
											</transform>
											<node>
												<identifier>Hand_R</identifier>
												<transform>
													<row0>0.928249 0.371960 0.000001</row0>
													<row1>-0.371960 0.928249 -0.000000</row1>
													<row2>-0.000001 -0.000000 1.000000</row2>
													<row3>-0.289516 -0.000000 -0.000000</row3>
												</transform>
												<node>
													<identifier>Fingers1_R</identifier>
													<transform>
														<row0>0.692415 0.721499 -0.000000</row0>
														<row1>-0.721499 0.692416 0.000000</row1>
														<row2>0.000000 0.000000 1.000000</row2>
														<row3>-0.098104 0.000001 0.000000</row3>
													</transform>
													<node>
														<identifier>Fingers1_R_BlendBone</identifier>
														<transform>
															<row0>-0.221303 -0.020408 -0.974992</row0>
															<row1>0.317386 -0.946857 -0.052221</row1>
															<row2>0.922112 0.321006 -0.216019</row2>
															<row3>0.447470 -0.350079 0.035895</row3>
														</transform>
													</node>
												</node>
												<node>
													<identifier>Hand_R_BlendBone</identifier>
													<transform>
														<row0>-0.138509 -0.173801 -0.974992</row0>
														<row1>0.902920 -0.426625 -0.052221</row1>
														<row2>0.406880 0.887572 -0.216020</row2>
														<row3>0.464313 0.080450 0.035895</row3>
													</transform>
												</node>
											</node>
											<node>
												<identifier>Forearm_R_BlendBone</identifier>
												<transform>
													<row0>-0.063923 -0.212850 -0.974992</row0>
													<row1>0.996822 -0.060164 -0.052220</row1>
													<row2>0.047544 0.975231 -0.216019</row2>
													<row3>0.111558 0.247383 0.035896</row3>
												</transform>
											</node>
										</node>
										<node>
											<identifier>Arm_R_BlendBone</identifier>
											<transform>
												<row0>0.086966 -0.204519 -0.974992</row0>
												<row1>0.804845 0.591183 -0.052220</row1>
												<row2>-0.587078 0.780176 -0.216019</row2>
												<row3>-0.241818 0.261530 0.035895</row3>
											</transform>
										</node>
									</node>
									<node>
										<identifier>Shoulder_R_BlendBone</identifier>
										<transform>
											<row0>-0.128618 -0.181242 -0.974992</row0>
											<row1>0.925271 -0.375695 -0.052220</row1>
											<row2>0.356835 0.908848 -0.216019</row2>
											<row3>-0.111574 0.343006 0.035896</row3>
										</transform>
									</node>
								</node>
								<node>
									<identifier>Chest_BlendBone</identifier>
									<transform>
										<row0>0.000000 -0.000000 -1.000000</row0>
										<row1>0.744381 0.667755 0.000000</row1>
										<row2>-0.667755 0.744381 -0.000000</row2>
										<row3>-0.336326 0.101106 -0.000952</row3>
									</transform>
								</node>
							</node>
							<node>
								<identifier>Spine3_BlendBone</identifier>
								<transform>
									<row0>0.000000 0.000000 -1.000000</row0>
									<row1>0.032068 0.999486 0.000000</row1>
									<row2>-0.999486 0.032068 -0.000000</row2>
									<row3>-0.138849 -0.173131 -0.000952</row3>
								</transform>
							</node>
						</node>
						<node>
							<identifier>Spine2_BlendBone</identifier>
							<transform>
								<row0>0.000000 0.000000 -1.000000</row0>
								<row1>0.032068 0.999486 0.000000</row1>
								<row2>-0.999486 0.032068 -0.000000</row2>
								<row3>0.027857 -0.173131 -0.000952</row3>
							</transform>
						</node>
					</node>
					<node>
						<identifier>Spine1_BlendBone</identifier>
						<transform>
							<row0>0.000000 0.000000 -1.000000</row0>
							<row1>0.032068 0.999486 0.000000</row1>
							<row2>-0.999486 0.032068 -0.000000</row2>
							<row3>0.194562 -0.173131 -0.000952</row3>
						</transform>
					</node>
				</node>
				<node>
					<identifier>Tail1</identifier>
					<transform>
						<row0>0.921434 0.388535 -0.000000</row0>
						<row1>-0.388535 0.921434 -0.000000</row1>
						<row2>-0.000000 0.000000 1.000000</row2>
						<row3>-0.115073 -0.048522 0.000000</row3>
					</transform>
					<node>
						<identifier>Tail2</identifier>
						<transform>
							<row0>0.978330 -0.207051 -0.000000</row0>
							<row1>0.207051 0.978330 -0.000000</row1>
							<row2>-0.000000 0.000000 1.000000</row2>
							<row3>-0.177348 0.037533 0.000000</row3>
						</transform>
						<node>
							<identifier>Tail3</identifier>
							<transform>
								<row0>0.986856 -0.161603 -0.000000</row0>
								<row1>0.161604 0.986856 0.000000</row1>
								<row2>-0.000000 -0.000000 1.000000</row2>
								<row3>-0.146141 0.023931 0.000000</row3>
							</transform>
							<node>
								<identifier>Tail4</identifier>
								<transform>
									<row0>0.974367 -0.224965 -0.000000</row0>
									<row1>0.224964 0.974367 0.000000</row1>
									<row2>-0.000000 -0.000000 1.000000</row2>
									<row3>-0.124035 0.028638 0.000000</row3>
								</transform>
								<node>
									<identifier>Tail4_BlendBone</identifier>
									<transform>
										<row0>-0.000000 0.000000 -1.000000</row0>
										<row1>-0.165897 0.986143 0.000000</row1>
										<row2>-0.986143 -0.165897 0.000000</row2>
										<row3>0.930874 0.073994 -0.000952</row3>
									</transform>
								</node>
							</node>
							<node>
								<identifier>Tail3_BlendBone</identifier>
								<transform>
									<row0>-0.000000 0.000000 -1.000000</row0>
									<row1>0.060204 0.998186 0.000000</row1>
									<row2>-0.998186 0.060204 0.000000</row2>
									<row3>0.799623 -0.108679 -0.000952</row3>
								</transform>
							</node>
						</node>
						<node>
							<identifier>Tail2_BlendBone</identifier>
							<transform>
								<row0>-0.000000 0.000000 -1.000000</row0>
								<row1>0.220723 0.975337 0.000000</row1>
								<row2>-0.975337 0.220723 0.000000</row2>
								<row3>0.625409 -0.212541 -0.000952</row3>
							</transform>
						</node>
					</node>
					<node>
						<identifier>Tail1_BlendBone</identifier>
						<transform>
							<row0>0.000000 0.000000 -1.000000</row0>
							<row1>0.417884 0.908500 0.000000</row1>
							<row2>-0.908500 0.417884 0.000000</row2>
							<row3>0.390502 -0.299894 -0.000952</row3>
						</transform>
					</node>
				</node>
				<node>
					<identifier>Hips_BlendBone</identifier>
					<transform>
						<row0>0.000000 0.000000 -1.000000</row0>
						<row1>0.032068 0.999486 0.000000</row1>
						<row2>-0.999486 0.032068 -0.000000</row2>
						<row3>0.361268 -0.173130 -0.000952</row3>
					</transform>
				</node>
			</node>
		</node>
	</node>
	<renderSet>
		<treatAsWorldSpaceObject>true</treatAsWorldSpaceObject>
		<node>Head_BlendBone</node>
		<node>Ear1_R_BlendBone</node>
		<node>Brow_base_R_BlendBone</node>
		<node>Ear2_R_BlendBone</node>
		<node>Brow_mid_R_BlendBone</node>
		<node>Brow_end_R_BlendBone</node>
		<node>Eye_up_R_BlendBone</node>
		<node>Brow_base_L_BlendBone</node>
		<node>Eye_down_R_BlendBone</node>
		<node>Eye_R_BlendBone</node>
		<geometry>
			<vertices>s0Shape_split_4.vertices</vertices>
			<primitive>s0Shape_split_4.indices</primitive>
			<primitiveGroup>
				0
				<material>
					<identifier>s_nd1_skinned</identifier>
					<fx>shaders/std_effects/PBS_ext_skinned.fx</fx>
					<materialKind>101</materialKind>
					<collisionFlags>255</collisionFlags>
					<property>
						diffuseMap
						<Texture>content/Hangars/CharacterAnimations/Dog/hd_h25_004_Dog_AM.dds</Texture>
					</property>
					<property>
						doubleSided
						<Bool>true</Bool>
					</property>
					<property>
						dynamicObject
						<Bool>true</Bool>
					</property>
					<property>
						g_enableAO
						<Bool>true</Bool>
					</property>
					<property>
						metallicGlossMap
						<Texture>content/Hangars/CharacterAnimations/Dog/hd_h25_004_Dog_GMM.dds</Texture>
					</property>
					<property>
						normalMap
						<Texture>content/Hangars/CharacterAnimations/Dog/hd_h25_004_Dog_ANM.dds</Texture>
					</property>
				</material>
				<groupOrigin>0.043213 0.425900 -0.582214</groupOrigin>
			</primitiveGroup>
		</geometry>
	</renderSet>
	<renderSet>
		<treatAsWorldSpaceObject>true</treatAsWorldSpaceObject>
		<node>Forearm_R_BlendBone</node>
		<node>Arm_R_BlendBone</node>
		<node>Hand_R_BlendBone</node>
		<node>Fingers1_R_BlendBone</node>
		<node>Spine3_BlendBone</node>
		<node>Spine2_BlendBone</node>
		<node>Chest_BlendBone</node>
		<node>Spine1_BlendBone</node>
		<node>Shoulder_R_BlendBone</node>
		<node>Shoulder_L_BlendBone</node>
		<node>Neck_BlendBone</node>
		<node>Arm_L_BlendBone</node>
		<node>Forearm_L_BlendBone</node>
		<node>Ear1_R_BlendBone</node>
		<node>Head_BlendBone</node>
		<node>Ear2_R_BlendBone</node>
		<node>Ear3_R_BlendBone</node>
		<geometry>
			<vertices>s0Shape_split_3.vertices</vertices>
			<primitive>s0Shape_split_3.indices</primitive>
			<primitiveGroup>
				0
				<material>
					<identifier>s_nd1_skinned</identifier>
					<fx>shaders/std_effects/PBS_ext_skinned.fx</fx>
					<materialKind>101</materialKind>
					<collisionFlags>255</collisionFlags>
					<property>
						diffuseMap
						<Texture>content/Hangars/CharacterAnimations/Dog/hd_h25_004_Dog_AM.dds</Texture>
					</property>
					<property>
						doubleSided
						<Bool>true</Bool>
					</property>
					<property>
						dynamicObject
						<Bool>true</Bool>
					</property>
					<property>
						g_enableAO
						<Bool>true</Bool>
					</property>
					<property>
						metallicGlossMap
						<Texture>content/Hangars/CharacterAnimations/Dog/hd_h25_004_Dog_GMM.dds</Texture>
					</property>
					<property>
						normalMap
						<Texture>content/Hangars/CharacterAnimations/Dog/hd_h25_004_Dog_ANM.dds</Texture>
					</property>
				</material>
				<groupOrigin>0.010474 0.042831 -0.239055</groupOrigin>
			</primitiveGroup>
		</geometry>
	</renderSet>
	<renderSet>
		<treatAsWorldSpaceObject>true</treatAsWorldSpaceObject>
		<node>Ankle_R_BlendBone</node>
		<node>Knee_R_BlendBone</node>
		<node>Ball_R_BlendBone</node>
		<node>Tail1_BlendBone</node>
		<node>Tail2_BlendBone</node>
		<node>Hips_BlendBone</node>
		<node>Hip_R_BlendBone</node>
		<node>Hip_L_BlendBone</node>
		<node>Spine1_BlendBone</node>
		<node>Tail3_BlendBone</node>
