<?xml version="1.0" encoding="utf-8"?>
<root>
	<node>
		<identifier>Scene Root</identifier>
		<transform>
			<row0>1.000000 0.000000 0.000000</row0>
			<row1>0.000000 1.000000 0.000000</row1>
			<row2>0.000000 0.000000 1.000000</row2>
			<row3>0.000000 0.000000 0.000000</row3>
		</transform>
		<node>
			<identifier>nodes_01</identifier>
			<transform>
				<row0>1.000000 0.000000 0.000000</row0>
				<row1>0.000000 1.000000 0.000000</row1>
				<row2>0.000000 0.000000 1.000000</row2>
				<row3>0.000000 0.000000 0.000000</row3>
			</transform>
			<node>
				<identifier>HP_Track_LFront</identifier>
				<transform>
					<row0>1.000000 0.000000 0.000000</row0>
					<row1>0.000000 0.993847 -0.110758</row1>
					<row2>0.000000 0.110758 0.993847</row2>
					<row3>-1.279729 0.000000 1.948761</row3>
				</transform>
			</node>
			<node>
				<identifier>HP_Track_LRear</identifier>
				<transform>
					<row0>-1.000000 0.000000 0.000000</row0>
					<row1>0.000000 0.994751 0.102324</row1>
					<row2>-0.000000 0.102324 -0.994751</row2>
					<row3>-1.279729 0.000000 -1.860356</row3>
				</transform>
			</node>
			<node>
				<identifier>HP_Track_RFront</identifier>
				<transform>
					<row0>1.000000 0.000000 0.000000</row0>
					<row1>0.000000 0.993847 -0.110758</row1>
					<row2>0.000000 0.110758 0.993847</row2>
					<row3>1.279724 0.000000 1.857544</row3>
				</transform>
			</node>
			<node>
				<identifier>HP_Track_RRear</identifier>
				<transform>
					<row0>-1.000000 0.000000 0.000000</row0>
					<row1>0.000000 0.994751 0.102324</row1>
					<row2>-0.000000 0.102324 -0.994751</row2>
					<row3>1.279724 0.000000 -1.948765</row3>
				</transform>
			</node>
			<node>
				<identifier>HP_gui</identifier>
				<transform>
					<row0>1.000000 0.000000 0.000000</row0>
					<row1>0.000000 0.000000 -1.000000</row1>
					<row2>0.000000 1.000000 0.000000</row2>
					<row3>0.000000 4.647199 0.000000</row3>
				</transform>
			</node>
			<node>
				<identifier>Tank</identifier>
				<transform>
					<row0>1.000000 0.000000 0.000000</row0>
					<row1>0.000000 1.000000 0.000000</row1>
					<row2>0.000000 0.000000 1.000000</row2>
					<row3>0.000000 0.500000 0.000000</row3>
				</transform>
				<node>
					<identifier>V</identifier>
					<transform>
						<row0>1.000000 0.000000 0.000000</row0>
						<row1>0.000000 1.000000 0.000000</row1>
						<row2>0.000000 0.000000 1.000000</row2>
						<row3>0.000000 0.281544 0.000000</row3>
					</transform>
					<node>
						<identifier>Lever_Start_L0</identifier>
						<transform>
							<row0>1.000000 -0.000000 0.000000</row0>
							<row1>0.000000 0.924546 -0.381070</row1>
							<row2>0.000000 0.381070 0.924546</row2>
							<row3>-1.279729 -0.218641 2.331039</row3>
						</transform>
						<node>
							<identifier>Lever_Joint_L0</identifier>
							<transform>
								<row0>1.000000 0.000000 0.000000</row0>
								<row1>-0.000000 0.924546 0.381070</row1>
								<row2>0.000000 -0.381070 0.924546</row2>
								<row3>0.000000 0.000239 -0.455334</row3>
							</transform>
							<node>
								<identifier>Track_L0</identifier>
								<transform>
									<row0>1.000000 -0.000000 0.000000</row0>
									<row1>-0.000000 1.000000 0.000000</row1>
									<row2>-0.000000 -0.000000 1.000000</row2>
									<row3>0.000000 -0.389610 -0.000000</row3>
								</transform>
								<node>
									<identifier>Track_L0_BlendBone</identifier>
									<transform>
										<row0>1.000000 0.000000 -0.000000</row0>
										<row1>-0.000000 1.000000 0.000000</row1>
										<row2>-0.000000 -0.000000 -1.000000</row2>
										<row3>1.279729 0.000000 -1.909971</row3>
									</transform>
								</node>
							</node>
							<node>
								<identifier>W_L0</identifier>
								<transform>
									<row0>1.000000 -0.000000 0.000000</row0>
									<row1>-0.000000 1.000000 0.000000</row1>
									<row2>-0.000000 -0.000000 1.000000</row2>
									<row3>-0.049777 0.000000 -0.000000</row3>
								</transform>
								<node>
									<identifier>W_L0_BlendBone</identifier>
									<transform>
										<row0>1.000000 0.000000 -0.000000</row0>
										<row1>-0.000000 1.000000 0.000000</row1>
										<row2>-0.000000 -0.000000 -1.000000</row2>
										<row3>1.329505 -0.389610 -1.909971</row3>
									</transform>
								</node>
							</node>
							<node>
								<identifier>Lever_Joint_L0_BlendBone</identifier>
								<transform>
									<row0>1.000000 0.000000 -0.000000</row0>
									<row1>-0.000000 1.000000 0.000000</row1>
									<row2>-0.000000 -0.000000 -1.000000</row2>
									<row3>1.279729 -0.389610 -1.909971</row3>
								</transform>
							</node>
						</node>
						<node>
							<identifier>Lever_Start_L0_BlendBone</identifier>
							<transform>
								<row0>1.000000 0.000000 0.000000</row0>
								<row1>-0.000000 0.924546 0.381070</row1>
								<row2>-0.000000 0.381070 -0.924546</row2>
								<row3>1.279729 0.367861 -2.369658</row3>
							</transform>
						</node>
					</node>
					<node>
						<identifier>Lever_Start_L1</identifier>
						<transform>
							<row0>1.000000 0.000000 0.000000</row0>
							<row1>0.000000 0.943686 -0.330844</row1>
							<row2>0.000000 0.330844 0.943686</row2>
							<row3>-1.279729 -0.218641 1.674381</row3>
						</transform>
						<node>
							<identifier>Lever_Joint_L1</identifier>
							<transform>
								<row0>1.000000 0.000000 0.000000</row0>
								<row1>-0.000000 0.943685 0.330844</row1>
								<row2>-0.000000 -0.330844 0.943685</row2>
								<row3>0.000000 0.000038 -0.523901</row3>
							</transform>
							<node>
								<identifier>Track_L1</identifier>
								<transform>
									<row0>1.000000 0.000000 0.000000</row0>
									<row1>0.000000 1.000000 0.000000</row1>
									<row2>0.000000 0.000000 1.000000</row2>
									<row3>0.000000 -0.389610 0.000000</row3>
								</transform>
								<node>
									<identifier>Track_L1_BlendBone</identifier>
									<transform>
										<row0>1.000000 0.000000 -0.000000</row0>
										<row1>0.000000 1.000000 -0.000000</row1>
										<row2>0.000000 -0.000000 -1.000000</row2>
										<row3>1.279729 -0.000000 -1.179970</row3>
									</transform>
								</node>
							</node>
							<node>
								<identifier>W_L1</identifier>
								<transform>
									<row0>1.000000 0.000000 0.000000</row0>
									<row1>0.000000 1.000000 0.000000</row1>
									<row2>0.000000 0.000000 1.000000</row2>
									<row3>-0.049777 0.000000 0.000000</row3>
								</transform>
								<node>
									<identifier>W_L1_BlendBone</identifier>
									<transform>
										<row0>1.000000 0.000000 -0.000000</row0>
										<row1>0.000000 1.000000 -0.000000</row1>
										<row2>0.000000 -0.000000 -1.000000</row2>
										<row3>1.329505 -0.389610 -1.179970</row3>
									</transform>
								</node>
							</node>
							<node>
								<identifier>Lever_Joint_L1_BlendBone</identifier>
								<transform>
									<row0>1.000000 0.000000 -0.000000</row0>
									<row1>0.000000 1.000000 -0.000000</row1>
									<row2>0.000000 -0.000000 -1.000000</row2>
									<row3>1.279729 -0.389610 -1.179970</row3>
								</transform>
							</node>
						</node>
						<node>
							<identifier>Lever_Start_L1_BlendBone</identifier>
							<transform>
								<row0>1.000000 0.000000 0.000000</row0>
								<row1>0.000000 0.943686 0.330844</row1>
								<row2>0.000000 0.330844 -0.943686</row2>
								<row3>1.279729 0.022755 -1.766322</row3>
							</transform>
						</node>
					</node>
					<node>
						<identifier>Lever_Start_L2</identifier>
						<transform>
							<row0>1.000000 0.000000 0.000000</row0>
							<row1>0.000000 0.943686 -0.330844</row1>
							<row2>0.000000 0.330844 0.943686</row2>
							<row3>-1.279729 -0.218641 0.929381</row3>
						</transform>
						<node>
							<identifier>Lever_Joint_L2</identifier>
							<transform>
								<row0>1.000000 -0.000000 -0.000000</row0>
								<row1>0.000000 0.943685 0.330844</row1>
								<row2>0.000000 -0.330844 0.943685</row2>
								<row3>0.000000 0.000038 -0.523900</row3>
							</transform>
							<node>
								<identifier>Track_L2</identifier>
								<transform>
									<row0>1.000000 0.000000 0.000000</row0>
									<row1>0.000000 1.000000 0.000000</row1>
									<row2>0.000000 0.000000 1.000000</row2>
									<row3>0.000000 -0.389610 0.000000</row3>
								</transform>
								<node>
									<identifier>Track_L2_BlendBone</identifier>
									<transform>
										<row0>1.000000 0.000000 -0.000000</row0>
										<row1>0.000000 1.000000 -0.000000</row1>
										<row2>0.000000 -0.000000 -1.000000</row2>
										<row3>1.279729 -0.000000 -0.434971</row3>
									</transform>
								</node>
							</node>
							<node>
								<identifier>W_L2</identifier>
								<transform>
									<row0>1.000000 0.000000 0.000000</row0>
									<row1>0.000000 1.000000 0.000000</row1>
									<row2>0.000000 0.000000 1.000000</row2>
									<row3>-0.049777 0.000000 0.000000</row3>
								</transform>
								<node>
									<identifier>W_L2_BlendBone</identifier>
									<transform>
										<row0>1.000000 0.000000 -0.000000</row0>
										<row1>0.000000 1.000000 -0.000000</row1>
										<row2>0.000000 -0.000000 -1.000000</row2>
										<row3>1.329505 -0.389610 -0.434971</row3>
									</transform>
								</node>
							</node>
							<node>
								<identifier>Lever_Joint_L2_BlendBone</identifier>
								<transform>
									<row0>1.000000 0.000000 -0.000000</row0>
									<row1>0.000000 1.000000 -0.000000</row1>
									<row2>0.000000 -0.000000 -1.000000</row2>
									<row3>1.279729 -0.389610 -0.434971</row3>
								</transform>
							</node>
						</node>
						<node>
							<identifier>Lever_Start_L2_BlendBone</identifier>
							<transform>
								<row0>1.000000 0.000000 0.000000</row0>
								<row1>0.000000 0.943686 0.330844</row1>
								<row2>0.000000 0.330844 -0.943686</row2>
								<row3>1.279729 -0.223724 -1.063276</row3>
							</transform>
						</node>
					</node>
					<node>
						<identifier>Lever_Start_L3</identifier>
						<transform>
							<row0>1.000000 0.000000 0.000000</row0>
							<row1>0.000000 0.943686 -0.330844</row1>
							<row2>0.000000 0.330844 0.943686</row2>
							<row3>-1.279729 -0.218640 0.199381</row3>
						</transform>
						<node>
							<identifier>Lever_Joint_L3</identifier>
							<transform>
								<row0>1.000000 0.000000 0.000000</row0>
								<row1>0.000000 0.943685 0.330844</row1>
								<row2>0.000000 -0.330844 0.943685</row2>
								<row3>0.000000 0.000038 -0.523900</row3>
							</transform>
							<node>
								<identifier>Track_L3</identifier>
								<transform>
									<row0>1.000000 0.000000 0.000000</row0>
									<row1>0.000000 1.000000 0.000000</row1>
									<row2>0.000000 0.000000 1.000000</row2>
									<row3>0.000000 -0.389610 0.000000</row3>
								</transform>
								<node>
									<identifier>Track_L3_BlendBone</identifier>
									<transform>
										<row0>1.000000 0.000000 0.000000</row0>
										<row1>0.000000 1.000000 -0.000000</row1>
										<row2>0.000000 -0.000000 -1.000000</row2>
										<row3>1.279729 0.000000 0.295029</row3>
									</transform>
								</node>
							</node>
							<node>
								<identifier>W_L3</identifier>
								<transform>
									<row0>1.000000 0.000000 0.000000</row0>
									<row1>0.000000 1.000000 0.000000</row1>
									<row2>0.000000 0.000000 1.000000</row2>
									<row3>-0.049777 0.000000 0.000000</row3>
								</transform>
								<node>
									<identifier>W_L3_BlendBone</identifier>
									<transform>
										<row0>1.000000 0.000000 0.000000</row0>
										<row1>0.000000 1.000000 -0.000000</row1>
										<row2>0.000000 -0.000000 -1.000000</row2>
										<row3>1.329505 -0.389610 0.295029</row3>
									</transform>
								</node>
							</node>
							<node>
								<identifier>Lever_Joint_L3_BlendBone</identifier>
								<transform>
									<row0>1.000000 0.000000 0.000000</row0>
									<row1>0.000000 1.000000 -0.000000</row1>
									<row2>0.000000 -0.000000 -1.000000</row2>
									<row3>1.279729 -0.389610 0.295029</row3>
								</transform>
							</node>
						</node>
						<node>
							<identifier>Lever_Start_L3_BlendBone</identifier>
							<transform>
								<row0>1.000000 0.000000 0.000000</row0>
								<row1>0.000000 0.943686 0.330844</row1>
								<row2>0.000000 0.330844 -0.943686</row2>
								<row3>1.279729 -0.465240 -0.374386</row3>
							</transform>
						</node>
					</node>
					<node>
						<identifier>Lever_Start_L4</identifier>
						<transform>
							<row0>1.000000 0.000000 0.000000</row0>
							<row1>0.000000 0.943686 -0.330844</row1>
							<row2>0.000000 0.330844 0.943686</row2>
							<row3>-1.279729 -0.218640 -0.535620</row3>
						</transform>
						<node>
							<identifier>Lever_Joint_L4</identifier>
							<transform>
								<row0>1.000000 0.000000 0.000000</row0>
								<row1>0.000000 0.943685 0.330844</row1>
								<row2>0.000000 -0.330844 0.943685</row2>
								<row3>0.000000 0.000038 -0.523899</row3>
							</transform>
							<node>
								<identifier>Track_L4</identifier>
								<transform>
									<row0>1.000000 0.000000 0.000000</row0>
									<row1>0.000000 1.000000 0.000000</row1>
									<row2>0.000000 0.000000 1.000000</row2>
									<row3>0.000000 -0.389611 0.000000</row3>
								</transform>
								<node>
									<identifier>Track_L4_BlendBone</identifier>
									<transform>
										<row0>1.000000 0.000000 0.000000</row0>
										<row1>0.000000 1.000000 -0.000000</row1>
										<row2>0.000000 -0.000000 -1.000000</row2>
										<row3>1.279729 0.000000 1.030029</row3>
									</transform>
								</node>
							</node>
							<node>
								<identifier>W_L4</identifier>
								<transform>
									<row0>1.000000 0.000000 0.000000</row0>
									<row1>0.000000 1.000000 0.000000</row1>
									<row2>0.000000 0.000000 1.000000</row2>
									<row3>-0.049777 0.000000 0.000000</row3>
								</transform>
								<node>
									<identifier>W_L4_BlendBone</identifier>
									<transform>
										<row0>1.000000 0.000000 0.000000</row0>
										<row1>0.000000 1.000000 -0.000000</row1>
										<row2>0.000000 -0.000000 -1.000000</row2>
										<row3>1.329505 -0.389611 1.030029</row3>
									</transform>
								</node>
							</node>
							<node>
								<identifier>Lever_Joint_L4_BlendBone</identifier>
								<transform>
									<row0>1.000000 0.000000 0.000000</row0>
									<row1>0.000000 1.000000 -0.000000</row1>
									<row2>0.000000 -0.000000 -1.000000</row2>
									<row3>1.279729 -0.389611 1.030029</row3>
								</transform>
							</node>
						</node>
						<node>
							<identifier>Lever_Start_L4_BlendBone</identifier>
							<transform>
								<row0>1.000000 0.000000 0.000000</row0>
								<row1>0.000000 0.943686 0.330844</row1>
								<row2>0.000000 0.330844 -0.943686</row2>
								<row3>1.279729 -0.708411 0.319224</row3>
							</transform>
						</node>
					</node>
					<node>
						<identifier>Lever_Start_L5</identifier>
						<transform>
							<row0>1.000000 0.000000 0.000000</row0>
							<row1>0.000000 0.943686 -0.330844</row1>
							<row2>0.000000 0.330844 0.943686</row2>
							<row3>-1.279729 -0.218640 -1.285620</row3>
						</transform>
						<node>
							<identifier>Lever_Joint_L5</identifier>
							<transform>
								<row0>1.000000 0.000000 0.000000</row0>
								<row1>0.000000 0.943685 0.330844</row1>
								<row2>0.000000 -0.330844 0.943685</row2>
								<row3>0.000000 0.000038 -0.523900</row3>
							</transform>
							<node>
								<identifier>Track_L5</identifier>
								<transform>
									<row0>1.000000 0.000000 0.000000</row0>
									<row1>0.000000 1.000000 0.000000</row1>
									<row2>-0.000000 -0.000000 1.000000</row2>
									<row3>0.000000 -0.389610 0.000000</row3>
								</transform>
								<node>
									<identifier>Track_L5_BlendBone</identifier>
									<transform>
										<row0>1.000000 0.000000 0.000000</row0>
										<row1>0.000000 1.000000 -0.000000</row1>
										<row2>0.000000 -0.000000 -1.000000</row2>
										<row3>1.279729 0.000000 1.780029</row3>
									</transform>
								</node>
							</node>
							<node>
								<identifier>W_L5</identifier>
								<transform>
									<row0>1.000000 0.000000 0.000000</row0>
									<row1>0.000000 1.000000 0.000000</row1>
									<row2>-0.000000 -0.000000 1.000000</row2>
									<row3>-0.049777 0.000000 0.000000</row3>
								</transform>
								<node>
									<identifier>W_L5_BlendBone</identifier>
									<transform>
										<row0>1.000000 0.000000 0.000000</row0>
										<row1>0.000000 1.000000 -0.000000</row1>
										<row2>0.000000 -0.000000 -1.000000</row2>
										<row3>1.329505 -0.389610 1.780029</row3>
									</transform>
								</node>
							</node>
							<node>
								<identifier>Lever_Joint_L5_BlendBone</identifier>
								<transform>
									<row0>1.000000 0.000000 0.000000</row0>
									<row1>0.000000 1.000000 -0.000000</row1>
									<row2>0.000000 -0.000000 -1.000000</row2>
									<row3>1.279729 -0.389610 1.780029</row3>
								</transform>
							</node>
						</node>
						<node>
							<identifier>Lever_Start_L5_BlendBone</identifier>
							<transform>
								<row0>1.000000 0.000000 0.000000</row0>
								<row1>0.000000 0.943686 0.330844</row1>
								<row2>0.000000 0.330844 -0.943686</row2>
								<row3>1.279729 -0.956544 1.026988</row3>
							</transform>
						</node>
					</node>
					<node>
						<identifier>Lever_Start_R0</identifier>
						<transform>
							<row0>1.000000 0.000000 0.000000</row0>
							<row1>0.000000 0.924546 -0.381070</row1>
							<row2>0.000000 0.381070 0.924546</row2>
							<row3>1.279724 -0.218641 2.241039</row3>
						</transform>
						<node>
							<identifier>Lever_Joint_R0</identifier>
							<transform>
								<row0>1.000000 -0.000000 0.000000</row0>
								<row1>0.000000 0.924546 0.381070</row1>
								<row2>0.000000 -0.381070 0.924546</row2>
								<row3>-0.000000 0.000239 -0.455334</row3>
							</transform>
							<node>
								<identifier>Track_R0</identifier>
								<transform>
									<row0>1.000000 0.000000 0.000000</row0>
									<row1>0.000000 1.000000 0.000000</row1>
									<row2>0.000000 0.000000 1.000000</row2>
									<row3>0.000000 -0.389610 0.000000</row3>
								</transform>
								<node>
									<identifier>Track_R0_BlendBone</identifier>
									<transform>
										<row0>1.000000 0.000000 0.000000</row0>
										<row1>0.000000 1.000000 0.000000</row1>
										<row2>0.000000 0.000000 -1.000000</row2>
										<row3>-1.279724 0.000000 -1.819970</row3>
									</transform>
								</node>
							</node>
							<node>
								<identifier>W_R0</identifier>
								<transform>
									<row0>1.000000 0.000000 0.000000</row0>
									<row1>0.000000 1.000000 0.000000</row1>
									<row2>0.000000 0.000000 1.000000</row2>
									<row3>0.049575 0.000000 0.000000</row3>
								</transform>
								<node>
									<identifier>W_R0_BlendBone</identifier>
									<transform>
										<row0>1.000000 0.000000 0.000000</row0>
										<row1>0.000000 1.000000 0.000000</row1>
										<row2>0.000000 0.000000 -1.000000</row2>
										<row3>-1.329298 -0.389610 -1.819970</row3>
									</transform>
								</node>
							</node>
							<node>
								<identifier>Lever_Joint_R0_BlendBone</identifier>
								<transform>
									<row0>1.000000 0.000000 0.000000</row0>
									<row1>0.000000 1.000000 0.000000</row1>
									<row2>0.000000 0.000000 -1.000000</row2>
									<row3>-1.279724 -0.389610 -1.819970</row3>
								</transform>
							</node>
						</node>
						<node>
							<identifier>Lever_Start_R0_BlendBone</identifier>
							<transform>
								<row0>1.000000 0.000000 0.000000</row0>
								<row1>0.000000 0.924546 0.381070</row1>
								<row2>0.000000 0.381070 -0.924546</row2>
								<row3>-1.279724 0.333564 -2.286449</row3>
							</transform>
						</node>
					</node>
					<node>
						<identifier>Lever_Start_R1</identifier>
						<transform>
							<row0>1.000000 0.000000 0.000000</row0>
							<row1>0.000000 0.943686 -0.330844</row1>
							<row2>0.000000 0.330844 0.943686</row2>
							<row3>1.279724 -0.218641 1.584380</row3>
						</transform>
						<node>
							<identifier>Lever_Joint_R1</identifier>
							<transform>
								<row0>1.000000 -0.000000 0.000000</row0>
								<row1>0.000000 0.943685 0.330844</row1>
								<row2>-0.000000 -0.330844 0.943685</row2>
								<row3>-0.000000 0.000038 -0.523901</row3>
							</transform>
							<node>
								<identifier>Track_R1</identifier>
								<transform>
									<row0>1.000000 0.000000 0.000000</row0>
									<row1>0.000000 1.000000 0.000000</row1>
									<row2>0.000000 0.000000 1.000000</row2>
									<row3>0.000000 -0.389610 0.000000</row3>
								</transform>
								<node>
									<identifier>Track_R1_BlendBone</identifier>
									<transform>
										<row0>1.000000 0.000000 -0.000000</row0>
										<row1>0.000000 1.000000 -0.000000</row1>
										<row2>0.000000 -0.000000 -1.000000</row2>
										<row3>-1.279724 -0.000000 -1.089970</row3>
									</transform>
								</node>
							</node>
							<node>
								<identifier>W_R1</identifier>
								<transform>
									<row0>1.000000 0.000000 0.000000</row0>
									<row1>0.000000 1.000000 0.000000</row1>
									<row2>0.000000 0.000000 1.000000</row2>
									<row3>0.049575 0.000000 0.000000</row3>
								</transform>
								<node>
									<identifier>W_R1_BlendBone</identifier>
									<transform>
										<row0>1.000000 0.000000 -0.000000</row0>
										<row1>0.000000 1.000000 -0.000000</row1>
										<row2>0.000000 -0.000000 -1.000000</row2>
										<row3>-1.329298 -0.389610 -1.089970</row3>
									</transform>
								</node>
							</node>
							<node>
								<identifier>Lever_Joint_R1_BlendBone</identifier>
								<transform>
									<row0>1.000000 0.000000 -0.000000</row0>
									<row1>0.000000 1.000000 -0.000000</row1>
									<row2>0.000000 -0.000000 -1.000000</row2>
									<row3>-1.279724 -0.389610 -1.089970</row3>
								</transform>
							</node>
						</node>
						<node>
							<identifier>Lever_Start_R1_BlendBone</identifier>
							<transform>
								<row0>1.000000 0.000000 0.000000</row0>
								<row1>0.000000 0.943686 0.330844</row1>
								<row2>0.000000 0.330844 -0.943686</row2>
								<row3>-1.279724 -0.007021 -1.681390</row3>
							</transform>
						</node>
					</node>
					<node>
						<identifier>Lever_Start_R2</identifier>
						<transform>
							<row0>1.000000 0.000000 0.000000</row0>
							<row1>0.000000 0.943686 -0.330844</row1>
							<row2>0.000000 0.330844 0.943686</row2>
							<row3>1.279724 -0.218641 0.839380</row3>
						</transform>
						<node>
							<identifier>Lever_Joint_R2</identifier>
							<transform>
								<row0>1.000000 0.000000 0.000000</row0>
								<row1>0.000000 0.943685 0.330844</row1>
								<row2>0.000000 -0.330844 0.943685</row2>
								<row3>0.000000 0.000038 -0.523900</row3>
							</transform>
							<node>
								<identifier>Track_R2</identifier>
								<transform>
									<row0>1.000000 0.000000 0.000000</row0>
									<row1>0.000000 1.000000 0.000000</row1>
									<row2>0.000000 0.000000 1.000000</row2>
									<row3>0.000000 -0.389610 0.000000</row3>
								</transform>
								<node>
									<identifier>Track_R2_BlendBone</identifier>
									<transform>
										<row0>1.000000 0.000000 -0.000000</row0>
										<row1>0.000000 1.000000 -0.000000</row1>
										<row2>0.000000 -0.000000 -1.000000</row2>
										<row3>-1.279724 0.000000 -0.344970</row3>
									</transform>
								</node>
							</node>
							<node>
								<identifier>W_R2</identifier>
								<transform>
									<row0>1.000000 0.000000 0.000000</row0>
									<row1>0.000000 1.000000 0.000000</row1>
									<row2>0.000000 0.000000 1.000000</row2>
									<row3>0.049575 0.000000 0.000000</row3>
								</transform>
								<node>
									<identifier>W_R2_BlendBone</identifier>
									<transform>
										<row0>1.000000 0.000000 -0.000000</row0>
										<row1>0.000000 1.000000 -0.000000</row1>
										<row2>0.000000 -0.000000 -1.000000</row2>
										<row3>-1.329298 -0.389610 -0.344970</row3>
									</transform>
								</node>
							</node>
							<node>
								<identifier>Lever_Joint_R2_BlendBone</identifier>
								<transform>
									<row0>1.000000 0.000000 -0.000000</row0>
									<row1>0.000000 1.000000 -0.000000</row1>
									<row2>0.000000 -0.000000 -1.000000</row2>
									<row3>-1.279724 -0.389610 -0.344970</row3>
								</transform>
							</node>
						</node>
						<node>
							<identifier>Lever_Start_R2_BlendBone</identifier>
							<transform>
								<row0>1.000000 0.000000 0.000000</row0>
								<row1>0.000000 0.943686 0.330844</row1>
								<row2>0.000000 0.330844 -0.943686</row2>
								<row3>-1.279724 -0.253500 -0.978344</row3>
							</transform>
						</node>
					</node>
					<node>
						<identifier>Lever_Start_R3</identifier>
						<transform>
							<row0>1.000000 0.000000 0.000000</row0>
							<row1>0.000000 0.943686 -0.330844</row1>
							<row2>0.000000 0.330844 0.943686</row2>
							<row3>1.279724 -0.218640 0.109380</row3>
						</transform>
						<node>
							<identifier>Lever_Joint_R3</identifier>
							<transform>
								<row0>1.000000 0.000000 0.000000</row0>
								<row1>0.000000 0.943685 0.330844</row1>
								<row2>0.000000 -0.330844 0.943685</row2>
								<row3>0.000000 0.000038 -0.523900</row3>
							</transform>
							<node>
								<identifier>Track_R3</identifier>
								<transform>
									<row0>1.000000 0.000000 0.000000</row0>
									<row1>0.000000 1.000000 0.000000</row1>
									<row2>0.000000 0.000000 1.000000</row2>
									<row3>0.000000 -0.389610 0.000000</row3>
								</transform>
								<node>
									<identifier>Track_R3_BlendBone</identifier>
									<transform>
										<row0>1.000000 0.000000 0.000000</row0>
										<row1>0.000000 1.000000 -0.000000</row1>
										<row2>0.000000 -0.000000 -1.000000</row2>
										<row3>-1.279724 0.000000 0.385030</row3>
									</transform>
								</node>
							</node>
							<node>
								<identifier>W_R3</identifier>
								<transform>
									<row0>1.000000 0.000000 0.000000</row0>
									<row1>0.000000 1.000000 0.000000</row1>
									<row2>0.000000 0.000000 1.000000</row2>
									<row3>0.049575 0.000000 0.000000</row3>
								</transform>
								<node>
									<identifier>W_R3_BlendBone</identifier>
									<transform>
										<row0>1.000000 0.000000 0.000000</row0>
										<row1>0.000000 1.000000 -0.000000</row1>
										<row2>0.000000 -0.000000 -1.000000</row2>
										<row3>-1.329298 -0.389610 0.385030</row3>
									</transform>
								</node>
							</node>
							<node>
								<identifier>Lever_Joint_R3_BlendBone</identifier>
								<transform>
									<row0>1.000000 0.000000 0.000000</row0>
									<row1>0.000000 1.000000 -0.000000</row1>
									<row2>0.000000 -0.000000 -1.000000</row2>
									<row3>-1.279724 -0.389610 0.385030</row3>
								</transform>
							</node>
						</node>
						<node>
							<identifier>Lever_Start_R3_BlendBone</identifier>
							<transform>
								<row0>1.000000 0.000000 0.000000</row0>
								<row1>0.000000 0.943686 0.330844</row1>
								<row2>0.000000 0.330844 -0.943686</row2>
								<row3>-1.279724 -0.495016 -0.289454</row3>
							</transform>
						</node>
					</node>
					<node>
						<identifier>Lever_Start_R4</identifier>
						<transform>
							<row0>1.000000 0.000000 0.000000</row0>
							<row1>0.000000 0.943686 -0.330844</row1>
							<row2>0.000000 0.330844 0.943686</row2>
							<row3>1.279724 -0.218640 -0.625621</row3>
						</transform>
						<node>
							<identifier>Lever_Joint_R4</identifier>
							<transform>
								<row0>1.000000 0.000000 -0.000000</row0>
								<row1>0.000000 0.943685 0.330844</row1>
								<row2>0.000000 -0.330844 0.943685</row2>
								<row3>0.000000 0.000038 -0.523899</row3>
							</transform>
							<node>
								<identifier>Track_R4</identifier>
								<transform>
									<row0>1.000000 0.000000 0.000000</row0>
									<row1>0.000000 1.000000 0.000000</row1>
									<row2>0.000000 0.000000 1.000000</row2>
									<row3>0.000000 -0.389611 0.000000</row3>
								</transform>
								<node>
									<identifier>Track_R4_BlendBone</identifier>
									<transform>
										<row0>1.000000 0.000000 0.000000</row0>
										<row1>0.000000 1.000000 -0.000000</row1>
										<row2>0.000000 -0.000000 -1.000000</row2>
										<row3>-1.279724 0.000000 1.120029</row3>
									</transform>
								</node>
							</node>
							<node>
								<identifier>W_R4</identifier>
								<transform>
									<row0>1.000000 0.000000 0.000000</row0>
									<row1>0.000000 1.000000 0.000000</row1>
									<row2>0.000000 0.000000 1.000000</row2>
									<row3>0.049575 0.000000 0.000000</row3>
								</transform>
								<node>
									<identifier>W_R4_BlendBone</identifier>
									<transform>
										<row0>1.000000 0.000000 0.000000</row0>
										<row1>0.000000 1.000000 -0.000000</row1>
										<row2>0.000000 -0.000000 -1.000000</row2>
										<row3>-1.329298 -0.389611 1.120029</row3>
									</transform>
								</node>
							</node>
							<node>
								<identifier>Lever_Joint_R4_BlendBone</identifier>
								<transform>
									<row0>1.000000 0.000000 0.000000</row0>
									<row1>0.000000 1.000000 -0.000000</row1>
									<row2>0.000000 -0.000000 -1.000000</row2>
									<row3>-1.279724 -0.389611 1.120029</row3>
								</transform>
							</node>
						</node>
						<node>
							<identifier>Lever_Start_R4_BlendBone</identifier>
							<transform>
								<row0>1.000000 0.000000 0.000000</row0>
								<row1>0.000000 0.943686 0.330844</row1>
								<row2>0.000000 0.330844 -0.943686</row2>
								<row3>-1.279724 -0.738187 0.404156</row3>
							</transform>
						</node>
					</node>
					<node>
						<identifier>Lever_Start_R5</identifier>
						<transform>
							<row0>1.000000 0.000000 0.000000</row0>
							<row1>0.000000 0.943686 -0.330844</row1>
							<row2>0.000000 0.330844 0.943686</row2>
							<row3>1.279724 -0.218640 -1.375620</row3>
						</transform>
						<node>
							<identifier>Lever_Joint_R5</identifier>
							<transform>
								<row0>1.000000 0.000000 0.000000</row0>
								<row1>0.000000 0.943685 0.330844</row1>
								<row2>0.000000 -0.330844 0.943685</row2>
								<row3>0.000000 0.000038 -0.523900</row3>
							</transform>
							<node>
								<identifier>Track_R5</identifier>
								<transform>
									<row0>1.000000 0.000000 0.000000</row0>
									<row1>0.000000 1.000000 0.000000</row1>
									<row2>-0.000000 -0.000000 1.000000</row2>
									<row3>0.000000 -0.389611 0.000000</row3>
								</transform>
								<node>
									<identifier>Track_R5_BlendBone</identifier>
									<transform>
										<row0>1.000000 0.000000 0.000000</row0>
										<row1>0.000000 1.000000 -0.000000</row1>
										<row2>0.000000 -0.000000 -1.000000</row2>
										<row3>-1.279724 0.000000 1.870030</row3>
									</transform>
								</node>
							</node>
							<node>
								<identifier>W_R5</identifier>
								<transform>
									<row0>1.000000 0.000000 0.000000</row0>
									<row1>0.000000 1.000000 0.000000</row1>
									<row2>-0.000000 -0.000000 1.000000</row2>
									<row3>0.049575 0.000000 0.000000</row3>
								</transform>
								<node>
									<identifier>W_R5_BlendBone</identifier>
									<transform>
										<row0>1.000000 0.000000 0.000000</row0>
										<row1>0.000000 1.000000 -0.000000</row1>
										<row2>0.000000 -0.000000 -1.000000</row2>
										<row3>-1.329298 -0.389611 1.870030</row3>
									</transform>
								</node>
							</node>
							<node>
								<identifier>Lever_Joint_R5_BlendBone</identifier>
								<transform>
									<row0>1.000000 0.000000 0.000000</row0>
									<row1>0.000000 1.000000 -0.000000</row1>
									<row2>0.000000 -0.000000 -1.000000</row2>
									<row3>-1.279724 -0.389611 1.870030</row3>
								</transform>
							</node>
						</node>
						<node>
							<identifier>Lever_Start_R5_BlendBone</identifier>
							<transform>
								<row0>1.000000 0.000000 0.000000</row0>
								<row1>0.000000 0.943686 0.330844</row1>
								<row2>0.000000 0.330844 -0.943686</row2>
								<row3>-1.279724 -0.986320 1.111920</row3>
							</transform>
						</node>
					</node>
					<node>
						<identifier>Track_VT_L1</identifier>
						<transform>
							<row0>1.000000 0.000000 0.000000</row0>
							<row1>0.000000 1.000000 0.000000</row1>
							<row2>0.000000 0.000000 1.000000</row2>
							<row3>-1.279729 0.115044 1.909971</row3>
						</transform>
						<node>
							<identifier>Track_VT_L1_BlendBone</identifier>
							<transform>
								<row0>1.000000 0.000000 0.000000</row0>
								<row1>0.000000 1.000000 0.000000</row1>
								<row2>0.000000 0.000000 -1.000000</row2>
								<row3>1.279729 -0.896588 -1.909971</row3>
							</transform>
						</node>
					</node>
					<node>
						<identifier>Track_VT_L11</identifier>
						<transform>
							<row0>1.000000 0.000000 0.000000</row0>
							<row1>0.000000 1.000000 0.000000</row1>
							<row2>0.000000 0.000000 1.000000</row2>
							<row3>-1.279729 0.109774 -1.780029</row3>
						</transform>
						<node>
							<identifier>Track_VT_L11_BlendBone</identifier>
							<transform>
								<row0>1.000000 0.000000 0.000000</row0>
								<row1>0.000000 1.000000 0.000000</row1>
								<row2>0.000000 0.000000 -1.000000</row2>
								<row3>1.279729 -0.891318 1.780029</row3>
							</transform>
						</node>
					</node>
					<node>
						<identifier>Track_VT_L3</identifier>
						<transform>
							<row0>1.000000 0.000000 0.000000</row0>
							<row1>0.000000 1.000000 0.000000</row1>
							<row2>0.000000 0.000000 1.000000</row2>
							<row3>-1.279729 0.114002 1.179970</row3>
						</transform>
						<node>
							<identifier>Track_VT_L3_BlendBone</identifier>
							<transform>
								<row0>1.000000 0.000000 0.000000</row0>
								<row1>0.000000 1.000000 0.000000</row1>
								<row2>0.000000 0.000000 -1.000000</row2>
								<row3>1.279729 -0.895546 -1.179970</row3>
							</transform>
						</node>
					</node>
					<node>
						<identifier>Track_VT_L5</identifier>
						<transform>
							<row0>1.000000 0.000000 0.000000</row0>
							<row1>0.000000 1.000000 0.000000</row1>
							<row2>0.000000 0.000000 1.000000</row2>
							<row3>-1.279729 0.112938 0.434971</row3>
						</transform>
						<node>
							<identifier>Track_VT_L5_BlendBone</identifier>
							<transform>
								<row0>1.000000 0.000000 0.000000</row0>
								<row1>0.000000 1.000000 0.000000</row1>
								<row2>0.000000 0.000000 -1.000000</row2>
								<row3>1.279729 -0.894482 -0.434971</row3>
							</transform>
						</node>
					</node>
					<node>
						<identifier>Track_VT_L7</identifier>
						<transform>
							<row0>1.000000 0.000000 0.000000</row0>
							<row1>0.000000 1.000000 0.000000</row1>
							<row2>0.000000 0.000000 1.000000</row2>
							<row3>-1.279729 0.111895 -0.295029</row3>
						</transform>
						<node>
							<identifier>Track_VT_L7_BlendBone</identifier>
							<transform>
								<row0>1.000000 0.000000 0.000000</row0>
								<row1>0.000000 1.000000 0.000000</row1>
								<row2>0.000000 0.000000 -1.000000</row2>
								<row3>1.279729 -0.893439 0.295029</row3>
							</transform>
						</node>
					</node>
					<node>
						<identifier>Track_VT_L9</identifier>
						<transform>
							<row0>1.000000 0.000000 0.000000</row0>
							<row1>0.000000 1.000000 0.000000</row1>
							<row2>0.000000 0.000000 1.000000</row2>
							<row3>-1.279729 0.110845 -1.030029</row3>
						</transform>
						<node>
							<identifier>Track_VT_L9_BlendBone</identifier>
							<transform>
								<row0>1.000000 0.000000 0.000000</row0>
								<row1>0.000000 1.000000 0.000000</row1>
								<row2>0.000000 0.000000 -1.000000</row2>
								<row3>1.279729 -0.892389 1.030029</row3>
							</transform>
						</node>
					</node>
					<node>
						<identifier>Track_VT_R1</identifier>
						<transform>
							<row0>1.000000 0.000000 0.000000</row0>
							<row1>0.000000 1.000000 0.000000</row1>
							<row2>0.000000 0.000000 1.000000</row2>
							<row3>1.279724 0.114938 1.819970</row3>
						</transform>
						<node>
							<identifier>Track_VT_R1_BlendBone</identifier>
							<transform>
								<row0>1.000000 0.000000 0.000000</row0>
								<row1>0.000000 1.000000 0.000000</row1>
								<row2>0.000000 0.000000 -1.000000</row2>
								<row3>-1.279724 -0.896482 -1.819970</row3>
							</transform>
						</node>
					</node>
					<node>
						<identifier>Track_VT_R11</identifier>
						<transform>
							<row0>1.000000 0.000000 0.000000</row0>
							<row1>0.000000 1.000000 0.000000</row1>
							<row2>0.000000 0.000000 1.000000</row2>
							<row3>1.279724 0.109774 -1.870030</row3>
						</transform>
						<node>
							<identifier>Track_VT_R11_BlendBone</identifier>
							<transform>
								<row0>1.000000 0.000000 0.000000</row0>
								<row1>0.000000 1.000000 0.000000</row1>
								<row2>0.000000 0.000000 -1.000000</row2>
								<row3>-1.279724 -0.891318 1.870030</row3>
							</transform>
						</node>
					</node>
					<node>
						<identifier>Track_VT_R3</identifier>
						<transform>
							<row0>1.000000 0.000000 0.000000</row0>
							<row1>0.000000 1.000000 0.000000</row1>
							<row2>0.000000 0.000000 1.000000</row2>
							<row3>1.279724 0.113916 1.089970</row3>
						</transform>
						<node>
							<identifier>Track_VT_R3_BlendBone</identifier>
							<transform>
								<row0>1.000000 0.000000 0.000000</row0>
								<row1>0.000000 1.000000 0.000000</row1>
								<row2>0.000000 0.000000 -1.000000</row2>
								<row3>-1.279724 -0.895460 -1.089970</row3>
							</transform>
						</node>
					</node>
					<node>
						<identifier>Track_VT_R5</identifier>
						<transform>
							<row0>1.000000 0.000000 0.000000</row0>
							<row1>0.000000 1.000000 0.000000</row1>
							<row2>0.000000 0.000000 1.000000</row2>
							<row3>1.279724 0.112874 0.344970</row3>
						</transform>
						<node>
							<identifier>Track_VT_R5_BlendBone</identifier>
							<transform>
								<row0>1.000000 0.000000 0.000000</row0>
								<row1>0.000000 1.000000 0.000000</row1>
								<row2>0.000000 0.000000 -1.000000</row2>
								<row3>-1.279724 -0.894418 -0.344970</row3>
							</transform>
						</node>
					</node>
					<node>
						<identifier>Track_VT_R7</identifier>
						<transform>
							<row0>1.000000 0.000000 0.000000</row0>
							<row1>0.000000 1.000000 0.000000</row1>
							<row2>0.000000 0.000000 1.000000</row2>
							<row3>1.279724 0.111852 -0.385030</row3>
						</transform>
						<node>
							<identifier>Track_VT_R7_BlendBone</identifier>
							<transform>
								<row0>1.000000 0.000000 0.000000</row0>
								<row1>0.000000 1.000000 0.000000</row1>
								<row2>0.000000 0.000000 -1.000000</row2>
								<row3>-1.279724 -0.893396 0.385030</row3>
							</transform>
						</node>
					</node>
					<node>
						<identifier>Track_VT_R9</identifier>
						<transform>
							<row0>1.000000 0.000000 0.000000</row0>
							<row1>0.000000 1.000000 0.000000</row1>
							<row2>0.000000 0.000000 1.000000</row2>
							<row3>1.279724 0.110824 -1.120029</row3>
						</transform>
						<node>
							<identifier>Track_VT_R9_BlendBone</identifier>
							<transform>
								<row0>1.000000 0.000000 0.000000</row0>
								<row1>0.000000 1.000000 0.000000</row1>
