<?xml version="1.0" encoding="utf-8"?>
<root>
	<node>
		<identifier>Scene Root</identifier>
		<transform>
			<row0>1.000000 0.000000 0.000000</row0>
			<row1>0.000000 1.000000 0.000000</row1>
			<row2>0.000000 0.000000 1.000000</row2>
			<row3>0.000000 0.000000 0.000000</row3>
		</transform>
		<node>
			<identifier>nodes_01</identifier>
			<transform>
				<row0>1.000000 0.000000 0.000000</row0>
				<row1>0.000000 1.000000 0.000000</row1>
				<row2>0.000000 0.000000 1.000000</row2>
				<row3>0.000000 0.000000 0.000000</row3>
			</transform>
			<node>
				<identifier>HP_Fire_1</identifier>
				<transform>
					<row0>1.000000 0.000000 0.000000</row0>
					<row1>0.000000 1.000000 0.000000</row1>
					<row2>0.000000 0.000000 1.000000</row2>
					<row3>0.000000 0.173082 -1.875215</row3>
				</transform>
			</node>
			<node>
				<identifier>HP_Fire_2</identifier>
				<transform>
					<row0>1.000000 0.000000 0.000000</row0>
					<row1>0.000000 1.000000 0.000000</row1>
					<row2>0.000000 0.000000 1.000000</row2>
					<row3>0.517653 0.057779 1.500000</row3>
				</transform>
			</node>
			<node>
				<identifier>HP_TrackUp_LFront</identifier>
				<transform>
					<row0>1.000000 0.000000 0.000000</row0>
					<row1>0.000000 0.265383 0.964143</row1>
					<row2>0.000000 -0.964143 0.265383</row2>
					<row3>-1.181100 -0.053775 2.902799</row3>
				</transform>
			</node>
			<node>
				<identifier>HP_TrackUp_LRear</identifier>
				<transform>
					<row0>-1.000000 0.000000 -0.000000</row0>
					<row1>0.000000 0.466781 -0.884373</row1>
					<row2>-0.000000 -0.884373 -0.466781</row2>
					<row3>-1.181100 -0.112151 -2.879772</row3>
				</transform>
			</node>
			<node>
				<identifier>HP_TrackUp_RFront</identifier>
				<transform>
					<row0>1.000000 0.000000 0.000000</row0>
					<row1>0.000000 0.265383 0.964143</row1>
					<row2>0.000000 -0.964143 0.265383</row2>
					<row3>1.181096 -0.053780 2.902776</row3>
				</transform>
			</node>
			<node>
				<identifier>HP_TrackUp_RRear</identifier>
				<transform>
					<row0>-1.000000 0.000000 -0.000000</row0>
					<row1>0.000000 0.466781 -0.884373</row1>
					<row2>-0.000000 -0.884373 -0.466781</row2>
					<row3>1.181096 -0.112176 -2.879736</row3>
				</transform>
			</node>
			<node>
				<identifier>HP_Track_Exhaus_1</identifier>
				<transform>
					<row0>-0.287623 0.025831 -0.957395</row0>
					<row1>0.182531 0.982792 -0.028321</row1>
					<row2>0.940189 -0.182900 -0.287389</row2>
					<row3>1.414809 0.511381 -2.369169</row3>
				</transform>
			</node>
			<node>
				<identifier>HP_Track_Exhaus_2</identifier>
				<transform>
					<row0>-0.327488 0.087932 0.940755</row0>
					<row1>0.182531 0.982792 -0.028321</row1>
					<row2>-0.927057 0.162442 -0.337903</row2>
					<row3>-1.413541 0.511381 -2.369169</row3>
				</transform>
			</node>
			<node>
				<identifier>HP_turretJoint</identifier>
				<transform>
					<row0>1.000000 0.000000 0.000000</row0>
					<row1>0.000000 1.000000 0.000000</row1>
					<row2>0.000000 0.000000 1.000000</row2>
					<row3>0.000000 0.517251 0.369779</row3>
				</transform>
			</node>
		</node>
	</node>
	<renderSet>
		<treatAsWorldSpaceObject>false</treatAsWorldSpaceObject>
		<node>Scene Root</node>
		<geometry>
			<vertices>vertices</vertices>
			<primitive>indices</primitive>
			<primitiveGroup>
				0
				<material>
					<identifier>tank_hull_01</identifier>
					<property>
						selfIllumination
						<Float>0.000000</Float>
					</property>
					<collisionFlags>0</collisionFlags>
					<materialKind>0</materialKind>
					<fx>shaders/std_effects/PBS_tank.fx</fx>
					<property>
						metallicGlossMap
						<Texture>vehicles/british/GB112_Caliban/_skins/GB112_Caliban_WAC_3DSt/Caliban_WAC_3DSt_hull_01_GMM.dds</Texture>
					</property>
					<property>
						normalMap
						<Texture>vehicles/british/GB112_Caliban/_skins/GB112_Caliban_WAC_3DSt/Caliban_WAC_3DSt_hull_01_ANM.dds</Texture>
					</property>
					<property>
						diffuseMap
						<Texture>vehicles/british/GB112_Caliban/_skins/GB112_Caliban_WAC_3DSt/Caliban_WAC_3DSt_hull_01_AM.dds</Texture>
					</property>
					<property>
						excludeMaskAndAOMap
						<Texture>vehicles/british/GB112_Caliban/_skins/GB112_Caliban_WAC_3DSt/Caliban_WAC_3DSt_hull_01_AO.dds</Texture>
					</property>
					<property>
						g_useDetailMetallic
						<Bool>true</Bool>
					</property>
					<property>
						metallicDetailMap
						<Texture>vehicles/russian/Tank_detail/Details_map.dds</Texture>
					</property>
					<property>
						g_detailUVTiling
						<Vector4>7.013699 7.013699 0.000000 0.000000</Vector4>
					</property>
					<property>
						alphaReference
						<Int>64</Int>
					</property>
					<property>
						alphaTestEnable
						<Bool>true</Bool>
					</property>
				</material>
				<groupOrigin>0.004281 0.180211 -0.218814</groupOrigin>
			</primitiveGroup>
			<primitiveGroup>
				1
				<material>
					<identifier>tank_equipment</identifier>
					<property>
						selfIllumination
						<Float>0.000000</Float>
					</property>
					<property>
						diffuseMap
						<Texture>vehicles/british/GB112_Caliban/_skins/GB112_Caliban_WAC_3DSt/Caliban_WAC_3DSt_equipment_AM.dds</Texture>
					</property>
					<collisionFlags>0</collisionFlags>
					<materialKind>0</materialKind>
					<fx>shaders/std_effects/PBS_tank.fx</fx>
					<property>
						excludeMaskAndAOMap
						<Texture>vehicles/british/GB112_Caliban/_skins/GB112_Caliban_WAC_3DSt/Caliban_WAC_3DSt_equipment_AO.dds</Texture>
					</property>
					<property>
						metallicGlossMap
						<Texture>vehicles/british/GB112_Caliban/_skins/GB112_Caliban_WAC_3DSt/Caliban_WAC_3DSt_equipment_GMM.dds</Texture>
					</property>
					<property>
						normalMap
						<Texture>vehicles/british/GB112_Caliban/_skins/GB112_Caliban_WAC_3DSt/Caliban_WAC_3DSt_equipment_ANM.dds</Texture>
					</property>
					<property>
						g_detailUVTiling
						<Vector4>
							3.50685 3.50685 0.000000 0.000000
							<!--BW_String-->
						</Vector4>
					</property>
					<property>
						metallicDetailMap
						<Texture>vehicles/russian/Tank_detail/Details_map.dds</Texture>
					</property>
					<property>
						g_useDetailMetallic
						<Bool>true</Bool>
					</property>
				</material>
				<groupOrigin>-0.008429 0.236394 -0.949165</groupOrigin>
			</primitiveGroup>
		</geometry>
	</renderSet>
	<boundingBox>
		<min>-1.638769 -0.565263 -3.508073</min>
		<max>1.621911 0.925684 3.049817</max>
	</boundingBox>
	<geometrySize>423136</geometrySize>
	<minUVDensity>0.005065</minUVDensity>
</root>
