<?xml version="1.0" encoding="utf-8"?>
<root>
	<node>
		<identifier>Scene Root</identifier>
		<transform>
			<row0>1.000000 0.000000 0.000000</row0>
			<row1>0.000000 1.000000 0.000000</row1>
			<row2>0.000000 0.000000 1.000000</row2>
			<row3>0.000000 0.000000 0.000000</row3>
		</transform>
		<node>
			<identifier>nodes_01</identifier>
			<transform>
				<row0>1.000000 0.000000 0.000000</row0>
				<row1>0.000000 1.000000 0.000000</row1>
				<row2>0.000000 0.000000 1.000000</row2>
				<row3>0.000000 0.000000 0.000000</row3>
			</transform>
			<node>
				<identifier>HP_Track_LFront</identifier>
				<transform>
					<row0>1.000000 0.000000 0.000000</row0>
					<row1>0.000000 0.993847 -0.110758</row1>
					<row2>0.000000 0.110758 0.993847</row2>
					<row3>-1.230457 0.000000 1.883988</row3>
				</transform>
			</node>
			<node>
				<identifier>HP_Track_LRear</identifier>
				<transform>
					<row0>-1.000000 0.000000 0.000000</row0>
					<row1>0.000000 0.994751 0.102324</row1>
					<row2>-0.000000 0.102324 -0.994751</row2>
					<row3>-1.230457 0.000000 -1.996862</row3>
				</transform>
			</node>
			<node>
				<identifier>HP_Track_RFront</identifier>
				<transform>
					<row0>1.000000 0.000000 0.000000</row0>
					<row1>0.000000 0.993847 -0.110758</row1>
					<row2>0.000000 0.110758 0.993847</row2>
					<row3>1.230457 0.000000 1.996860</row3>
				</transform>
			</node>
			<node>
				<identifier>HP_Track_RRear</identifier>
				<transform>
					<row0>-1.000000 0.000000 0.000000</row0>
					<row1>0.000000 0.994751 0.102324</row1>
					<row2>-0.000000 0.102324 -0.994751</row2>
					<row3>1.230457 0.000000 -1.883991</row3>
				</transform>
			</node>
			<node>
				<identifier>HP_gui</identifier>
				<transform>
					<row0>1.000000 0.000000 0.000000</row0>
					<row1>0.000000 0.000000 -1.000000</row1>
					<row2>0.000000 1.000000 0.000000</row2>
					<row3>0.000000 4.068376 -0.000000</row3>
				</transform>
			</node>
			<node>
				<identifier>Tank</identifier>
				<transform>
					<row0>1.000000 0.000000 0.000000</row0>
					<row1>0.000000 1.000000 0.000000</row1>
					<row2>0.000000 0.000000 1.000000</row2>
					<row3>0.000000 0.500000 0.000000</row3>
				</transform>
				<node>
					<identifier>Track_L0</identifier>
					<transform>
						<row0>1.000000 0.000000 0.000000</row0>
						<row1>0.000000 1.000000 0.000000</row1>
						<row2>0.000000 0.000000 1.000000</row2>
						<row3>-1.230457 -0.500000 1.846793</row3>
					</transform>
					<node>
						<identifier>W_L0</identifier>
						<transform>
							<row0>1.000000 0.000000 0.000000</row0>
							<row1>0.000000 0.965756 -0.259453</row1>
							<row2>0.000000 0.259453 0.965756</row2>
							<row3>0.000000 0.354083 0.000000</row3>
						</transform>
						<node>
							<identifier>W_L0_BlendBone</identifier>
							<transform>
								<row0>1.000000 0.000000 0.000000</row0>
								<row1>0.000000 0.965756 0.259453</row1>
								<row2>0.000000 0.259453 -0.965756</row2>
								<row3>1.230457 0.137198 -1.875419</row3>
							</transform>
						</node>
					</node>
					<node>
						<identifier>Track_L0_BlendBone</identifier>
						<transform>
							<row0>1.000000 0.000000 0.000000</row0>
							<row1>0.000000 1.000000 0.000000</row1>
							<row2>0.000000 0.000000 -1.000000</row2>
							<row3>1.230457 0.000000 -1.846793</row3>
						</transform>
					</node>
				</node>
				<node>
					<identifier>Track_L1</identifier>
					<transform>
						<row0>1.000000 0.000000 0.000000</row0>
						<row1>0.000000 1.000000 0.000000</row1>
						<row2>0.000000 0.000000 1.000000</row2>
						<row3>-1.230457 -0.500000 1.077138</row3>
					</transform>
					<node>
						<identifier>W_L1</identifier>
						<transform>
							<row0>1.000000 0.000000 0.000000</row0>
							<row1>0.000000 0.965756 -0.259453</row1>
							<row2>0.000000 0.259453 0.965756</row2>
							<row3>-0.000000 0.354083 0.000000</row3>
						</transform>
						<node>
							<identifier>W_L1_BlendBone</identifier>
							<transform>
								<row0>1.000000 0.000000 0.000000</row0>
								<row1>0.000000 0.965756 0.259453</row1>
								<row2>0.000000 0.259453 -0.965756</row2>
								<row3>1.230457 -0.062491 -1.132120</row3>
							</transform>
						</node>
					</node>
					<node>
						<identifier>Track_L1_BlendBone</identifier>
						<transform>
							<row0>1.000000 0.000000 0.000000</row0>
							<row1>0.000000 1.000000 0.000000</row1>
							<row2>0.000000 0.000000 -1.000000</row2>
							<row3>1.230457 0.000000 -1.077138</row3>
						</transform>
					</node>
				</node>
				<node>
					<identifier>Track_L2</identifier>
					<transform>
						<row0>1.000000 0.000000 0.000000</row0>
						<row1>0.000000 1.000000 0.000000</row1>
						<row2>0.000000 0.000000 1.000000</row2>
						<row3>-1.230457 -0.500000 0.320700</row3>
					</transform>
					<node>
						<identifier>W_L2</identifier>
						<transform>
							<row0>1.000000 0.000000 0.000000</row0>
							<row1>0.000000 0.965756 -0.259453</row1>
							<row2>0.000000 0.259453 0.965756</row2>
							<row3>-0.000000 0.354083 0.000000</row3>
						</transform>
						<node>
							<identifier>W_L2_BlendBone</identifier>
							<transform>
								<row0>1.000000 0.000000 0.000000</row0>
								<row1>0.000000 0.965756 0.259453</row1>
								<row2>0.000000 0.259453 -0.965756</row2>
								<row3>1.230457 -0.258751 -0.401585</row3>
							</transform>
						</node>
					</node>
					<node>
						<identifier>Track_L2_BlendBone</identifier>
						<transform>
							<row0>1.000000 0.000000 0.000000</row0>
							<row1>0.000000 1.000000 0.000000</row1>
							<row2>0.000000 0.000000 -1.000000</row2>
							<row3>1.230457 0.000000 -0.320700</row3>
						</transform>
					</node>
				</node>
				<node>
					<identifier>Track_L3</identifier>
					<transform>
						<row0>1.000000 0.000000 0.000000</row0>
						<row1>0.000000 1.000000 0.000000</row1>
						<row2>0.000000 0.000000 1.000000</row2>
						<row3>-1.230457 -0.500000 -0.436003</row3>
					</transform>
					<node>
						<identifier>W_L3</identifier>
						<transform>
							<row0>1.000000 0.000000 0.000000</row0>
							<row1>0.000000 0.965756 -0.259453</row1>
							<row2>0.000000 0.259453 0.965756</row2>
							<row3>-0.000000 0.354083 0.000000</row3>
						</transform>
						<node>
							<identifier>W_L3_BlendBone</identifier>
							<transform>
								<row0>1.000000 0.000000 0.000000</row0>
								<row1>0.000000 0.965756 0.259453</row1>
								<row2>0.000000 0.259453 -0.965756</row2>
								<row3>1.230457 -0.455080 0.329205</row3>
							</transform>
						</node>
					</node>
					<node>
						<identifier>Track_L3_BlendBone</identifier>
						<transform>
							<row0>1.000000 0.000000 0.000000</row0>
							<row1>0.000000 1.000000 0.000000</row1>
							<row2>0.000000 0.000000 -1.000000</row2>
							<row3>1.230457 0.000000 0.436003</row3>
						</transform>
					</node>
				</node>
				<node>
					<identifier>Track_L4</identifier>
					<transform>
						<row0>1.000000 0.000000 0.000000</row0>
						<row1>0.000000 1.000000 0.000000</row1>
						<row2>0.000000 0.000000 1.000000</row2>
						<row3>-1.230457 -0.500000 -1.195572</row3>
					</transform>
					<node>
						<identifier>W_L4</identifier>
						<transform>
							<row0>1.000000 0.000000 0.000000</row0>
							<row1>0.000000 0.965756 -0.259453</row1>
							<row2>0.000000 0.259453 0.965756</row2>
							<row3>-0.000000 0.354083 0.000000</row3>
						</transform>
						<node>
							<identifier>W_L4_BlendBone</identifier>
							<transform>
								<row0>1.000000 0.000000 0.000000</row0>
								<row1>0.000000 0.965756 0.259453</row1>
								<row2>0.000000 0.259453 -0.965756</row2>
								<row3>1.230457 -0.652152 1.062763</row3>
							</transform>
						</node>
					</node>
					<node>
						<identifier>Track_L4_BlendBone</identifier>
						<transform>
							<row0>1.000000 0.000000 0.000000</row0>
							<row1>0.000000 1.000000 0.000000</row1>
							<row2>0.000000 0.000000 -1.000000</row2>
							<row3>1.230457 0.000000 1.195572</row3>
						</transform>
					</node>
				</node>
				<node>
					<identifier>Track_L5</identifier>
					<transform>
						<row0>1.000000 0.000000 0.000000</row0>
						<row1>0.000000 1.000000 0.000000</row1>
						<row2>0.000000 0.000000 1.000000</row2>
						<row3>-1.230457 -0.500000 -1.961207</row3>
					</transform>
					<node>
						<identifier>W_L5</identifier>
						<transform>
							<row0>1.000000 0.000000 0.000000</row0>
							<row1>-0.000000 0.965756 -0.259453</row1>
							<row2>0.000000 0.259453 0.965756</row2>
							<row3>-0.000000 0.354083 0.000000</row3>
						</transform>
						<node>
							<identifier>W_L5_BlendBone</identifier>
							<transform>
								<row0>1.000000 0.000000 0.000000</row0>
								<row1>0.000000 0.965756 0.259453</row1>
								<row2>0.000000 0.259453 -0.965756</row2>
								<row3>1.230457 -0.850798 1.802180</row3>
							</transform>
						</node>
					</node>
					<node>
						<identifier>Track_L5_BlendBone</identifier>
						<transform>
							<row0>1.000000 0.000000 0.000000</row0>
							<row1>0.000000 1.000000 0.000000</row1>
							<row2>0.000000 0.000000 -1.000000</row2>
							<row3>1.230457 0.000000 1.961207</row3>
						</transform>
					</node>
				</node>
				<node>
					<identifier>Track_R0</identifier>
					<transform>
						<row0>1.000000 0.000000 0.000000</row0>
						<row1>0.000000 1.000000 0.000000</row1>
						<row2>0.000000 0.000000 1.000000</row2>
						<row3>1.230457 -0.500000 1.961331</row3>
					</transform>
					<node>
						<identifier>W_R0</identifier>
						<transform>
							<row0>1.000000 0.000000 0.000000</row0>
							<row1>0.000000 0.965756 -0.259453</row1>
							<row2>0.000000 0.259453 0.965756</row2>
							<row3>0.000000 0.354083 0.000000</row3>
						</transform>
						<node>
							<identifier>W_R0_BlendBone</identifier>
							<transform>
								<row0>1.000000 0.000000 0.000000</row0>
								<row1>0.000000 0.965756 0.259453</row1>
								<row2>0.000000 0.259453 -0.965756</row2>
								<row3>-1.230457 0.166915 -1.986035</row3>
							</transform>
						</node>
					</node>
					<node>
						<identifier>Track_R0_BlendBone</identifier>
						<transform>
							<row0>1.000000 0.000000 0.000000</row0>
							<row1>0.000000 1.000000 0.000000</row1>
							<row2>0.000000 0.000000 -1.000000</row2>
							<row3>-1.230457 0.000000 -1.961331</row3>
						</transform>
					</node>
				</node>
				<node>
					<identifier>Track_R1</identifier>
					<transform>
						<row0>1.000000 0.000000 0.000000</row0>
						<row1>0.000000 1.000000 0.000000</row1>
						<row2>0.000000 0.000000 1.000000</row2>
						<row3>1.230457 -0.500000 1.191677</row3>
					</transform>
					<node>
						<identifier>W_R1</identifier>
						<transform>
							<row0>1.000000 0.000000 0.000000</row0>
							<row1>0.000000 0.965756 -0.259453</row1>
							<row2>0.000000 0.259453 0.965756</row2>
							<row3>0.000000 0.354083 0.000000</row3>
						</transform>
						<node>
							<identifier>W_R1_BlendBone</identifier>
							<transform>
								<row0>1.000000 0.000000 0.000000</row0>
								<row1>0.000000 0.965756 0.259453</row1>
								<row2>0.000000 0.259453 -0.965756</row2>
								<row3>-1.230457 -0.032773 -1.242737</row3>
							</transform>
						</node>
					</node>
					<node>
						<identifier>Track_R1_BlendBone</identifier>
						<transform>
							<row0>1.000000 0.000000 0.000000</row0>
							<row1>0.000000 1.000000 0.000000</row1>
							<row2>0.000000 0.000000 -1.000000</row2>
							<row3>-1.230457 0.000000 -1.191677</row3>
						</transform>
					</node>
				</node>
				<node>
					<identifier>Track_R2</identifier>
					<transform>
						<row0>1.000000 0.000000 0.000000</row0>
						<row1>0.000000 1.000000 0.000000</row1>
						<row2>0.000000 0.000000 1.000000</row2>
						<row3>1.230457 -0.500000 0.435239</row3>
					</transform>
					<node>
						<identifier>W_R2</identifier>
						<transform>
							<row0>1.000000 0.000000 0.000000</row0>
							<row1>0.000000 0.965756 -0.259453</row1>
							<row2>0.000000 0.259453 0.965756</row2>
							<row3>0.000000 0.354083 0.000000</row3>
						</transform>
						<node>
							<identifier>W_R2_BlendBone</identifier>
							<transform>
								<row0>1.000000 0.000000 0.000000</row0>
								<row1>0.000000 0.965756 0.259453</row1>
								<row2>0.000000 0.259453 -0.965756</row2>
								<row3>-1.230457 -0.229034 -0.512202</row3>
							</transform>
						</node>
					</node>
					<node>
						<identifier>Track_R2_BlendBone</identifier>
						<transform>
							<row0>1.000000 0.000000 0.000000</row0>
							<row1>0.000000 1.000000 0.000000</row1>
							<row2>0.000000 0.000000 -1.000000</row2>
							<row3>-1.230457 0.000000 -0.435239</row3>
						</transform>
					</node>
				</node>
				<node>
					<identifier>Track_R3</identifier>
					<transform>
						<row0>1.000000 0.000000 0.000000</row0>
						<row1>0.000000 1.000000 0.000000</row1>
						<row2>0.000000 0.000000 1.000000</row2>
						<row3>1.230457 -0.500000 -0.321464</row3>
					</transform>
					<node>
						<identifier>W_R3</identifier>
						<transform>
							<row0>1.000000 0.000000 0.000000</row0>
							<row1>0.000000 0.965756 -0.259453</row1>
							<row2>0.000000 0.259453 0.965756</row2>
							<row3>0.000000 0.354083 0.000000</row3>
						</transform>
						<node>
							<identifier>W_R3_BlendBone</identifier>
							<transform>
								<row0>1.000000 0.000000 0.000000</row0>
								<row1>0.000000 0.965756 0.259453</row1>
								<row2>0.000000 0.259453 -0.965756</row2>
								<row3>-1.230457 -0.425362 0.218588</row3>
							</transform>
						</node>
					</node>
					<node>
						<identifier>Track_R3_BlendBone</identifier>
						<transform>
							<row0>1.000000 0.000000 0.000000</row0>
							<row1>0.000000 1.000000 0.000000</row1>
							<row2>0.000000 0.000000 -1.000000</row2>
							<row3>-1.230457 0.000000 0.321464</row3>
						</transform>
					</node>
				</node>
				<node>
					<identifier>Track_R4</identifier>
					<transform>
						<row0>1.000000 0.000000 0.000000</row0>
						<row1>0.000000 1.000000 0.000000</row1>
						<row2>0.000000 0.000000 1.000000</row2>
						<row3>1.230457 -0.500000 -1.081033</row3>
					</transform>
					<node>
						<identifier>W_R4</identifier>
						<transform>
							<row0>1.000000 0.000000 0.000000</row0>
							<row1>0.000000 0.965756 -0.259453</row1>
							<row2>0.000000 0.259453 0.965756</row2>
							<row3>0.000000 0.354083 0.000000</row3>
						</transform>
						<node>
							<identifier>W_R4_BlendBone</identifier>
							<transform>
								<row0>1.000000 0.000000 0.000000</row0>
								<row1>0.000000 0.965756 0.259453</row1>
								<row2>0.000000 0.259453 -0.965756</row2>
								<row3>-1.230457 -0.622434 0.952146</row3>
							</transform>
						</node>
					</node>
					<node>
						<identifier>Track_R4_BlendBone</identifier>
						<transform>
							<row0>1.000000 0.000000 0.000000</row0>
							<row1>0.000000 1.000000 0.000000</row1>
							<row2>0.000000 0.000000 -1.000000</row2>
							<row3>-1.230457 0.000000 1.081033</row3>
						</transform>
					</node>
				</node>
				<node>
					<identifier>Track_R5</identifier>
					<transform>
						<row0>1.000000 0.000000 0.000000</row0>
						<row1>0.000000 1.000000 0.000000</row1>
						<row2>0.000000 0.000000 1.000000</row2>
						<row3>1.230457 -0.500000 -1.846668</row3>
					</transform>
					<node>
						<identifier>W_R5</identifier>
						<transform>
							<row0>1.000000 0.000000 0.000000</row0>
							<row1>0.000000 0.965756 -0.259453</row1>
							<row2>0.000000 0.259453 0.965756</row2>
							<row3>-0.000000 0.354083 0.000000</row3>
						</transform>
						<node>
							<identifier>W_R5_BlendBone</identifier>
							<transform>
								<row0>1.000000 0.000000 0.000000</row0>
								<row1>0.000000 0.965756 0.259453</row1>
								<row2>0.000000 0.259453 -0.965756</row2>
								<row3>-1.230457 -0.821081 1.691563</row3>
							</transform>
						</node>
					</node>
					<node>
						<identifier>Track_R5_BlendBone</identifier>
						<transform>
							<row0>1.000000 0.000000 0.000000</row0>
							<row1>0.000000 1.000000 0.000000</row1>
							<row2>0.000000 0.000000 -1.000000</row2>
							<row3>-1.230457 0.000000 1.846668</row3>
						</transform>
					</node>
				</node>
				<node>
					<identifier>V</identifier>
					<transform>
						<row0>1.000000 0.000000 0.000000</row0>
						<row1>0.000000 1.000000 0.000000</row1>
						<row2>0.000000 0.000000 1.000000</row2>
						<row3>0.000000 0.514820 0.000000</row3>
					</transform>
					<node>
						<identifier>Track_VD_L0</identifier>
						<transform>
							<row0>1.000000 0.000000 0.000000</row0>
							<row1>0.000000 1.000000 0.000000</row1>
							<row2>0.000000 0.000000 1.000000</row2>
							<row3>-1.230457 -0.796908 2.373902</row3>
						</transform>
						<node>
							<identifier>Track_VD_L0_BlendBone</identifier>
							<transform>
								<row0>1.000000 0.000000 0.000000</row0>
								<row1>0.000000 1.000000 0.000000</row1>
								<row2>0.000000 0.000000 -1.000000</row2>
								<row3>1.230457 -0.217912 -2.373902</row3>
							</transform>
						</node>
					</node>
					<node>
						<identifier>Track_VD_L1</identifier>
						<transform>
							<row0>1.000000 0.000000 0.000000</row0>
							<row1>0.000000 1.000000 0.000000</row1>
							<row2>0.000000 0.000000 1.000000</row2>
							<row3>-1.230457 -0.892361 -2.515479</row3>
						</transform>
						<node>
							<identifier>Track_VD_L1_BlendBone</identifier>
							<transform>
								<row0>1.000000 0.000000 0.000000</row0>
								<row1>0.000000 1.000000 0.000000</row1>
								<row2>0.000000 0.000000 -1.000000</row2>
								<row3>1.230457 -0.122459 2.515479</row3>
							</transform>
						</node>
					</node>
					<node>
						<identifier>Track_VD_R0</identifier>
						<transform>
							<row0>1.000000 0.000000 0.000000</row0>
							<row1>0.000000 1.000000 0.000000</row1>
							<row2>0.000000 0.000000 1.000000</row2>
							<row3>1.230457 -0.806933 2.383927</row3>
						</transform>
						<node>
							<identifier>Track_VD_R0_BlendBone</identifier>
							<transform>
								<row0>1.000000 0.000000 0.000000</row0>
								<row1>0.000000 1.000000 0.000000</row1>
								<row2>0.000000 0.000000 -1.000000</row2>
								<row3>-1.230457 -0.207887 -2.383927</row3>
							</transform>
						</node>
					</node>
					<node>
						<identifier>Track_VD_R1</identifier>
						<transform>
							<row0>1.000000 0.000000 0.000000</row0>
							<row1>0.000000 1.000000 0.000000</row1>
							<row2>0.000000 0.000000 1.000000</row2>
							<row3>1.230457 -0.893153 -2.516272</row3>
						</transform>
						<node>
							<identifier>Track_VD_R1_BlendBone</identifier>
							<transform>
								<row0>1.000000 0.000000 0.000000</row0>
								<row1>0.000000 1.000000 0.000000</row1>
								<row2>0.000000 0.000000 -1.000000</row2>
								<row3>-1.230457 -0.121667 2.516272</row3>
							</transform>
						</node>
					</node>
					<node>
						<identifier>Track_VT_L0</identifier>
						<transform>
							<row0>1.000000 0.000000 0.000000</row0>
							<row1>0.000000 1.000000 0.000000</row1>
							<row2>0.000000 0.000000 1.000000</row2>
							<row3>-1.230457 0.111014 2.010320</row3>
						</transform>
						<node>
							<identifier>Track_VT_L0_BlendBone</identifier>
							<transform>
								<row0>1.000000 0.000000 0.000000</row0>
								<row1>0.000000 1.000000 0.000000</row1>
								<row2>0.000000 0.000000 -1.000000</row2>
								<row3>1.230457 -1.125834 -2.010320</row3>
							</transform>
						</node>
					</node>
					<node>
						<identifier>Track_VT_L1</identifier>
						<transform>
							<row0>1.000000 0.000000 0.000000</row0>
							<row1>0.000000 1.000000 0.000000</row1>
							<row2>0.000000 0.000000 1.000000</row2>
							<row3>-1.230457 0.059669 0.689517</row3>
						</transform>
						<node>
							<identifier>Track_VT_L1_BlendBone</identifier>
							<transform>
								<row0>1.000000 0.000000 0.000000</row0>
								<row1>0.000000 1.000000 0.000000</row1>
								<row2>0.000000 0.000000 -1.000000</row2>
								<row3>1.230457 -1.074489 -0.689517</row3>
							</transform>
						</node>
					</node>
					<node>
						<identifier>Track_VT_L2</identifier>
						<transform>
							<row0>1.000000 0.000000 0.000000</row0>
							<row1>0.000000 1.000000 0.000000</row1>
							<row2>0.000000 0.000000 1.000000</row2>
							<row3>-1.230457 0.010554 -0.827424</row3>
						</transform>
						<node>
							<identifier>Track_VT_L2_BlendBone</identifier>
							<transform>
								<row0>1.000000 0.000000 0.000000</row0>
								<row1>0.000000 1.000000 0.000000</row1>
								<row2>0.000000 0.000000 -1.000000</row2>
								<row3>1.230457 -1.025374 0.827424</row3>
							</transform>
						</node>
					</node>
					<node>
						<identifier>Track_VT_L3</identifier>
						<transform>
							<row0>1.000000 0.000000 0.000000</row0>
							<row1>0.000000 1.000000 0.000000</row1>
							<row2>0.000000 0.000000 1.000000</row2>
							<row3>-1.230457 -0.076062 -2.101498</row3>
						</transform>
						<node>
							<identifier>Track_VT_L3_BlendBone</identifier>
							<transform>
								<row0>1.000000 0.000000 0.000000</row0>
								<row1>0.000000 1.000000 0.000000</row1>
								<row2>0.000000 0.000000 -1.000000</row2>
								<row3>1.230457 -0.938758 2.101498</row3>
							</transform>
						</node>
					</node>
					<node>
						<identifier>Track_VT_R0</identifier>
						<transform>
							<row0>1.000000 0.000000 0.000000</row0>
							<row1>0.000000 1.000000 0.000000</row1>
							<row2>0.000000 0.000000 1.000000</row2>
							<row3>1.230457 0.108137 2.060013</row3>
						</transform>
						<node>
							<identifier>Track_VT_R0_BlendBone</identifier>
							<transform>
								<row0>1.000000 0.000000 0.000000</row0>
								<row1>0.000000 1.000000 0.000000</row1>
								<row2>0.000000 0.000000 -1.000000</row2>
								<row3>-1.230457 -1.122957 -2.060013</row3>
							</transform>
						</node>
					</node>
					<node>
						<identifier>Track_VT_R1</identifier>
						<transform>
							<row0>1.000000 0.000000 0.000000</row0>
							<row1>0.000000 1.000000 0.000000</row1>
							<row2>0.000000 0.000000 1.000000</row2>
							<row3>1.230457 0.063893 0.789581</row3>
						</transform>
						<node>
							<identifier>Track_VT_R1_BlendBone</identifier>
							<transform>
								<row0>1.000000 0.000000 0.000000</row0>
								<row1>0.000000 1.000000 0.000000</row1>
								<row2>0.000000 0.000000 -1.000000</row2>
								<row3>-1.230457 -1.078713 -0.789581</row3>
							</transform>
						</node>
					</node>
					<node>
						<identifier>Track_VT_R2</identifier>
						<transform>
							<row0>1.000000 0.000000 0.000000</row0>
							<row1>0.000000 1.000000 0.000000</row1>
							<row2>0.000000 0.000000 1.000000</row2>
							<row3>1.230457 0.015771 -0.727338</row3>
						</transform>
						<node>
							<identifier>Track_VT_R2_BlendBone</identifier>
							<transform>
								<row0>1.000000 0.000000 0.000000</row0>
								<row1>0.000000 1.000000 0.000000</row1>
								<row2>0.000000 0.000000 -1.000000</row2>
								<row3>-1.230457 -1.030591 0.727338</row3>
							</transform>
						</node>
					</node>
					<node>
						<identifier>Track_VT_R3</identifier>
						<transform>
							<row0>1.000000 0.000000 0.000000</row0>
							<row1>0.000000 1.000000 0.000000</row1>
							<row2>0.000000 0.000000 1.000000</row2>
							<row3>1.230457 -0.069415 -2.051783</row3>
						</transform>
						<node>
							<identifier>Track_VT_R3_BlendBone</identifier>
							<transform>
								<row0>1.000000 0.000000 0.000000</row0>
								<row1>0.000000 1.000000 0.000000</row1>
								<row2>0.000000 0.000000 -1.000000</row2>
								<row3>-1.230457 -0.945405 2.051783</row3>
							</transform>
						</node>
					</node>
					<node>
						<identifier>WD_L0</identifier>
						<transform>
							<row0>1.000000 0.000000 0.000000</row0>
							<row1>0.000000 0.965756 -0.259453</row1>
							<row2>0.000000 0.259453 0.965756</row2>
							<row3>-1.230457 -0.232877 2.571814</row3>
						</transform>
						<node>
							<identifier>WD_L0_BlendBone</identifier>
							<transform>
								<row0>1.000000 0.000000 0.000000</row0>
								<row1>0.000000 0.965756 0.259453</row1>
								<row2>0.000000 0.259453 -0.965756</row2>
								<row3>1.230457 -0.087902 -2.686622</row3>
							</transform>
						</node>
					</node>
					<node>
						<identifier>WD_L1</identifier>
						<transform>
							<row0>1.000000 0.000000 0.000000</row0>
							<row1>0.000000 0.965756 -0.259453</row1>
							<row2>0.000000 0.259453 0.965756</row2>
							<row3>-1.230457 -0.109339 1.448825</row3>
						</transform>
						<node>
							<identifier>WD_L1_BlendBone</identifier>
							<transform>
								<row0>1.000000 0.000000 0.000000</row0>
								<row1>0.000000 0.965756 0.259453</row1>
								<row2>0.000000 0.259453 -0.965756</row2>
								<row3>1.230457 -0.498572 -1.634141</row3>
							</transform>
						</node>
					</node>
					<node>
						<identifier>WD_L2</identifier>
						<transform>
							<row0>1.000000 0.000000 0.000000</row0>
							<row1>0.000000 0.965756 -0.259453</row1>
							<row2>0.000000 0.259453 0.965756</row2>
							<row3>-1.230457 -0.157526 -0.069790</row3>
						</transform>
						<node>
							<identifier>WD_L2_BlendBone</identifier>
							<transform>
								<row0>1.000000 0.000000 0.000000</row0>
								<row1>0.000000 0.965756 0.259453</row1>
								<row2>0.000000 0.259453 -0.965756</row2>
								<row3>1.230457 -0.846044 -0.155027</row3>
							</transform>
						</node>
					</node>
					<node>
						<identifier>WD_L3</identifier>
						<transform>
							<row0>1.000000 0.000000 0.000000</row0>
							<row1>0.000000 0.965756 -0.259453</row1>
							<row2>0.000000 0.259453 0.965756</row2>
							<row3>-1.230457 -0.212149 -1.585058</row3>
						</transform>
						<node>
							<identifier>WD_L3_BlendBone</identifier>
							<transform>
								<row0>1.000000 0.000000 0.000000</row0>
								<row1>0.000000 0.965756 0.259453</row1>
								<row2>0.000000 0.259453 -0.965756</row2>
								<row3>1.230457 -1.186432 1.322524</row3>
							</transform>
						</node>
					</node>
					<node>
						<identifier>WD_L4</identifier>
						<transform>
							<row0>1.000000 0.000000 0.000000</row0>
							<row1>0.000000 0.965756 -0.259453</row1>
							<row2>0.000000 0.259453 0.965756</row2>
							<row3>-1.230457 -0.501950 -2.617938</row3>
						</transform>
						<node>
							<identifier>WD_L4_BlendBone</identifier>
							<transform>
								<row0>1.000000 0.000000 0.000000</row0>
								<row1>0.000000 0.965756 0.259453</row1>
								<row2>0.000000 0.259453 -0.965756</row2>
								<row3>1.230457 -1.174539 2.395223</row3>
							</transform>
						</node>
					</node>
					<node>
						<identifier>WD_R0</identifier>
						<transform>
							<row0>1.000000 0.000000 0.000000</row0>
							<row1>0.000000 0.965756 -0.259453</row1>
							<row2>0.000000 0.259453 0.965756</row2>
							<row3>1.230457 -0.232877 2.571814</row3>
						</transform>
						<node>
							<identifier>WD_R0_BlendBone</identifier>
							<transform>
								<row0>1.000000 0.000000 0.000000</row0>
								<row1>0.000000 0.965756 0.259453</row1>
								<row2>0.000000 0.259453 -0.965756</row2>
								<row3>-1.230457 -0.087902 -2.686622</row3>
							</transform>
						</node>
					</node>
					<node>
						<identifier>WD_R1</identifier>
						<transform>
							<row0>1.000000 0.000000 0.000000</row0>
							<row1>0.000000 0.965756 -0.259453</row1>
							<row2>0.000000 0.259453 0.965756</row2>
							<row3>1.230457 -0.102505 1.548211</row3>
						</transform>
						<node>
							<identifier>WD_R1_BlendBone</identifier>
							<transform>
								<row0>1.000000 0.000000 0.000000</row0>
								<row1>0.000000 0.965756 0.259453</row1>
								<row2>0.000000 0.259453 -0.965756</row2>
								<row3>-1.230457 -0.479386 -1.731896</row3>
							</transform>
						</node>
					</node>
					<node>
						<identifier>WD_R2</identifier>
						<transform>
							<row0>1.000000 0.000000 0.000000</row0>
							<row1>0.000000 0.965756 -0.259453</row1>
							<row2>0.000000 0.259453 0.965756</row2>
							<row3>1.230457 -0.150855 0.030951</row3>
						</transform>
						<node>
							<identifier>WD_R2_BlendBone</identifier>
							<transform>
								<row0>1.000000 0.000000 0.000000</row0>
								<row1>0.000000 0.965756 0.259453</row1>
								<row2>0.000000 0.259453 -0.965756</row2>
								<row3>-1.230457 -0.826349 -0.254049</row3>
							</transform>
						</node>
					</node>
					<node>
						<identifier>WD_R3</identifier>
						<transform>
							<row0>1.000000 0.000000 0.000000</row0>
							<row1>0.000000 0.965756 -0.259453</row1>
							<row2>0.000000 0.259453 0.965756</row2>
							<row3>1.230457 -0.204370 -1.485628</row3>
						</transform>
						<node>
							<identifier>WD_R3_BlendBone</identifier>
							<transform>
								<row0>1.000000 0.000000 0.000000</row0>
								<row1>0.000000 0.965756 0.259453</row1>
								<row2>0.000000 0.259453 -0.965756</row2>
								<row3>-1.230457 -1.168147 1.224480</row3>
							</transform>
						</node>
					</node>
					<node>
						<identifier>WD_R4</identifier>
						<transform>
							<row0>1.000000 0.000000 0.000000</row0>
							<row1>0.000000 0.965756 -0.259453</row1>
							<row2>0.000000 0.259453 0.965756</row2>
							<row3>1.230457 -0.501950 -2.617938</row3>
						</transform>
						<node>
							<identifier>WD_R4_BlendBone</identifier>
							<transform>
								<row0>1.000000 0.000000 0.000000</row0>
								<row1>0.000000 0.965756 0.259453</row1>
								<row2>0.000000 0.259453 -0.965756</row2>
								<row3>-1.230457 -1.174539 2.395223</row3>
							</transform>
						</node>
					</node>
					<node>
						<identifier>V_BlendBone</identifier>
						<transform>
							<row0>1.000000 0.000000 0.000000</row0>
							<row1>0.000000 1.000000 0.000000</row1>
							<row2>0.000000 0.000000 -1.000000</row2>
							<row3>0.000000 -1.014820 0.000000</row3>
						</transform>
					</node>
				</node>
			</node>
		</node>
	</node>
	<renderSet>
		<treatAsWorldSpaceObject>true</treatAsWorldSpaceObject>
		<node>V_BlendBone</node>
		<node>Track_VT_R0_BlendBone</node>
		<node>Track_VD_R0_BlendBone</node>
		<node>Track_R5_BlendBone</node>
		<node>Track_VD_R1_BlendBone</node>
		<node>Track_R4_BlendBone</node>
		<node>Track_R3_BlendBone</node>
		<node>Track_R2_BlendBone</node>
		<node>Track_R1_BlendBone</node>
		<node>Track_R0_BlendBone</node>
		<node>Track_VT_R2_BlendBone</node>
		<node>Track_VT_R1_BlendBone</node>
		<node>Track_VT_R3_BlendBone</node>
		<geometry>
			<vertices>track_R_Shape.vertices</vertices>
			<stream>track_R_Shape.uv2</stream>
			<primitive>track_R_Shape.indices</primitive>
			<primitiveGroup>
				0
				<material>
					<identifier>track_mat_R_skinned</identifier>
					<collisionFlags>0</collisionFlags>
					<materialKind>0</materialKind>
					<fx>shaders/std_effects/PBS_tank_uvtransform_skinned_ao.fx</fx>
					<property>
						metallicGlossMap
						<Texture>vehicles/sweden/tracks/Leo_track_GMM.dds</Texture>
					</property>
					<property>
						normalMap
						<Texture>vehicles/sweden/tracks/Leo_track_ANM.dds</Texture>
					</property>
					<property>
						diffuseMap
						<Texture>vehicles/sweden/tracks/Leo_track_AM.dds</Texture>
					</property>
					<property>
						alphaReference
						<Int>64</Int>
					</property>
					<property>
						alphaTestEnable
						<Bool>true</Bool>
					</property>
					<property>
						doubleSided
						<Bool>true</Bool>
					</property>
					<property>
						g_useNormalPackDXT1
						<Bool>false</Bool>
					</property>
				</material>
				<groupOrigin>1.230457 0.584044 0.005544</groupOrigin>
			</primitiveGroup>
		</geometry>
	</renderSet>
	<renderSet>
		<treatAsWorldSpaceObject>true</treatAsWorldSpaceObject>
		<node>Track_L4_BlendBone</node>
		<node>Track_L5_BlendBone</node>
		<node>Track_L3_BlendBone</node>
		<node>Track_L2_BlendBone</node>
		<node>Track_L1_BlendBone</node>
		<node>Track_L0_BlendBone</node>
		<node>V_BlendBone</node>
		<node>Track_VT_L0_BlendBone</node>
		<node>Track_VD_L0_BlendBone</node>
		<node>Track_VD_L1_BlendBone</node>
		<node>Track_VT_L3_BlendBone</node>
		<node>Track_VT_L2_BlendBone</node>
		<node>Track_VT_L1_BlendBone</node>
		<geometry>
			<vertices>track_L_Shape.vertices</vertices>
			<stream>track_L_Shape.uv2</stream>
			<primitive>track_L_Shape.indices</primitive>
			<primitiveGroup>
				0
				<material>
					<identifier>track_mat_L_skinned</identifier>
					<collisionFlags>0</collisionFlags>
					<materialKind>0</materialKind>
					<fx>shaders/std_effects/PBS_tank_uvtransform_skinned_ao.fx</fx>
					<property>
						metallicGlossMap
						<Texture>vehicles/sweden/tracks/Leo_track_GMM.dds</Texture>
					</property>
					<property>
						normalMap
						<Texture>vehicles/sweden/tracks/Leo_track_ANM.dds</Texture>
					</property>
					<property>
						diffuseMap
						<Texture>vehicles/sweden/tracks/Leo_track_AM.dds</Texture>
					</property>
					<property>
						alphaReference
						<Int>64</Int>
					</property>
					<property>
						alphaTestEnable
						<Bool>true</Bool>
					</property>
					<property>
						doubleSided
						<Bool>true</Bool>
					</property>
					<property>
						g_useNormalPackDXT1
						<Bool>false</Bool>
					</property>
				</material>
				<groupOrigin>-1.230457 0.586852 0.004810</groupOrigin>
			</primitiveGroup>
		</geometry>
	</renderSet>
	<renderSet>
		<treatAsWorldSpaceObject>true</treatAsWorldSpaceObject>
		<node>WD_L4_BlendBone</node>
		<node>WD_L3_BlendBone</node>
		<node>WD_L2_BlendBone</node>
		<node>WD_L1_BlendBone</node>
		<node>WD_L0_BlendBone</node>
		<node>W_L5_BlendBone</node>
		<node>W_L4_BlendBone</node>
		<node>W_L3_BlendBone</node>
		<node>W_L2_BlendBone</node>
		<node>W_L1_BlendBone</node>
		<node>W_L0_BlendBone</node>
		<node>Track_L1_BlendBone</node>
		<node>V_BlendBone</node>
		<node>Track_L0_BlendBone</node>
		<node>Track_L2_BlendBone</node>
		<node>Track_L3_BlendBone</node>
		<node>Track_L4_BlendBone</node>
		<node>Track_L5_BlendBone</node>
		<geometry>
			<vertices>exportChassL1_Shape.vertices</vertices>
			<primitive>exportChassL1_Shape.indices</primitive>
			<primitiveGroup>
				0
				<material>
					<identifier>tank_chassis_01_skinned</identifier>
					<collisionFlags>0</collisionFlags>
					<materialKind>0</materialKind>
					<fx>shaders/std_effects/PBS_tank_skinned.fx</fx>
					<property>
						metallicGlossMap
						<Texture>vehicles/sweden/S13_Leo/Leo_chassis_01_GMM.dds</Texture>
					</property>
					<property>
						normalMap
						<Texture>vehicles/sweden/S13_Leo/Leo_chassis_01_ANM.dds</Texture>
					</property>
					<property>
						diffuseMap
						<Texture>vehicles/sweden/S13_Leo/Leo_chassis_01_AM.dds</Texture>
					</property>
					<property>
						excludeMaskAndAOMap
						<Texture>vehicles/sweden/S13_Leo/Leo_chassis_01_AO.dds</Texture>
					</property>
					<property>
						colorIdMap
						<Texture>vehicles/russian/common/common_ID.dds</Texture>
					</property>
					<property>
						alphaReference
						<Int>64</Int>
					</property>
					<property>
						alphaTestEnable
						<Bool>true</Bool>
					</property>
					<property>
						g_useNormalPackDXT1
						<Bool>false</Bool>
					</property>
				</material>
				<groupOrigin>-1.224882 0.614601 -0.010327</groupOrigin>
			</primitiveGroup>
		</geometry>
	</renderSet>
	<renderSet>
		<treatAsWorldSpaceObject>true</treatAsWorldSpaceObject>
		<node>WD_R4_BlendBone</node>
		<node>WD_R3_BlendBone</node>
		<node>WD_R2_BlendBone</node>
		<node>WD_R1_BlendBone</node>
		<node>WD_R0_BlendBone</node>
		<node>W_R5_BlendBone</node>
		<node>W_R4_BlendBone</node>
		<node>W_R3_BlendBone</node>
		<node>W_R2_BlendBone</node>
		<node>W_R1_BlendBone</node>
		<node>W_R0_BlendBone</node>
		<node>V_BlendBone</node>
		<node>Track_R0_BlendBone</node>
		<node>Track_R1_BlendBone</node>
		<node>Track_R2_BlendBone</node>
		<node>Track_R3_BlendBone</node>
		<node>Track_R4_BlendBone</node>
		<node>Track_R5_BlendBone</node>
		<geometry>
			<vertices>exportChassR1_Shape.vertices</vertices>
			<primitive>exportChassR1_Shape.indices</primitive>
			<primitiveGroup>
				0
				<material>
					<identifier>tank_chassis_01_skinned</identifier>
					<collisionFlags>0</collisionFlags>
					<materialKind>0</materialKind>
					<fx>shaders/std_effects/PBS_tank_skinned.fx</fx>
					<property>
						metallicGlossMap
						<Texture>vehicles/sweden/S13_Leo/Leo_chassis_01_GMM.dds</Texture>
					</property>
					<property>
						normalMap
						<Texture>vehicles/sweden/S13_Leo/Leo_chassis_01_ANM.dds</Texture>
					</property>
					<property>
						diffuseMap
						<Texture>vehicles/sweden/S13_Leo/Leo_chassis_01_AM.dds</Texture>
					</property>
					<property>
						excludeMaskAndAOMap
						<Texture>vehicles/sweden/S13_Leo/Leo_chassis_01_AO.dds</Texture>
					</property>
					<property>
						colorIdMap
						<Texture>vehicles/russian/common/common_ID.dds</Texture>
					</property>
					<property>
						alphaReference
						<Int>64</Int>
					</property>
					<property>
						alphaTestEnable
						<Bool>true</Bool>
					</property>
					<property>
						g_useNormalPackDXT1
						<Bool>false</Bool>
					</property>
				</material>
				<groupOrigin>1.210711 0.616538 -0.011095</groupOrigin>
			</primitiveGroup>
		</geometry>
	</renderSet>
	<constraints/>
	<boundingBox>
		<min>-1.490992 0.001210 -2.989415</min>
		<max>1.483010 1.189767 2.982415</max>
	</boundingBox>
	<geometrySize>307428</geometrySize>
	<minUVDensity>0.009307</minUVDensity>
</root>
