<?xml version="1.0" encoding="utf-8"?>
<root>
	<node>
		<identifier>Scene Root</identifier>
		<transform>
			<row0>1.000000 0.000000 0.000000</row0>
			<row1>0.000000 1.000000 0.000000</row1>
			<row2>0.000000 0.000000 1.000000</row2>
			<row3>0.000000 0.000000 0.000000</row3>
		</transform>
		<node>
			<identifier>nodes_01</identifier>
			<transform>
				<row0>1.000000 0.000000 0.000000</row0>
				<row1>0.000000 1.000000 0.000000</row1>
				<row2>0.000000 0.000000 1.000000</row2>
				<row3>0.000000 0.000000 0.000000</row3>
			</transform>
			<node>
				<identifier>HP_Track_LFront</identifier>
				<transform>
					<row0>1.000000 0.000000 0.000000</row0>
					<row1>0.000000 0.993847 -0.110758</row1>
					<row2>0.000000 0.110758 0.993847</row2>
					<row3>-1.314863 0.000000 1.512251</row3>
				</transform>
			</node>
			<node>
				<identifier>HP_Track_LRear</identifier>
				<transform>
					<row0>-1.000000 0.000000 0.000000</row0>
					<row1>0.000000 0.994751 0.102324</row1>
					<row2>-0.000000 0.102324 -0.994751</row2>
					<row3>-1.314863 0.000000 -1.512245</row3>
				</transform>
			</node>
			<node>
				<identifier>HP_Track_RFront</identifier>
				<transform>
					<row0>1.000000 0.000000 0.000000</row0>
					<row1>0.000000 0.993847 -0.110758</row1>
					<row2>0.000000 0.110758 0.993847</row2>
					<row3>1.314863 0.000000 1.512251</row3>
				</transform>
			</node>
			<node>
				<identifier>HP_Track_RRear</identifier>
				<transform>
					<row0>-1.000000 0.000000 0.000000</row0>
					<row1>0.000000 0.994751 0.102324</row1>
					<row2>-0.000000 0.102324 -0.994751</row2>
					<row3>1.314863 0.000000 -1.512245</row3>
				</transform>
			</node>
			<node>
				<identifier>HP_gui</identifier>
				<transform>
					<row0>1.000000 0.000000 0.000000</row0>
					<row1>0.000000 0.000000 -1.000000</row1>
					<row2>0.000000 1.000000 0.000000</row2>
					<row3>0.000000 3.701098 0.000000</row3>
				</transform>
			</node>
			<node>
				<identifier>Tank</identifier>
				<transform>
					<row0>1.000000 0.000000 0.000000</row0>
					<row1>0.000000 1.000000 0.000000</row1>
					<row2>0.000000 0.000000 1.000000</row2>
					<row3>0.000000 0.000000 -0.008279</row3>
				</transform>
				<node>
					<identifier>V</identifier>
					<transform>
						<row0>1.000000 0.000000 0.000000</row0>
						<row1>0.000000 1.000000 0.000000</row1>
						<row2>0.000000 0.000000 1.000000</row2>
						<row3>0.000000 0.503458 0.000000</row3>
					</transform>
					<node>
						<identifier>Lever_Start_L0</identifier>
						<transform>
							<row0>0.999998 0.001305 0.001768</row0>
							<row1>-0.001439 0.996921 0.078400</row1>
							<row2>-0.001660 -0.078402 0.996920</row2>
							<row3>-1.298901 -0.019325 1.088251</row3>
						</transform>
						<node>
							<identifier>Lever_Joint_L0</identifier>
							<transform>
								<row0>1.000000 -0.000000 -0.000000</row0>
								<row1>0.000000 0.996917 -0.078459</row1>
								<row2>-0.000000 0.078459 0.996917</row2>
								<row3>-0.015962 0.000040 0.358306</row3>
							</transform>
							<node>
								<identifier>Track_L0</identifier>
								<transform>
									<row0>1.000000 0.000000 -0.000000</row0>
									<row1>-0.000000 1.000000 0.000000</row1>
									<row2>0.000000 0.000000 1.000000</row2>
									<row3>0.000000 -0.456060 0.000000</row3>
								</transform>
								<node>
									<identifier>Track_L0_BlendBone</identifier>
									<transform>
										<row0>0.999998 -0.001305 -0.001768</row0>
										<row1>0.001305 0.999999 0.000057</row1>
										<row2>-0.001768 0.000059 -0.999998</row2>
										<row3>1.312319 -0.001630 -1.439499</row3>
									</transform>
								</node>
							</node>
						</node>
						<node>
							<identifier>W_L0</identifier>
							<transform>
								<row0>1.000000 -0.000000 -0.000000</row0>
								<row1>-0.000000 1.000000 0.000000</row1>
								<row2>-0.000000 -0.000000 1.000000</row2>
								<row3>-0.015962 0.000040 0.358306</row3>
							</transform>
							<node>
								<identifier>W_L0_BlendBone</identifier>
								<transform>
									<row0>0.999998 -0.001439 -0.001660</row0>
									<row1>0.001305 0.996921 -0.078402</row1>
									<row2>-0.001768 -0.078400 -0.996921</row2>
									<row3>1.312319 -0.569221 -1.399152</row3>
								</transform>
							</node>
						</node>
						<node>
							<identifier>Lever_Start_L0_BlendBone</identifier>
							<transform>
								<row0>0.999998 -0.001439 -0.001660</row0>
								<row1>0.001305 0.996921 -0.078402</row1>
								<row2>-0.001768 -0.078400 -0.996921</row2>
								<row3>1.296357 -0.569181 -1.040846</row3>
							</transform>
						</node>
					</node>
					<node>
						<identifier>Lever_Start_L1</identifier>
						<transform>
							<row0>0.999998 0.001301 -0.001797</row0>
							<row1>-0.001438 0.996921 -0.078399</row1>
							<row2>0.001689 0.078401 0.996920</row2>
							<row3>-1.298901 -0.020220 0.828331</row3>
						</transform>
						<node>
							<identifier>Lever_Joint_L1</identifier>
							<transform>
								<row0>1.000000 0.000000 0.000000</row0>
								<row1>-0.000000 0.996917 0.078459</row1>
								<row2>0.000000 -0.078459 0.996917</row2>
								<row3>-0.015962 0.000348 -0.350821</row3>
							</transform>
							<node>
								<identifier>Track_L1</identifier>
								<transform>
									<row0>1.000000 -0.000000 0.000000</row0>
									<row1>-0.000000 1.000000 -0.000000</row1>
									<row2>0.000000 -0.000000 1.000000</row2>
									<row3>0.000000 -0.456060 -0.000000</row3>
								</transform>
								<node>
									<identifier>Track_L1_BlendBone</identifier>
									<transform>
										<row0>0.999998 -0.001301 0.001797</row0>
										<row1>0.001301 0.999999 -0.000058</row1>
										<row2>0.001797 -0.000061 -0.999998</row2>
										<row3>1.315705 -0.001739 -0.467922</row3>
									</transform>
								</node>
							</node>
							<node>
								<identifier>Lever_Joint_L1_BlendBone</identifier>
								<transform>
									<row0>0.999998 -0.001301 0.001797</row0>
									<row1>0.001301 0.999999 -0.000058</row1>
									<row2>0.001797 -0.000061 -0.999998</row2>
									<row3>1.315705 -0.457798 -0.467922</row3>
								</transform>
							</node>
						</node>
						<node>
							<identifier>W_L1</identifier>
							<transform>
								<row0>1.000000 0.000000 0.000000</row0>
								<row1>-0.000000 1.000000 -0.000000</row1>
								<row2>0.000000 0.000000 1.000000</row2>
								<row3>-0.015962 0.000348 -0.350821</row3>
							</transform>
							<node>
								<identifier>W_L1_BlendBone</identifier>
								<transform>
									<row0>0.999998 -0.001438 0.001689</row0>
									<row1>0.001301 0.996921 0.078401</row1>
									<row2>0.001797 0.078399 -0.996920</row2>
									<row3>1.315705 -0.419674 -0.502398</row3>
								</transform>
							</node>
						</node>
						<node>
							<identifier>Lever_Start_L1_BlendBone</identifier>
							<transform>
								<row0>0.999998 -0.001438 0.001689</row0>
								<row1>0.001301 0.996921 0.078401</row1>
								<row2>0.001797 0.078399 -0.996920</row2>
								<row3>1.299743 -0.419327 -0.853218</row3>
							</transform>
						</node>
					</node>
					<node>
						<identifier>Lever_Start_L2</identifier>
						<transform>
							<row0>0.999998 0.001306 0.001764</row0>
							<row1>-0.001440 0.996921 0.078400</row1>
							<row2>-0.001656 -0.078402 0.996920</row2>
							<row3>-1.298901 -0.019325 -0.809816</row3>
						</transform>
						<node>
							<identifier>Lever_Joint_L2</identifier>
							<transform>
								<row0>1.000000 -0.000000 -0.000000</row0>
								<row1>0.000000 0.996917 -0.078459</row1>
								<row2>0.000000 0.078459 0.996917</row2>
								<row3>-0.015962 0.000133 0.359490</row3>
							</transform>
							<node>
								<identifier>Track_L2</identifier>
								<transform>
									<row0>1.000000 -0.000000 0.000000</row0>
									<row1>0.000000 1.000000 -0.000000</row1>
									<row2>-0.000000 -0.000000 1.000000</row2>
									<row3>0.000000 -0.456060 -0.000000</row3>
								</transform>
								<node>
									<identifier>Track_L2_BlendBone</identifier>
									<transform>
										<row0>0.999997 -0.001306 -0.001764</row0>
										<row1>0.001306 0.999999 0.000057</row1>
										<row2>-0.001764 0.000059 -0.999998</row2>
										<row3>1.315671 -0.001744 0.457383</row3>
									</transform>
								</node>
							</node>
							<node>
								<identifier>Lever_Joint_L2_BlendBone</identifier>
								<transform>
									<row0>0.999997 -0.001306 -0.001764</row0>
									<row1>0.001306 0.999999 0.000057</row1>
									<row2>-0.001764 0.000059 -0.999998</row2>
									<row3>1.315671 -0.457804 0.457383</row3>
								</transform>
							</node>
						</node>
						<node>
							<identifier>W_L2</identifier>
							<transform>
								<row0>1.000000 -0.000000 -0.000000</row0>
								<row1>0.000000 1.000000 0.000000</row1>
								<row2>0.000000 0.000000 1.000000</row2>
								<row3>-0.015962 0.000133 0.359490</row3>
							</transform>
							<node>
								<identifier>W_L2_BlendBone</identifier>
								<transform>
									<row0>0.999998 -0.001440 -0.001656</row0>
									<row1>0.001306 0.996921 -0.078402</row1>
									<row2>-0.001764 -0.078400 -0.996920</row2>
									<row3>1.315671 -0.420507 0.491892</row3>
								</transform>
							</node>
						</node>
						<node>
							<identifier>Lever_Start_L2_BlendBone</identifier>
							<transform>
								<row0>0.999998 -0.001440 -0.001656</row0>
								<row1>0.001306 0.996921 -0.078402</row1>
								<row2>-0.001764 -0.078400 -0.996920</row2>
								<row3>1.299709 -0.420374 0.851383</row3>
							</transform>
						</node>
					</node>
					<node>
						<identifier>Lever_Start_L3</identifier>
						<transform>
							<row0>0.999998 0.001305 -0.001779</row0>
							<row1>-0.001441 0.996921 -0.078399</row1>
							<row2>0.001671 0.078402 0.996920</row2>
							<row3>-1.298901 -0.020220 -1.069736</row3>
						</transform>
						<node>
							<identifier>Lever_Joint_L3</identifier>
							<transform>
								<row0>1.000000 -0.000000 -0.000000</row0>
								<row1>0.000000 0.996917 0.078459</row1>
								<row2>-0.000000 -0.078459 0.996917</row2>
								<row3>-0.015962 0.000717 -0.355509</row3>
							</transform>
							<node>
								<identifier>Track_L3</identifier>
								<transform>
									<row0>1.000000 -0.000000 -0.000000</row0>
									<row1>-0.000000 1.000000 -0.000000</row1>
									<row2>-0.000000 0.000000 1.000000</row2>
									<row3>0.000000 -0.456060 0.000000</row3>
								</transform>
								<node>
									<identifier>Track_L3_BlendBone</identifier>
									<transform>
										<row0>0.999998 -0.001305 0.001779</row0>
										<row1>0.001305 0.999999 -0.000058</row1>
										<row2>0.001779 -0.000060 -0.999998</row2>
										<row3>1.312312 -0.001630 1.434822</row3>
									</transform>
								</node>
							</node>
							<node>
								<identifier>Lever_Joint_L3_BlendBone</identifier>
								<transform>
									<row0>0.999998 -0.001305 0.001779</row0>
									<row1>0.001305 0.999999 -0.000058</row1>
									<row2>0.001779 -0.000060 -0.999998</row2>
									<row3>1.312312 -0.457690 1.434822</row3>
								</transform>
							</node>
						</node>
						<node>
							<identifier>W_L3</identifier>
							<transform>
								<row0>1.000000 0.000000 -0.000000</row0>
								<row1>-0.000000 1.000000 0.000000</row1>
								<row2>0.000000 0.000000 1.000000</row2>
								<row3>-0.015962 0.000717 -0.355509</row3>
							</transform>
							<node>
								<identifier>W_L3_BlendBone</identifier>
								<transform>
									<row0>0.999998 -0.001441 0.001671</row0>
									<row1>0.001305 0.996921 0.078402</row1>
									<row2>0.001779 0.078399 -0.996920</row2>
									<row3>1.312312 -0.568854 1.394489</row3>
								</transform>
							</node>
						</node>
						<node>
							<identifier>Lever_Start_L3_BlendBone</identifier>
							<transform>
								<row0>0.999998 -0.001441 0.001671</row0>
								<row1>0.001305 0.996921 0.078402</row1>
								<row2>0.001779 0.078399 -0.996920</row2>
								<row3>1.296349 -0.568137 1.038980</row3>
							</transform>
						</node>
					</node>
					<node>
						<identifier>Lever_Start_R0</identifier>
						<transform>
							<row0>0.999998 -0.001305 -0.001768</row0>
							<row1>0.001439 0.996921 0.078400</row1>
							<row2>0.001660 -0.078402 0.996920</row2>
							<row3>1.298901 -0.019325 1.088251</row3>
						</transform>
						<node>
							<identifier>Lever_Joint_R0</identifier>
							<transform>
								<row0>1.000000 -0.000000 -0.000000</row0>
								<row1>-0.000000 0.996917 -0.078459</row1>
								<row2>0.000000 0.078459 0.996917</row2>
								<row3>0.015962 0.000040 0.358306</row3>
							</transform>
							<node>
								<identifier>Track_R0</identifier>
								<transform>
									<row0>1.000000 0.000000 0.000000</row0>
									<row1>-0.000000 1.000000 -0.000000</row1>
									<row2>-0.000000 -0.000000 1.000000</row2>
									<row3>0.000000 -0.456060 0.000000</row3>
								</transform>
								<node>
									<identifier>Track_R0_BlendBone</identifier>
									<transform>
										<row0>0.999998 0.001305 0.001768</row0>
										<row1>-0.001305 0.999999 0.000057</row1>
										<row2>0.001768 0.000059 -0.999998</row2>
										<row3>-1.312319 -0.001630 -1.439499</row3>
									</transform>
								</node>
							</node>
							<node>
								<identifier>Lever_Joint_R0_BlendBone</identifier>
								<transform>
									<row0>0.999998 0.001305 0.001768</row0>
									<row1>-0.001305 0.999999 0.000057</row1>
									<row2>0.001768 0.000059 -0.999998</row2>
									<row3>-1.312319 -0.457690 -1.439499</row3>
								</transform>
							</node>
						</node>
						<node>
							<identifier>W_R0</identifier>
							<transform>
								<row0>1.000000 -0.000000 -0.000000</row0>
								<row1>0.000000 1.000000 0.000000</row1>
								<row2>0.000000 -0.000000 1.000000</row2>
								<row3>0.015962 0.000040 0.358306</row3>
							</transform>
							<node>
								<identifier>W_R0_BlendBone</identifier>
								<transform>
									<row0>0.999998 0.001439 0.001660</row0>
									<row1>-0.001305 0.996921 -0.078402</row1>
									<row2>0.001768 -0.078400 -0.996921</row2>
									<row3>-1.312319 -0.569221 -1.399152</row3>
								</transform>
							</node>
						</node>
						<node>
							<identifier>Lever_Start_R0_BlendBone</identifier>
							<transform>
								<row0>0.999998 0.001439 0.001660</row0>
								<row1>-0.001305 0.996921 -0.078402</row1>
								<row2>0.001768 -0.078400 -0.996921</row2>
								<row3>-1.296357 -0.569181 -1.040846</row3>
							</transform>
						</node>
					</node>
					<node>
						<identifier>Lever_Start_R1</identifier>
						<transform>
							<row0>0.999998 -0.001301 0.001797</row0>
							<row1>0.001438 0.996921 -0.078399</row1>
							<row2>-0.001689 0.078401 0.996920</row2>
							<row3>1.298901 -0.020220 0.828331</row3>
						</transform>
						<node>
							<identifier>Lever_Joint_R1</identifier>
							<transform>
								<row0>1.000000 -0.000000 0.000000</row0>
								<row1>0.000000 0.996917 0.078459</row1>
								<row2>0.000000 -0.078459 0.996917</row2>
								<row3>0.015962 0.000348 -0.350821</row3>
							</transform>
							<node>
								<identifier>Track_R1</identifier>
								<transform>
									<row0>1.000000 -0.000000 -0.000000</row0>
									<row1>0.000000 1.000000 0.000000</row1>
									<row2>0.000000 0.000000 1.000000</row2>
									<row3>0.000000 -0.456060 -0.000000</row3>
								</transform>
								<node>
									<identifier>Track_R1_BlendBone</identifier>
									<transform>
										<row0>0.999998 0.001301 -0.001797</row0>
										<row1>-0.001301 0.999999 -0.000058</row1>
										<row2>-0.001797 -0.000061 -0.999998</row2>
										<row3>-1.315705 -0.001739 -0.467922</row3>
									</transform>
								</node>
							</node>
							<node>
								<identifier>Lever_Joint_R1_BlendBone</identifier>
								<transform>
									<row0>0.999998 0.001301 -0.001797</row0>
									<row1>-0.001301 0.999999 -0.000058</row1>
									<row2>-0.001797 -0.000061 -0.999998</row2>
									<row3>-1.315705 -0.457798 -0.467922</row3>
								</transform>
							</node>
						</node>
						<node>
							<identifier>W_R1</identifier>
							<transform>
								<row0>1.000000 -0.000000 0.000000</row0>
								<row1>0.000000 1.000000 0.000000</row1>
								<row2>0.000000 0.000000 1.000000</row2>
								<row3>0.015962 0.000348 -0.350821</row3>
							</transform>
							<node>
								<identifier>W_R1_BlendBone</identifier>
								<transform>
									<row0>0.999998 0.001438 -0.001689</row0>
									<row1>-0.001301 0.996921 0.078401</row1>
									<row2>-0.001797 0.078399 -0.996920</row2>
									<row3>-1.315705 -0.419674 -0.502398</row3>
								</transform>
							</node>
						</node>
						<node>
							<identifier>Lever_Start_R1_BlendBone</identifier>
							<transform>
								<row0>0.999998 0.001438 -0.001689</row0>
								<row1>-0.001301 0.996921 0.078401</row1>
								<row2>-0.001797 0.078399 -0.996920</row2>
								<row3>-1.299743 -0.419327 -0.853218</row3>
							</transform>
						</node>
					</node>
					<node>
						<identifier>Lever_Start_R2</identifier>
						<transform>
							<row0>0.999998 -0.001306 -0.001764</row0>
							<row1>0.001440 0.996921 0.078400</row1>
							<row2>0.001656 -0.078402 0.996920</row2>
							<row3>1.298901 -0.019325 -0.809816</row3>
						</transform>
						<node>
							<identifier>Lever_Joint_R2</identifier>
							<transform>
								<row0>1.000000 -0.000000 0.000000</row0>
								<row1>-0.000000 0.996917 -0.078459</row1>
								<row2>0.000000 0.078459 0.996917</row2>
								<row3>0.015962 0.000133 0.359490</row3>
							</transform>
							<node>
								<identifier>Track_R2</identifier>
								<transform>
									<row0>1.000000 -0.000000 -0.000000</row0>
									<row1>0.000000 1.000000 -0.000000</row1>
									<row2>0.000000 -0.000000 1.000000</row2>
									<row3>0.000000 -0.456060 -0.000000</row3>
								</transform>
								<node>
									<identifier>Track_R2_BlendBone</identifier>
									<transform>
										<row0>0.999997 0.001306 0.001764</row0>
										<row1>-0.001306 0.999999 0.000057</row1>
										<row2>0.001764 0.000059 -0.999998</row2>
										<row3>-1.315671 -0.001744 0.457383</row3>
									</transform>
								</node>
							</node>
							<node>
								<identifier>Lever_Joint_R2_BlendBone</identifier>
								<transform>
									<row0>0.999997 0.001306 0.001764</row0>
									<row1>-0.001306 0.999999 0.000057</row1>
									<row2>0.001764 0.000059 -0.999998</row2>
									<row3>-1.315671 -0.457804 0.457383</row3>
								</transform>
							</node>
						</node>
						<node>
							<identifier>W_R2</identifier>
							<transform>
								<row0>1.000000 -0.000000 0.000000</row0>
								<row1>0.000000 1.000000 0.000000</row1>
								<row2>0.000000 0.000000 1.000000</row2>
								<row3>0.015962 0.000133 0.359490</row3>
							</transform>
							<node>
								<identifier>W_R2_BlendBone</identifier>
								<transform>
									<row0>0.999998 0.001440 0.001656</row0>
									<row1>-0.001306 0.996921 -0.078402</row1>
									<row2>0.001764 -0.078400 -0.996920</row2>
									<row3>-1.315671 -0.420506 0.491892</row3>
								</transform>
							</node>
						</node>
						<node>
							<identifier>Lever_Start_R2_BlendBone</identifier>
							<transform>
								<row0>0.999998 0.001440 0.001656</row0>
								<row1>-0.001306 0.996921 -0.078402</row1>
								<row2>0.001764 -0.078400 -0.996920</row2>
								<row3>-1.299709 -0.420373 0.851383</row3>
							</transform>
						</node>
					</node>
					<node>
						<identifier>Lever_Start_R3</identifier>
						<transform>
							<row0>0.999998 -0.001305 0.001779</row0>
							<row1>0.001441 0.996921 -0.078399</row1>
							<row2>-0.001671 0.078402 0.996920</row2>
							<row3>1.298901 -0.020220 -1.069736</row3>
						</transform>
						<node>
							<identifier>Lever_Joint_R3</identifier>
							<transform>
								<row0>1.000000 -0.000000 -0.000000</row0>
								<row1>-0.000000 0.996917 0.078459</row1>
								<row2>-0.000000 -0.078459 0.996917</row2>
								<row3>0.015962 0.000717 -0.355509</row3>
							</transform>
							<node>
								<identifier>Track_R3</identifier>
								<transform>
									<row0>1.000000 -0.000000 -0.000000</row0>
									<row1>0.000000 1.000000 -0.000000</row1>
									<row2>-0.000000 0.000000 1.000000</row2>
									<row3>0.000000 -0.456060 0.000000</row3>
								</transform>
								<node>
									<identifier>Track_R3_BlendBone</identifier>
									<transform>
										<row0>0.999998 0.001305 -0.001779</row0>
										<row1>-0.001305 0.999999 -0.000058</row1>
										<row2>-0.001779 -0.000060 -0.999998</row2>
										<row3>-1.312311 -0.001630 1.434822</row3>
									</transform>
								</node>
							</node>
							<node>
								<identifier>Lever_Joint_R3_BlendBone</identifier>
								<transform>
									<row0>0.999998 0.001305 -0.001779</row0>
									<row1>-0.001305 0.999999 -0.000058</row1>
									<row2>-0.001779 -0.000060 -0.999998</row2>
									<row3>-1.312311 -0.457690 1.434822</row3>
								</transform>
							</node>
						</node>
						<node>
							<identifier>W_R3</identifier>
							<transform>
								<row0>1.000000 -0.000000 -0.000000</row0>
								<row1>-0.000000 1.000000 0.000000</row1>
								<row2>0.000000 0.000000 1.000000</row2>
								<row3>0.015962 0.000717 -0.355509</row3>
							</transform>
							<node>
								<identifier>W_R3_BlendBone</identifier>
								<transform>
									<row0>0.999998 0.001441 -0.001671</row0>
									<row1>-0.001305 0.996921 0.078402</row1>
									<row2>-0.001779 0.078399 -0.996920</row2>
									<row3>-1.312311 -0.568854 1.394489</row3>
								</transform>
							</node>
						</node>
						<node>
							<identifier>Lever_Start_R3_BlendBone</identifier>
							<transform>
								<row0>0.999998 0.001441 -0.001671</row0>
								<row1>-0.001305 0.996921 0.078402</row1>
								<row2>-0.001779 0.078399 -0.996920</row2>
								<row3>-1.296349 -0.568137 1.038980</row3>
							</transform>
						</node>
					</node>
					<node>
						<identifier>Track_VD_L0</identifier>
						<transform>
							<row0>1.000000 0.000000 0.000000</row0>
							<row1>0.000000 1.000000 0.000000</row1>
							<row2>0.000000 0.000000 1.000000</row2>
							<row3>-1.314863 -0.177512 2.046361</row3>
						</transform>
						<node>
							<identifier>Track_VD_L0_BlendBone</identifier>
							<transform>
								<row0>1.000000 0.000000 0.000000</row0>
								<row1>0.000000 1.000000 0.000000</row1>
								<row2>0.000000 0.000000 -1.000000</row2>
								<row3>1.314863 -0.325946 -2.038082</row3>
							</transform>
						</node>
					</node>
					<node>
						<identifier>Track_VD_L1</identifier>
						<transform>
							<row0>1.000000 0.000000 0.000000</row0>
							<row1>0.000000 1.000000 0.000000</row1>
							<row2>0.000000 0.000000 1.000000</row2>
							<row3>-1.314863 -0.160514 -2.001700</row3>
						</transform>
						<node>
							<identifier>Track_VD_L1_BlendBone</identifier>
							<transform>
								<row0>1.000000 0.000000 0.000000</row0>
								<row1>0.000000 1.000000 0.000000</row1>
								<row2>0.000000 0.000000 -1.000000</row2>
								<row3>1.314863 -0.342944 2.009980</row3>
							</transform>
						</node>
					</node>
					<node>
						<identifier>Track_VD_R0</identifier>
						<transform>
							<row0>1.000000 0.000000 0.000000</row0>
							<row1>0.000000 1.000000 0.000000</row1>
							<row2>0.000000 0.000000 1.000000</row2>
							<row3>1.314863 -0.177512 2.046361</row3>
						</transform>
						<node>
							<identifier>Track_VD_R0_BlendBone</identifier>
							<transform>
								<row0>1.000000 0.000000 0.000000</row0>
								<row1>0.000000 1.000000 0.000000</row1>
								<row2>0.000000 0.000000 -1.000000</row2>
								<row3>-1.314863 -0.325946 -2.038082</row3>
							</transform>
						</node>
					</node>
					<node>
						<identifier>Track_VD_R1</identifier>
						<transform>
							<row0>1.000000 0.000000 0.000000</row0>
							<row1>0.000000 1.000000 0.000000</row1>
							<row2>0.000000 0.000000 1.000000</row2>
							<row3>1.314863 -0.160514 -2.001701</row3>
						</transform>
						<node>
							<identifier>Track_VD_R1_BlendBone</identifier>
							<transform>
								<row0>1.000000 0.000000 0.000000</row0>
								<row1>0.000000 1.000000 0.000000</row1>
								<row2>0.000000 0.000000 -1.000000</row2>
								<row3>-1.314863 -0.342944 2.009980</row3>
							</transform>
						</node>
					</node>
					<node>
						<identifier>Track_VT_L0</identifier>
						<transform>
							<row0>1.000000 0.000000 0.000000</row0>
							<row1>0.000000 1.000000 0.000000</row1>
							<row2>0.000000 0.000000 1.000000</row2>
							<row3>-1.314863 0.562668 1.441777</row3>
						</transform>
						<node>
							<identifier>Track_VT_L0_BlendBone</identifier>
							<transform>
								<row0>1.000000 0.000000 0.000000</row0>
								<row1>0.000000 1.000000 0.000000</row1>
								<row2>0.000000 0.000000 -1.000000</row2>
								<row3>1.314863 -1.066126 -1.433497</row3>
							</transform>
						</node>
					</node>
					<node>
						<identifier>Track_VT_L1</identifier>
						<transform>
							<row0>1.000000 0.000000 0.000000</row0>
							<row1>0.000000 1.000000 0.000000</row1>
							<row2>0.000000 0.000000 1.000000</row2>
							<row3>-1.314863 0.562428 1.002237</row3>
						</transform>
						<node>
							<identifier>Track_VT_L1_BlendBone</identifier>
							<transform>
								<row0>1.000000 0.000000 0.000000</row0>
								<row1>0.000000 1.000000 0.000000</row1>
								<row2>0.000000 0.000000 -1.000000</row2>
								<row3>1.314863 -1.065886 -0.993958</row3>
							</transform>
						</node>
					</node>
					<node>
						<identifier>Track_VT_L2</identifier>
						<transform>
							<row0>1.000000 0.000000 0.000000</row0>
							<row1>0.000000 1.000000 0.000000</row1>
							<row2>0.000000 0.000000 1.000000</row2>
							<row3>-1.314863 0.562188 0.480279</row3>
						</transform>
						<node>
							<identifier>Track_VT_L2_BlendBone</identifier>
							<transform>
								<row0>1.000000 0.000000 0.000000</row0>
								<row1>0.000000 1.000000 0.000000</row1>
								<row2>0.000000 0.000000 -1.000000</row2>
								<row3>1.314863 -1.065645 -0.472000</row3>
							</transform>
						</node>
					</node>
					<node>
						<identifier>Track_VT_L3</identifier>
						<transform>
							<row0>1.000000 0.000000 0.000000</row0>
							<row1>0.000000 1.000000 0.000000</row1>
							<row2>0.000000 0.000000 1.000000</row2>
							<row3>-1.314863 0.561957 0.021775</row3>
						</transform>
						<node>
							<identifier>Track_VT_L3_BlendBone</identifier>
							<transform>
								<row0>1.000000 0.000000 0.000000</row0>
								<row1>0.000000 1.000000 0.000000</row1>
								<row2>0.000000 0.000000 -1.000000</row2>
								<row3>1.314863 -1.065414 -0.013496</row3>
							</transform>
						</node>
					</node>
					<node>
						<identifier>Track_VT_L4</identifier>
						<transform>
							<row0>1.000000 0.000000 0.000000</row0>
							<row1>0.000000 1.000000 0.000000</row1>
							<row2>0.000000 0.000000 1.000000</row2>
							<row3>-1.314863 0.561726 -0.452236</row3>
						</transform>
						<node>
							<identifier>Track_VT_L4_BlendBone</identifier>
							<transform>
								<row0>1.000000 0.000000 0.000000</row0>
								<row1>0.000000 1.000000 0.000000</row1>
								<row2>0.000000 0.000000 -1.000000</row2>
								<row3>1.314863 -1.065183 0.460515</row3>
							</transform>
						</node>
					</node>
					<node>
						<identifier>Track_VT_L5</identifier>
						<transform>
							<row0>1.000000 0.000000 0.000000</row0>
							<row1>0.000000 1.000000 0.000000</row1>
							<row2>0.000000 0.000000 1.000000</row2>
							<row3>-1.314863 0.561484 -0.943699</row3>
						</transform>
						<node>
							<identifier>Track_VT_L5_BlendBone</identifier>
							<transform>
								<row0>1.000000 0.000000 0.000000</row0>
								<row1>0.000000 1.000000 0.000000</row1>
								<row2>0.000000 0.000000 -1.000000</row2>
								<row3>1.314863 -1.064942 0.951979</row3>
							</transform>
						</node>
					</node>
					<node>
						<identifier>Track_VT_L6</identifier>
						<transform>
							<row0>1.000000 0.000000 0.000000</row0>
							<row1>0.000000 1.000000 0.000000</row1>
							<row2>0.000000 0.000000 1.000000</row2>
							<row3>-1.314863 0.561243 -1.426933</row3>
						</transform>
						<node>
							<identifier>Track_VT_L6_BlendBone</identifier>
							<transform>
								<row0>1.000000 0.000000 0.000000</row0>
								<row1>0.000000 1.000000 0.000000</row1>
								<row2>0.000000 0.000000 -1.000000</row2>
								<row3>1.314863 -1.064700 1.435212</row3>
							</transform>
						</node>
					</node>
					<node>
						<identifier>Track_VT_R0</identifier>
						<transform>
							<row0>1.000000 0.000000 0.000000</row0>
							<row1>0.000000 1.000000 0.000000</row1>
							<row2>0.000000 0.000000 1.000000</row2>
							<row3>1.314863 0.562668 1.441777</row3>
						</transform>
						<node>
							<identifier>Track_VT_R0_BlendBone</identifier>
							<transform>
								<row0>1.000000 0.000000 0.000000</row0>
								<row1>0.000000 1.000000 0.000000</row1>
								<row2>0.000000 0.000000 -1.000000</row2>
								<row3>-1.314863 -1.066126 -1.433497</row3>
							</transform>
						</node>
					</node>
					<node>
						<identifier>Track_VT_R1</identifier>
						<transform>
							<row0>1.000000 0.000000 0.000000</row0>
							<row1>0.000000 1.000000 0.000000</row1>
							<row2>0.000000 0.000000 1.000000</row2>
							<row3>1.314863 0.562428 1.002237</row3>
						</transform>
						<node>
							<identifier>Track_VT_R1_BlendBone</identifier>
							<transform>
								<row0>1.000000 0.000000 0.000000</row0>
								<row1>0.000000 1.000000 0.000000</row1>
								<row2>0.000000 0.000000 -1.000000</row2>
								<row3>-1.314863 -1.065886 -0.993958</row3>
							</transform>
						</node>
					</node>
					<node>
						<identifier>Track_VT_R2</identifier>
						<transform>
							<row0>1.000000 0.000000 0.000000</row0>
							<row1>0.000000 1.000000 0.000000</row1>
							<row2>0.000000 0.000000 1.000000</row2>
							<row3>1.314863 0.562188 0.480279</row3>
						</transform>
						<node>
							<identifier>Track_VT_R2_BlendBone</identifier>
							<transform>
								<row0>1.000000 0.000000 0.000000</row0>
								<row1>0.000000 1.000000 0.000000</row1>
								<row2>0.000000 0.000000 -1.000000</row2>
								<row3>-1.314863 -1.065645 -0.472000</row3>
							</transform>
						</node>
					</node>
					<node>
						<identifier>Track_VT_R3</identifier>
						<transform>
							<row0>1.000000 0.000000 0.000000</row0>
							<row1>0.000000 1.000000 0.000000</row1>
							<row2>0.000000 0.000000 1.000000</row2>
							<row3>1.314863 0.561957 0.021775</row3>
						</transform>
						<node>
							<identifier>Track_VT_R3_BlendBone</identifier>
							<transform>
								<row0>1.000000 0.000000 0.000000</row0>
								<row1>0.000000 1.000000 0.000000</row1>
								<row2>0.000000 0.000000 -1.000000</row2>
								<row3>-1.314863 -1.065414 -0.013496</row3>
							</transform>
						</node>
					</node>
					<node>
						<identifier>Track_VT_R4</identifier>
						<transform>
							<row0>1.000000 0.000000 0.000000</row0>
							<row1>0.000000 1.000000 0.000000</row1>
							<row2>0.000000 0.000000 1.000000</row2>
							<row3>1.314863 0.561726 -0.452236</row3>
						</transform>
						<node>
							<identifier>Track_VT_R4_BlendBone</identifier>
							<transform>
								<row0>1.000000 0.000000 0.000000</row0>
								<row1>0.000000 1.000000 0.000000</row1>
								<row2>0.000000 0.000000 -1.000000</row2>
								<row3>-1.314863 -1.065183 0.460515</row3>
							</transform>
						</node>
					</node>
					<node>
						<identifier>Track_VT_R5</identifier>
						<transform>
							<row0>1.000000 0.000000 0.000000</row0>
							<row1>0.000000 1.000000 0.000000</row1>
							<row2>0.000000 0.000000 1.000000</row2>
							<row3>1.314863 0.561484 -0.943699</row3>
						</transform>
						<node>
							<identifier>Track_VT_R5_BlendBone</identifier>
							<transform>
								<row0>1.000000 0.000000 0.000000</row0>
								<row1>0.000000 1.000000 0.000000</row1>
								<row2>0.000000 0.000000 -1.000000</row2>
								<row3>-1.314863 -1.064942 0.951979</row3>
							</transform>
						</node>
					</node>
					<node>
						<identifier>Track_VT_R6</identifier>
						<transform>
							<row0>1.000000 0.000000 0.000000</row0>
							<row1>0.000000 1.000000 0.000000</row1>
							<row2>0.000000 0.000000 1.000000</row2>
							<row3>1.314863 0.561242 -1.426933</row3>
						</transform>
						<node>
							<identifier>Track_VT_R6_BlendBone</identifier>
							<transform>
								<row0>1.000000 0.000000 0.000000</row0>
								<row1>0.000000 1.000000 0.000000</row1>
								<row2>0.000000 0.000000 -1.000000</row2>
								<row3>-1.314863 -1.064700 1.435212</row3>
							</transform>
						</node>
					</node>
					<node>
						<identifier>WD_L0</identifier>
						<transform>
							<row0>1.000000 0.000000 0.000000</row0>
							<row1>0.000000 1.000000 0.000000</row1>
							<row2>0.000000 0.000000 1.000000</row2>
							<row3>-1.314863 0.293925 2.347044</row3>
						</transform>
						<node>
							<identifier>WD_L0_BlendBone</identifier>
							<transform>
								<row0>1.000000 0.000000 0.000000</row0>
								<row1>0.000000 1.000000 0.000000</row1>
								<row2>0.000000 0.000000 -1.000000</row2>
								<row3>1.314863 -0.797382 -2.338764</row3>
							</transform>
						</node>
					</node>
					<node>
						<identifier>WD_L1</identifier>
						<transform>
							<row0>1.000000 0.000000 0.000000</row0>
							<row1>0.000000 1.000000 0.000000</row1>
							<row2>0.000000 0.000000 1.000000</row2>
							<row3>-1.314863 0.284030 -2.211511</row3>
						</transform>
						<node>
							<identifier>WD_L1_BlendBone</identifier>
							<transform>
								<row0>1.000000 0.000000 0.000000</row0>
								<row1>0.000000 1.000000 0.000000</row1>
								<row2>0.000000 0.000000 -1.000000</row2>
								<row3>1.314863 -0.787488 2.219791</row3>
							</transform>
						</node>
					</node>
					<node>
						<identifier>WD_R0</identifier>
						<transform>
							<row0>1.000000 0.000000 0.000000</row0>
							<row1>0.000000 1.000000 0.000000</row1>
							<row2>0.000000 0.000000 1.000000</row2>
							<row3>1.314863 0.293925 2.347044</row3>
						</transform>
						<node>
							<identifier>WD_R0_BlendBone</identifier>
							<transform>
								<row0>1.000000 0.000000 0.000000</row0>
								<row1>0.000000 1.000000 0.000000</row1>
								<row2>0.000000 0.000000 -1.000000</row2>
								<row3>-1.314863 -0.797382 -2.338764</row3>
							</transform>
						</node>
					</node>
					<node>
						<identifier>WD_R1</identifier>
						<transform>
							<row0>1.000000 0.000000 0.000000</row0>
							<row1>0.000000 1.000000 0.000000</row1>
							<row2>0.000000 0.000000 1.000000</row2>
							<row3>1.314863 0.284030 -2.211511</row3>
						</transform>
						<node>
							<identifier>WD_R1_BlendBone</identifier>
							<transform>
								<row0>1.000000 0.000000 0.000000</row0>
								<row1>0.000000 1.000000 0.000000</row1>
								<row2>0.000000 0.000000 -1.000000</row2>
								<row3>-1.314863 -0.787488 2.219791</row3>
							</transform>
						</node>
					</node>
					<node>
						<identifier>V_BlendBone</identifier>
						<transform>
							<row0>1.000000 0.000000 0.000000</row0>
							<row1>0.000000 1.000000 0.000000</row1>
							<row2>0.000000 0.000000 -1.000000</row2>
							<row3>0.000000 -0.503458 0.008279</row3>
						</transform>
					</node>
				</node>
			</node>
		</node>
	</node>
	<renderSet>
		<treatAsWorldSpaceObject>true</treatAsWorldSpaceObject>
		<node>Track_L0_BlendBone</node>
		<node>Track_L1_BlendBone</node>
		<node>V_BlendBone</node>
		<node>Track_L3_BlendBone</node>
		<node>Track_L2_BlendBone</node>
		<node>Track_VT_L0_BlendBone</node>
		<node>Track_VD_L0_BlendBone</node>
		<node>Track_VT_L6_BlendBone</node>
		<node>Track_VD_L1_BlendBone</node>
		<node>Track_VT_L5_BlendBone</node>
		<node>Track_VT_L4_BlendBone</node>
		<node>Track_VT_L3_BlendBone</node>
		<node>Track_VT_L2_BlendBone</node>
		<node>Track_VT_L1_BlendBone</node>
		<geometry>
			<vertices>track_L_Shape.vertices</vertices>
			<stream>track_L_Shape.uv2</stream>
			<primitive>track_L_Shape.indices</primitive>
			<primitiveGroup>
				0
				<material>
					<identifier>track_mat_L_skinned</identifier>
					<fx>shaders/std_effects/PBS_tank_uvtransform_skinned_ao.fx</fx>
					<materialKind>0</materialKind>
					<collisionFlags>0</collisionFlags>
					<property>
						alphaReference
						<Int>64</Int>
					</property>
					<property>
						alphaTestEnable
						<Bool>true</Bool>
					</property>
					<property>
						diffuseMap
						<Texture>vehicles/sweden/tracks/Kranvagn_GIJOE_track_AM.dds</Texture>
					</property>
					<property>
						doubleSided
						<Bool>true</Bool>
					</property>
					<property>
						g_detailUVTiling
						<Vector4>3.506850 0.876712 0.000000 0.000000</Vector4>
					</property>
					<property>
						metallicDetailMap
						<Texture>vehicles/russian/Tank_detail/Details_map.dds</Texture>
					</property>
					<property>
						metallicGlossMap
						<Texture>vehicles/sweden/tracks/Kranvagn_GIJOE_track_GMM.dds</Texture>
					</property>
					<property>
						normalMap
						<Texture>vehicles/sweden/tracks/Kranvagn_GIJOE_track_ANM.dds</Texture>
					</property>
				</material>
				<groupOrigin>-1.314716 0.560709 -0.057048</groupOrigin>
			</primitiveGroup>
		</geometry>
	</renderSet>
	<renderSet>
		<treatAsWorldSpaceObject>true</treatAsWorldSpaceObject>
		<node>Track_R0_BlendBone</node>
		<node>Track_R1_BlendBone</node>
		<node>V_BlendBone</node>
		<node>Track_R3_BlendBone</node>
		<node>Track_R2_BlendBone</node>
		<node>Track_VT_R0_BlendBone</node>
		<node>Track_VD_R0_BlendBone</node>
		<node>Track_VT_R6_BlendBone</node>
		<node>Track_VD_R1_BlendBone</node>
		<node>Track_VT_R5_BlendBone</node>
		<node>Track_VT_R4_BlendBone</node>
		<node>Track_VT_R3_BlendBone</node>
		<node>Track_VT_R2_BlendBone</node>
		<node>Track_VT_R1_BlendBone</node>
		<geometry>
			<vertices>track_R_Shape.vertices</vertices>
			<stream>track_R_Shape.uv2</stream>
			<primitive>track_R_Shape.indices</primitive>
			<primitiveGroup>
				0
				<material>
					<identifier>track_mat_R_skinned</identifier>
					<fx>shaders/std_effects/PBS_tank_uvtransform_skinned_ao.fx</fx>
					<materialKind>0</materialKind>
					<collisionFlags>0</collisionFlags>
					<property>
						alphaReference
						<Int>64</Int>
					</property>
					<property>
						alphaTestEnable
						<Bool>true</Bool>
					</property>
					<property>
						diffuseMap
						<Texture>vehicles/sweden/tracks/Kranvagn_GIJOE_track_AM.dds</Texture>
					</property>
					<property>
						doubleSided
						<Bool>true</Bool>
					</property>
					<property>
						g_detailUVTiling
						<Vector4>3.506850 0.876712 0.000000 0.000000</Vector4>
					</property>
					<property>
						metallicDetailMap
						<Texture>vehicles/russian/Tank_detail/Details_map.dds</Texture>
					</property>
					<property>
						metallicGlossMap
						<Texture>vehicles/sweden/tracks/Kranvagn_GIJOE_track_GMM.dds</Texture>
					</property>
					<property>
						normalMap
						<Texture>vehicles/sweden/tracks/Kranvagn_GIJOE_track_ANM.dds</Texture>
					</property>
				</material>
				<groupOrigin>1.314716 0.560709 -0.057048</groupOrigin>
			</primitiveGroup>
		</geometry>
	</renderSet>
	<renderSet>
		<treatAsWorldSpaceObject>true</treatAsWorldSpaceObject>
		<node>WD_R1_BlendBone</node>
