<?xml version="1.0" encoding="utf-8"?>
<root>
	<node>
		<identifier>Scene Root</identifier>
		<transform>
			<row0>1.000000 0.000000 0.000000</row0>
			<row1>0.000000 1.000000 0.000000</row1>
			<row2>0.000000 0.000000 1.000000</row2>
			<row3>0.000000 0.000000 0.000000</row3>
		</transform>
		<node>
			<identifier>nodes_01</identifier>
			<transform>
				<row0>1.000000 0.000000 0.000000</row0>
				<row1>0.000000 1.000000 0.000000</row1>
				<row2>0.000000 0.000000 1.000000</row2>
				<row3>0.000000 0.000000 0.000000</row3>
			</transform>
			<node>
				<identifier>HP_Fire_1</identifier>
				<transform>
					<row0>1.000000 0.000000 0.000000</row0>
					<row1>0.000000 1.000000 0.000000</row1>
					<row2>0.000000 0.000000 1.000000</row2>
					<row3>0.000000 0.184400 -2.622034</row3>
				</transform>
			</node>
			<node>
				<identifier>HP_Fire_2</identifier>
				<transform>
					<row0>1.000000 0.000000 0.000000</row0>
					<row1>0.000000 1.000000 0.000000</row1>
					<row2>0.000000 0.000000 1.000000</row2>
					<row3>0.000000 0.184400 1.094579</row3>
				</transform>
			</node>
			<node>
				<identifier>HP_TrackUp_LFront</identifier>
				<transform>
					<row0>1.000000 0.000000 0.000000</row0>
					<row1>0.000000 0.906150 0.422955</row1>
					<row2>0.000000 -0.422955 0.906150</row2>
					<row3>-1.446469 0.082569 3.200836</row3>
				</transform>
			</node>
			<node>
				<identifier>HP_TrackUp_LFront_0</identifier>
				<transform>
					<row0>1.000000 0.000000 0.000000</row0>
					<row1>0.000000 0.995954 0.089869</row1>
					<row2>0.000000 -0.089869 0.995954</row2>
					<row3>-1.446469 -0.021402 -0.395830</row3>
				</transform>
			</node>
			<node>
				<identifier>HP_TrackUp_LRear</identifier>
				<transform>
					<row0>-1.000000 0.000000 0.000000</row0>
					<row1>0.000000 0.927925 -0.372766</row1>
					<row2>-0.000000 -0.372766 -0.927925</row2>
					<row3>-1.446469 0.124066 -3.212885</row3>
				</transform>
			</node>
			<node>
				<identifier>HP_TrackUp_RFront</identifier>
				<transform>
					<row0>1.000000 0.000000 0.000000</row0>
					<row1>0.000000 0.920166 0.391528</row1>
					<row2>0.000000 -0.391528 0.920166</row2>
					<row3>1.446467 0.094331 3.144187</row3>
				</transform>
			</node>
			<node>
				<identifier>HP_TrackUp_RFront_0</identifier>
				<transform>
					<row0>1.000000 0.000000 0.000000</row0>
					<row1>0.000000 0.998456 0.055550</row1>
					<row2>0.000000 -0.055550 0.998456</row2>
					<row3>1.446467 -0.026187 -0.470295</row3>
				</transform>
			</node>
			<node>
				<identifier>HP_TrackUp_RRear</identifier>
				<transform>
					<row0>-1.000000 0.000000 0.000000</row0>
					<row1>0.000000 0.915779 -0.401682</row1>
					<row2>-0.000000 -0.401682 -0.915779</row2>
					<row3>1.446467 0.124880 -3.213984</row3>
				</transform>
			</node>
			<node>
				<identifier>HP_Track_Exhaus_1</identifier>
				<transform>
					<row0>0.458309 -0.069630 -0.886061</row0>
					<row1>-0.000000 -0.996926 0.078343</row1>
					<row2>-0.888793 -0.035905 -0.456901</row2>
					<row3>-0.160101 0.776881 -1.992492</row3>
				</transform>
			</node>
			<node>
				<identifier>HP_Track_Exhaus_2</identifier>
				<transform>
					<row0>0.501076 0.067798 0.862743</row0>
					<row1>0.000000 -0.996926 0.078343</row1>
					<row2>0.865403 -0.039256 -0.499536</row2>
					<row3>0.159898 0.776881 -1.992492</row3>
				</transform>
			</node>
			<node>
				<identifier>HP_turretJoint</identifier>
				<transform>
					<row0>1.000000 0.000000 0.000000</row0>
					<row1>0.000000 1.000000 0.000000</row1>
					<row2>0.000000 0.000000 1.000000</row2>
					<row3>-0.000141 0.578634 0.259384</row3>
				</transform>
			</node>
		</node>
	</node>
	<renderSet>
		<treatAsWorldSpaceObject>false</treatAsWorldSpaceObject>
		<node>Scene Root</node>
		<geometry>
			<vertices>vertices</vertices>
			<primitive>indices</primitive>
			<primitiveGroup>
				0
				<material>
					<identifier>tank_proxy</identifier>
					<property>
						selfIllumination
						<Float>0.000000</Float>
					</property>
					<collisionFlags>0</collisionFlags>
					<materialKind>0</materialKind>
					<fx>shaders/std_effects/PBS_tank.fx</fx>
					<property>
						metallicGlossMap
						<Texture>vehicles/american/A144_M_VI_Y/M_VI_Y_proxy_GMM.dds</Texture>
					</property>
					<property>
						normalMap
						<Texture>vehicles/american/A144_M_VI_Y/M_VI_Y_proxy_ANM.dds</Texture>
					</property>
					<property>
						diffuseMap
						<Texture>vehicles/american/A144_M_VI_Y/M_VI_Y_proxy_AM.dds</Texture>
					</property>
					<property>
						excludeMaskAndAOMap
						<Texture>vehicles/american/A144_M_VI_Y/M_VI_Y_proxy_AO.dds</Texture>
					</property>
					<property>
						colorIdMap
						<Texture>vehicles/russian/common/common_ID.dds</Texture>
					</property>
				</material>
				<groupOrigin>0.016118 0.106353 -0.187411</groupOrigin>
			</primitiveGroup>
		</geometry>
	</renderSet>
	<boundingBox>
		<min>-1.791713 -0.456558 -3.757298</min>
		<max>1.823949 0.669264 3.382476</max>
	</boundingBox>
	<geometrySize>5952</geometrySize>
	<minUVDensity>0.001549</minUVDensity>
</root>
