<?xml version="1.0" encoding="utf-8"?>
<root>
	<node>
		<identifier>Scene Root</identifier>
		<transform>
			<row0>1.000000 0.000000 0.000000</row0>
			<row1>0.000000 1.000000 0.000000</row1>
			<row2>0.000000 0.000000 1.000000</row2>
			<row3>0.000000 0.000000 0.000000</row3>
		</transform>
		<node>
			<identifier>root</identifier>
			<transform>
				<row0>0.000000 -0.044542 -0.999008</row0>
				<row1>0.000000 0.999008 -0.044542</row1>
				<row2>1.000000 -0.000000 0.000000</row2>
				<row3>0.000000 0.000000 0.000000</row3>
			</transform>
			<node>
				<identifier>b1</identifier>
				<transform>
					<row0>-0.073488 0.323369 -0.943415</row0>
					<row1>0.476929 -0.819395 -0.318011</row1>
					<row2>-0.875864 -0.473312 -0.094008</row2>
					<row3>-2.736238 6.440132 -0.064380</row3>
				</transform>
				<node>
					<identifier>b1_BlendBone</identifier>
					<transform>
						<row0>-0.943415 -0.318011 -0.094008</row0>
						<row1>0.326322 -0.839825 -0.433830</row1>
						<row2>-0.059012 0.439959 -0.896077</row2>
						<row3>-2.344361 6.561529 0.645567</row3>
					</transform>
				</node>
			</node>
			<node>
				<identifier>b11</identifier>
				<transform>
					<row0>-0.345380 0.742079 0.574483</row0>
					<row1>-0.011553 0.608745 -0.793282</row1>
					<row2>-0.938392 -0.280621 -0.201676</row2>
					<row3>-2.644516 5.373715 0.054486</row3>
				</transform>
				<node>
					<identifier>b11_BlendBone</identifier>
					<transform>
						<row0>0.574483 -0.793282 -0.201676</row0>
						<row1>0.756726 0.608656 -0.238545</row1>
						<row2>-0.311984 0.015573 -0.949960</row2>
						<row3>-4.932386 -3.258552 -0.962629</row3>
					</transform>
				</node>
			</node>
			<node>
				<identifier>b13</identifier>
				<transform>
					<row0>-0.173248 0.982674 0.065851</row0>
					<row1>-0.086230 0.051471 -0.994945</row1>
					<row2>-0.981096 -0.178051 0.075819</row2>
					<row3>-1.803870 5.521327 0.066841</row3>
				</transform>
				<node>
					<identifier>b13_BlendBone</identifier>
					<transform>
						<row0>0.065851 -0.994945 0.075819</row0>
						<row1>0.989416 0.055261 -0.134174</row1>
						<row2>-0.129306 -0.083852 -0.988053</row2>
						<row3>-5.742585 -0.373232 -0.791762</row3>
					</transform>
				</node>
			</node>
			<node>
				<identifier>b15</identifier>
				<transform>
					<row0>-0.182050 0.964236 0.192632</row0>
					<row1>-0.054975 0.185618 -0.981083</row1>
					<row2>-0.981751 -0.189196 0.019217</row2>
					<row3>-1.241422 5.613325 -0.024011</row3>
				</transform>
				<node>
					<identifier>b15_BlendBone</identifier>
					<transform>
						<row0>0.192632 -0.981083 0.019217</row0>
						<row1>0.971388 0.187883 -0.145280</row1>
						<row2>-0.138921 -0.046652 -0.989204</row2>
						<row3>-5.633944 -1.133740 -0.156286</row3>
					</transform>
				</node>
			</node>
			<node>
				<identifier>b17</identifier>
				<transform>
					<row0>-0.080168 0.762666 0.641805</row0>
					<row1>-0.050705 0.639924 -0.766764</row1>
					<row2>-0.995491 -0.094013 -0.012630</row2>
					<row3>-0.682968 5.713735 -0.010878</row3>
				</transform>
				<node>
					<identifier>b17_BlendBone</identifier>
					<transform>
						<row0>0.641805 -0.766764 -0.012630</row0>
						<row1>0.765480 0.641547 -0.049579</row1>
						<row2>-0.046118 -0.022152 -0.998690</row2>
						<row3>-4.405443 -3.699324 -0.142860</row3>
					</transform>
				</node>
			</node>
			<node>
				<identifier>b3</identifier>
				<transform>
					<row0>-0.272928 0.961506 -0.031873</row0>
					<row1>-0.164135 -0.079184 -0.983255</row1>
					<row2>-0.947930 -0.263126 0.179428</row2>
					<row3>-2.127058 6.678357 0.042922</row3>
				</transform>
				<node>
					<identifier>b3_BlendBone</identifier>
					<transform>
						<row0>-0.031873 -0.983255 0.179428</row0>
						<row1>0.972709 -0.071795 -0.220642</row1>
						<row2>-0.229830 -0.167499 -0.958709</row2>
						<row3>-7.000447 0.221900 -0.266753</row3>
					</transform>
				</node>
			</node>
			<node>
				<identifier>b5</identifier>
				<transform>
					<row0>-0.246626 0.965713 0.081080</row0>
					<row1>0.001858 0.084135 -0.996453</row1>
					<row2>-0.969109 -0.245600 -0.022544</row2>
					<row3>-1.515849 6.851550 -0.006717</row3>
				</transform>
				<node>
					<identifier>b5_BlendBone</identifier>
					<transform>
						<row0>0.081080 -0.996453 -0.022544</row0>
						<row1>0.975740 0.083969 -0.202191</row1>
						<row2>-0.203367 0.005604 -0.979087</row2>
						<row3>-6.989933 -0.580335 0.213570</row3>
					</transform>
				</node>
			</node>
			<node>
				<identifier>b7</identifier>
				<transform>
					<row0>-0.120476 0.992671 -0.009509</row0>
					<row1>-0.004016 -0.010066 -0.999941</row1>
					<row2>-0.992708 -0.120431 0.005200</row2>
					<row3>-0.788056 7.047543 -0.001277</row3>
				</transform>
				<node>
					<identifier>b7_BlendBone</identifier>
					<transform>
						<row0>-0.009509 -0.999941 0.005200</row0>
						<row1>0.997052 -0.009877 -0.076094</row1>
						<row2>-0.076141 -0.004461 -0.997087</row2>
						<row3>-7.090844 0.066499 0.066439</row3>
					</transform>
				</node>
			</node>
			<node>
				<identifier>b9</identifier>
				<transform>
					<row0>-0.143185 0.854976 0.498511</row0>
					<row1>-0.174506 0.473999 -0.863060</row1>
					<row2>-0.974190 -0.210571 0.081329</row2>
					<row3>-2.718580 5.945467 0.021042</row3>
				</transform>
				<node>
					<identifier>b9_BlendBone</identifier>
					<transform>
						<row0>0.498511 -0.863060 0.081329</row0>
						<row1>0.860506 0.481302 -0.166970</row1>
						<row2>-0.104961 -0.153220 -0.982602</row2>
						<row3>-5.482985 -3.274397 -1.398180</row3>
					</transform>
				</node>
			</node>
			<node>
				<identifier>root_BlendBone</identifier>
				<transform>
					<row0>0.000000 0.000000 1.000000</row0>
					<row1>-0.044542 0.999008 -0.000000</row1>
					<row2>0.999008 0.044542 -0.000000</row2>
					<row3>-0.000000 -0.000000 -0.000000</row3>
				</transform>
			</node>
		</node>
	</node>
	<renderSet>
		<treatAsWorldSpaceObject>true</treatAsWorldSpaceObject>
		<node>b1_BlendBone</node>
		<node>b11_BlendBone</node>
		<node>root_BlendBone</node>
		<node>b7_BlendBone</node>
		<node>b13_BlendBone</node>
		<node>b15_BlendBone</node>
		<node>b17_BlendBone</node>
		<node>b5_BlendBone</node>
		<node>b9_BlendBone</node>
		<node>b3_BlendBone</node>
		<geometry>
			<vertices>nShape2.vertices</vertices>
			<primitive>nShape2.indices</primitive>
			<primitiveGroup>
				0
				<material>
					<identifier>s_nd0_skinned</identifier>
					<collisionFlags>0</collisionFlags>
					<materialKind>0</materialKind>
					<fx>shaders/std_effects/PBS_ext_skinned.fx</fx>
					<property>
						g_useNormalPackDXT1
						<Bool>false</Bool>
					</property>
					<property>
						diffuseMap
						<Texture>content/Environment/env_111_04_RepairFlag/env_111_04_RepairFlag_AM.dds</Texture>
					</property>
					<property>
						normalMap
						<Texture>content/Environment/env_111_04_RepairFlag/env_111_04_RepairFlag_ANM.dds</Texture>
					</property>
					<property>
						metallicGlossMap
						<Texture>content/Environment/env_111_04_RepairFlag/env_111_04_RepairFlag_GMM.dds</Texture>
					</property>
				</material>
				<groupOrigin>0.000000 3.778732 -1.086434</groupOrigin>
			</primitiveGroup>
		</geometry>
	</renderSet>
	<constraints/>
	<boundingBox>
		<min>-0.296704 -0.051625 -0.296698</min>
		<max>0.296704 7.609089 2.469565</max>
	</boundingBox>
	<geometrySize>37612</geometrySize>
	<minUVDensity>0.058956</minUVDensity>
</root>
