<?xml version="1.0" encoding="utf-8"?>
<root>
	<node>
		<identifier>Scene Root</identifier>
		<transform>
			<row0>1.000000 0.000000 0.000000</row0>
			<row1>0.000000 1.000000 0.000000</row1>
			<row2>0.000000 0.000000 1.000000</row2>
			<row3>0.000000 0.000000 0.000000</row3>
		</transform>
		<node>
			<identifier>nodes_01</identifier>
			<transform>
				<row0>1.000000 0.000000 0.000000</row0>
				<row1>0.000000 1.000000 0.000000</row1>
				<row2>0.000000 0.000000 1.000000</row2>
				<row3>0.000000 0.000000 0.000000</row3>
			</transform>
			<node>
				<identifier>HP_Fire_1</identifier>
				<transform>
					<row0>1.000000 0.000000 0.000000</row0>
					<row1>0.000000 1.000000 0.000000</row1>
					<row2>0.000000 0.000000 1.000000</row2>
					<row3>0.000000 -0.173758 -2.009273</row3>
				</transform>
			</node>
			<node>
				<identifier>HP_Fire_2</identifier>
				<transform>
					<row0>1.000000 0.000000 0.000000</row0>
					<row1>0.000000 1.000000 0.000000</row1>
					<row2>0.000000 0.000000 1.000000</row2>
					<row3>0.000000 -0.272270 2.215251</row3>
				</transform>
			</node>
			<node>
				<identifier>HP_TrackUp_LFront</identifier>
				<transform>
					<row0>1.000000 0.000000 0.000000</row0>
					<row1>0.000000 0.094214 0.995552</row1>
					<row2>0.000000 -0.995552 0.094214</row2>
					<row3>-1.203690 -0.220651 3.387354</row3>
				</transform>
			</node>
			<node>
				<identifier>HP_TrackUp_LRear</identifier>
				<transform>
					<row0>-1.000000 0.000000 0.000000</row0>
					<row1>0.000000 0.990268 -0.139173</row1>
					<row2>-0.000000 -0.139173 -0.990268</row2>
					<row3>-1.203690 0.075619 -2.992301</row3>
				</transform>
			</node>
			<node>
				<identifier>HP_TrackUp_RFront</identifier>
				<transform>
					<row0>1.000000 0.000000 0.000000</row0>
					<row1>0.000000 0.094214 0.995552</row1>
					<row2>0.000000 -0.995552 0.094214</row2>
					<row3>1.203690 -0.220651 3.387354</row3>
				</transform>
			</node>
			<node>
				<identifier>HP_TrackUp_RRear</identifier>
				<transform>
					<row0>-1.000000 0.000000 0.000000</row0>
					<row1>0.000000 0.990268 -0.139173</row1>
					<row2>-0.000000 -0.139173 -0.990268</row2>
					<row3>1.203690 0.075619 -2.992301</row3>
				</transform>
			</node>
			<node>
				<identifier>HP_Track_Exhaus_1</identifier>
				<transform>
					<row0>0.000000 -0.995678 0.092868</row0>
					<row1>-1.000000 -0.000000 0.000000</row1>
					<row2>-0.000000 -0.092868 -0.995678</row2>
					<row3>-1.094211 0.437838 -2.978147</row3>
				</transform>
			</node>
			<node>
				<identifier>HP_Track_Exhaus_2</identifier>
				<transform>
					<row0>0.000000 -0.995678 0.092868</row0>
					<row1>-1.000000 -0.000000 -0.000000</row1>
					<row2>0.000000 -0.092868 -0.995678</row2>
					<row3>1.090877 0.437838 -2.978147</row3>
				</transform>
			</node>
			<node>
				<identifier>HP_turretJoint</identifier>
				<transform>
					<row0>1.000000 0.000000 0.000000</row0>
					<row1>0.000000 1.000000 0.000000</row1>
					<row2>0.000000 0.000000 1.000000</row2>
					<row3>0.000000 0.282645 0.986000</row3>
				</transform>
			</node>
		</node>
	</node>
	<renderSet>
		<treatAsWorldSpaceObject>false</treatAsWorldSpaceObject>
		<node>Scene Root</node>
		<geometry>
			<vertices>vertices</vertices>
			<primitive>indices</primitive>
			<primitiveGroup>
				0
				<material>
					<identifier>tank_hull_01</identifier>
					<property>
						selfIllumination
						<Float>0.000000</Float>
					</property>
					<collisionFlags>0</collisionFlags>
					<materialKind>0</materialKind>
					<fx>shaders/std_effects/PBS_tank.fx</fx>
					<property>
						metallicGlossMap
						<Texture>vehicles/british/GB106_Cobra/_skins/GB106_Cobra_MDXXIII4_3DSt/Cobra_MDXXIII4_3DSt_hull_01_GMM.dds</Texture>
					</property>
					<property>
						normalMap
						<Texture>vehicles/british/GB106_Cobra/_skins/GB106_Cobra_MDXXIII4_3DSt/Cobra_MDXXIII4_3DSt_hull_01_ANM.dds</Texture>
					</property>
					<property>
						diffuseMap
						<Texture>vehicles/british/GB106_Cobra/_skins/GB106_Cobra_MDXXIII4_3DSt/Cobra_MDXXIII4_3DSt_hull_01_AM.dds</Texture>
					</property>
					<property>
						excludeMaskAndAOMap
						<Texture>vehicles/british/GB106_Cobra/_skins/GB106_Cobra_MDXXIII4_3DSt/Cobra_MDXXIII4_3DSt_hull_01_AO.dds</Texture>
					</property>
					<property>
						colorIdMap
						<Texture>vehicles/russian/common/common_ID.dds</Texture>
					</property>
				</material>
				<groupOrigin>0.000367 -0.043320 0.103554</groupOrigin>
			</primitiveGroup>
			<primitiveGroup>
				1
				<material>
					<identifier>tank_equipment_01</identifier>
					<property>
						selfIllumination
						<Float>0.000000</Float>
					</property>
					<property>
						diffuseMap
						<Texture>vehicles/british/GB106_Cobra/_skins/GB106_Cobra_MDXXIII4_3DSt/Cobra_MDXXIII4_3DSt_equipment_01_AM.dds</Texture>
					</property>
					<collisionFlags>0</collisionFlags>
					<materialKind>0</materialKind>
					<fx>shaders/std_effects/PBS_tank.fx</fx>
					<property>
						colorIdMap
						<Texture>vehicles/russian/common/common_ID.dds</Texture>
					</property>
					<property>
						excludeMaskAndAOMap
						<Texture>vehicles/british/GB106_Cobra/_skins/GB106_Cobra_MDXXIII4_3DSt/Cobra_MDXXIII4_3DSt_equipment_01_AO.dds</Texture>
					</property>
					<property>
						g_detailUVTiling
						<Vector4>3.507000 3.507000 0.000000 0.000000</Vector4>
					</property>
					<property>
						metallicDetailMap
						<Texture>vehicles/russian/Tank_detail/Details_map.dds</Texture>
					</property>
					<property>
						metallicGlossMap
						<Texture>vehicles/british/GB106_Cobra/_skins/GB106_Cobra_MDXXIII4_3DSt/Cobra_MDXXIII4_3DSt_equipment_01_GMM.dds</Texture>
					</property>
					<property>
						normalMap
						<Texture>vehicles/british/GB106_Cobra/_skins/GB106_Cobra_MDXXIII4_3DSt/Cobra_MDXXIII4_3DSt_equipment_01_ANM.dds</Texture>
					</property>
				</material>
				<groupOrigin>0.000093 0.244841 0.107317</groupOrigin>
			</primitiveGroup>
		</geometry>
	</renderSet>
	<boundingBox>
		<min>-1.466250 -0.704888 -3.333113</min>
		<max>1.466984 0.618248 3.540222</max>
	</boundingBox>
	<geometrySize>75368</geometrySize>
	<minUVDensity>0.003467</minUVDensity>
</root>
