<?xml version="1.0" encoding="utf-8"?>
<root>
	<node>
		<identifier>Scene Root</identifier>
		<transform>
			<row0>1.000000 0.000000 0.000000</row0>
			<row1>0.000000 1.000000 0.000000</row1>
			<row2>0.000000 0.000000 1.000000</row2>
			<row3>0.000000 0.000000 0.000000</row3>
		</transform>
		<node>
			<identifier>nyGirl01_root_jnt</identifier>
			<transform>
				<row0>1.000000 0.000000 0.000000</row0>
				<row1>0.000000 1.000000 0.000000</row1>
				<row2>0.000000 0.000000 1.000000</row2>
				<row3>0.000337 0.000000 -0.000063</row3>
			</transform>
			<node>
				<identifier>nyGirl01_hips_jnt</identifier>
				<transform>
					<row0>0.000000 1.000000 0.000000</row0>
					<row1>-0.002112 0.000000 -0.999998</row1>
					<row2>-0.999998 0.000000 0.002112</row2>
					<row3>0.000000 0.865202 0.000000</row3>
				</transform>
				<node>
					<identifier>nyGirl01_leg_left_jnt</identifier>
					<transform>
						<row0>-0.998985 0.042402 -0.015207</row0>
						<row1>0.042429 0.999098 -0.001450</row1>
						<row2>0.015132 -0.002094 -0.999883</row2>
						<row3>0.005511 -0.000211 -0.099919</row3>
					</transform>
					<node>
						<identifier>nyGirl01_knee_left_jnt</identifier>
						<transform>
							<row0>0.983012 -0.183542 0.000783</row0>
							<row1>0.183542 0.983012 0.000127</row1>
							<row2>-0.000793 0.000019 1.000000</row2>
							<row3>0.380215 -0.000000 0.000000</row3>
						</transform>
						<node>
							<identifier>nyGirl01_ancle_left_jnt</identifier>
							<transform>
								<row0>0.458982 0.888292 0.016536</row0>
								<row1>-0.888215 0.458360 0.031297</row1>
								<row2>0.020221 -0.029052 0.999373</row2>
								<row3>0.386271 -0.000000 -0.000000</row3>
							</transform>
							<node>
								<identifier>nyGirl01_toe_left_jnt</identifier>
								<transform>
									<row0>0.814723 0.579850 -0.000000</row0>
									<row1>-0.579850 0.814723 -0.000000</row1>
									<row2>-0.000000 -0.000000 1.000000</row2>
									<row3>0.150246 0.000000 0.000000</row3>
								</transform>
								<node>
									<identifier>nyGirl01_toe_left_jnt_BlendBone</identifier>
									<transform>
										<row0>0.031621 -0.000015 0.999500</row0>
										<row1>-0.000006 1.000000 0.000016</row1>
										<row2>0.999500 0.000006 -0.031621</row2>
										<row3>-0.087448 -0.021435 -0.113258</row3>
									</transform>
								</node>
							</node>
							<node>
								<identifier>nyGirl01_ancle_left_jnt_BlendBone</identifier>
								<transform>
									<row0>0.025771 0.018323 0.999500</row0>
									<row1>-0.579855 0.814720 0.000016</row1>
									<row2>0.814312 0.579565 -0.031621</row2>
									<row3>0.091429 -0.068171 -0.113258</row3>
								</transform>
							</node>
						</node>
						<node>
							<identifier>nyGirl01_knee_left_jnt_BlendBone</identifier>
							<transform>
								<row0>0.015765 0.002253 0.999873</row0>
								<row1>-0.989789 -0.141646 0.015925</row1>
								<row2>-0.141664 0.989915 0.000003</row2>
								<row3>0.486495 0.053259 -0.113809</row3>
							</transform>
						</node>
					</node>
					<node>
						<identifier>nyGirl01_leg_left_jnt_BlendBone</identifier>
						<transform>
							<row0>0.015118 -0.000660 0.999885</row0>
							<row1>-0.998985 0.042429 0.015132</row1>
							<row2>0.042434 0.999099 0.000017</row2>
							<row3>0.868311 -0.036940 -0.113421</row3>
						</transform>
					</node>
				</node>
				<node>
					<identifier>nyGirl01_leg_right_jnt</identifier>
					<transform>
						<row0>0.998985 -0.042465 -0.015028</row0>
						<row1>-0.042429 -0.999096 0.002769</row1>
						<row2>-0.015132 -0.002129 -0.999883</row2>
						<row3>0.005511 0.000208 0.098338</row3>
					</transform>
					<node>
						<identifier>nyGirl01_knee_right_jnt</identifier>
						<transform>
							<row0>0.983012 -0.183542 0.000783</row0>
							<row1>0.183542 0.983012 0.000127</row1>
							<row2>-0.000794 0.000019 1.000000</row2>
							<row3>-0.380215 0.000000 0.000000</row3>
						</transform>
						<node>
							<identifier>nyGirl01_ancle_right_jnt</identifier>
							<transform>
								<row0>0.458982 0.888292 0.016536</row0>
								<row1>-0.888215 0.458360 0.031297</row1>
								<row2>0.020221 -0.029052 0.999373</row2>
								<row3>-0.386271 -0.000000 0.000000</row3>
							</transform>
							<node>
								<identifier>nyGirl01_toe_right_jnt</identifier>
								<transform>
									<row0>0.814723 0.579850 -0.000000</row0>
									<row1>-0.579850 0.814723 -0.000000</row1>
									<row2>-0.000000 0.000000 1.000000</row2>
									<row3>-0.150246 0.000000 0.000000</row3>
								</transform>
								<node>
									<identifier>nyGirl01_toeTip_right_jnt2</identifier>
									<transform>
										<row0>1.000000 0.000000 0.000000</row0>
										<row1>0.000000 1.000000 0.000000</row1>
										<row2>0.000000 -0.000000 1.000000</row2>
										<row3>-0.073445 0.000000 -0.000001</row3>
									</transform>
									<node>
										<identifier>nyGirl01_toeTip_right_jnt2_BlendBone</identifier>
										<transform>
											<row0>0.031621 -0.000015 0.999500</row0>
											<row1>0.000006 -1.000000 -0.000016</row1>
											<row2>-0.999500 -0.000006 0.031621</row2>
											<row3>0.160822 0.021435 0.111005</row3>
										</transform>
									</node>
								</node>
								<node>
									<identifier>nyGirl01_toe_right_jnt_BlendBone</identifier>
									<transform>
										<row0>0.031621 -0.000015 0.999500</row0>
										<row1>0.000006 -1.000000 -0.000016</row1>
										<row2>-0.999500 -0.000006 0.031621</row2>
										<row3>0.087377 0.021435 0.111004</row3>
									</transform>
								</node>
							</node>
							<node>
								<identifier>nyGirl01_ancle_right_jnt_BlendBone</identifier>
								<transform>
									<row0>0.025771 0.018323 0.999500</row0>
									<row1>0.579855 -0.814720 -0.000016</row1>
									<row2>-0.814312 -0.579565 0.031621</row2>
									<row3>-0.091487 0.068130 0.111004</row3>
								</transform>
							</node>
						</node>
						<node>
							<identifier>nyGirl01_knee_right_jnt_BlendBone</identifier>
							<transform>
								<row0>0.015765 0.002253 0.999873</row0>
								<row1>0.989789 0.141646 -0.015925</row1>
								<row2>0.141664 -0.989915 -0.000003</row2>
								<row3>-0.486531 -0.053264 0.111554</row3>
							</transform>
						</node>
					</node>
					<node>
						<identifier>nyGirl01_leg_right_jnt_BlendBone</identifier>
						<transform>
							<row0>0.015118 -0.000660 0.999885</row0>
							<row1>0.998985 -0.042429 -0.015132</row1>
							<row2>-0.042434 -0.999099 -0.000017</row2>
							<row3>-0.868345 0.036941 0.111166</row3>
						</transform>
					</node>
				</node>
				<node>
					<identifier>nyGirl01_skirt01_jnt</identifier>
					<transform>
						<row0>-0.995165 0.045669 0.086952</row0>
						<row1>0.045312 0.998954 -0.006073</row1>
						<row2>-0.087138 -0.002104 -0.996194</row2>
						<row3>0.003714 0.210948 0.097596</row3>
					</transform>
					<node>
						<identifier>nyGirl01_skirtTip_jnt</identifier>
						<transform>
							<row0>1.000000 0.000000 -0.000000</row0>
							<row1>0.000000 1.000000 0.000000</row1>
							<row2>0.000001 0.000000 1.000000</row2>
							<row3>0.239970 0.000000 0.000000</row3>
						</transform>
						<node>
							<identifier>nyGirl01_skirtTip_jnt_BlendBone</identifier>
							<transform>
								<row0>-0.087048 0.003963 0.996196</row0>
								<row1>-0.995165 0.045312 -0.087138</row1>
								<row2>0.045485 0.998965 0.000000</row2>
								<row3>0.606652 -0.249572 0.173048</row3>
							</transform>
						</node>
					</node>
					<node>
						<identifier>nyGirl01_skirt01_jnt_BlendBone</identifier>
						<transform>
							<row0>-0.087048 0.003963 0.996196</row0>
							<row1>-0.995165 0.045312 -0.087138</row1>
							<row2>0.045485 0.998965 0.000000</row2>
							<row3>0.846622 -0.249572 0.173048</row3>
						</transform>
					</node>
				</node>
				<node>
					<identifier>nyGirl01_skirt02_jnt</identifier>
					<transform>
						<row0>-0.994778 0.062516 -0.080677</row0>
						<row1>0.062482 0.998042 0.002951</row1>
						<row2>0.080703 -0.002105 -0.996736</row2>
						<row3>-0.028061 0.134888 -0.103504</row3>
					</transform>
					<node>
						<identifier>nyGirl01_skirtTip02_jnt</identifier>
						<transform>
							<row0>1.000000 0.000000 -0.000000</row0>
							<row1>0.000000 1.000000 0.000000</row1>
							<row2>-0.000000 0.000000 1.000000</row2>
							<row3>0.236900 0.000000 0.000000</row3>
						</transform>
						<node>
							<identifier>nyGirl01_skirtTip02_jnt_BlendBone</identifier>
							<transform>
								<row0>0.080545 -0.005059 0.996738</row0>
								<row1>-0.994778 0.062482 0.080703</row1>
								<row2>0.062686 0.998033 -0.000000</row2>
								<row3>0.579055 -0.186686 -0.170779</row3>
							</transform>
						</node>
					</node>
					<node>
						<identifier>nyGirl01_skirt02_jnt_BlendBone</identifier>
						<transform>
							<row0>0.080545 -0.005059 0.996738</row0>
							<row1>-0.994778 0.062482 0.080703</row1>
							<row2>0.062686 0.998033 -0.000000</row2>
							<row3>0.815955 -0.186686 -0.170779</row3>
						</transform>
					</node>
				</node>
				<node>
					<identifier>nyGirl01_skirt03_jnt</identifier>
					<transform>
						<row0>-0.982032 -0.141993 -0.124300</row0>
						<row1>0.140603 -0.989865 0.019930</row1>
						<row2>-0.125870 0.002095 0.992045</row2>
						<row3>0.023910 -0.120272 -0.114977</row3>
					</transform>
					<node>
						<identifier>nyGirl01_skirtTip03_jnt</identifier>
						<transform>
							<row0>1.000000 0.000000 -0.000000</row0>
							<row1>0.000000 1.000000 0.000000</row1>
							<row2>-0.000000 0.000000 1.000000</row2>
							<row3>0.267865 0.000000 0.000000</row3>
						</transform>
						<node>
							<identifier>nyGirl01_skirtTip03_jnt_BlendBone</identifier>
							<transform>
								<row0>0.124599 -0.017840 -0.992047</row0>
								<row1>-0.982032 0.140603 -0.125870</row1>
								<row2>-0.141731 -0.989905 0.000000</row2>
								<row3>0.573870 -0.241706 0.226562</row3>
							</transform>
						</node>
					</node>
					<node>
						<identifier>nyGirl01_skirt03_jnt_BlendBone</identifier>
						<transform>
							<row0>0.124599 -0.017840 -0.992047</row0>
							<row1>-0.982032 0.140603 -0.125870</row1>
							<row2>-0.141731 -0.989905 0.000000</row2>
							<row3>0.841735 -0.241706 0.226562</row3>
						</transform>
					</node>
				</node>
				<node>
					<identifier>nyGirl01_skirt04_jnt</identifier>
					<transform>
						<row0>-0.982981 -0.131709 0.128067</row0>
						<row1>0.130878 -0.991286 -0.014921</row1>
						<row2>0.128917 0.002094 0.991653</row2>
						<row3>0.024868 -0.122737 0.113266</row3>
					</transform>
					<node>
						<identifier>nyGirl01_skirtTip04_jnt</identifier>
						<transform>
							<row0>1.000000 -0.000000 -0.000000</row0>
							<row1>0.000000 1.000000 -0.000000</row1>
							<row2>-0.000000 -0.000000 1.000000</row2>
							<row3>0.267833 0.000000 0.000000</row3>
						</transform>
						<node>
							<identifier>nyGirl01_skirtTip04_jnt_BlendBone</identifier>
							<transform>
								<row0>-0.127789 0.017014 -0.991656</row0>
								<row1>-0.982981 0.130878 0.128917</row1>
								<row2>-0.131980 -0.991253 0.000000</row2>
								<row3>0.576469 -0.236411 -0.226474</row3>
							</transform>
						</node>
					</node>
					<node>
						<identifier>nyGirl01_skirt04_jnt_BlendBone</identifier>
						<transform>
							<row0>-0.127789 0.017014 -0.991656</row0>
							<row1>-0.982981 0.130878 0.128917</row1>
							<row2>-0.131980 -0.991253 0.000000</row2>
							<row3>0.844302 -0.236411 -0.226474</row3>
						</transform>
					</node>
				</node>
				<node>
					<identifier>nyGirl01_spine01_jnt</identifier>
					<transform>
						<row0>0.987121 0.159797 -0.007538</row0>
						<row1>-0.159820 0.987143 -0.002573</row1>
						<row2>0.007030 0.003745 0.999968</row2>
						<row3>0.064933 0.000000 0.000000</row3>
					</transform>
					<node>
						<identifier>nyGirl01_spine02_jnt</identifier>
						<transform>
							<row0>0.998610 -0.052143 0.007697</row0>
							<row1>0.052138 0.998640 0.000803</row1>
							<row2>-0.007728 -0.000400 0.999970</row2>
							<row3>0.107181 -0.000000 0.000000</row3>
						</transform>
						<node>
							<identifier>nyGirl01_spine03_jnt</identifier>
							<transform>
								<row0>0.984879 -0.173200 0.003944</row0>
								<row1>0.173197 0.984887 0.001134</row1>
								<row2>-0.004081 -0.000434 0.999992</row2>
								<row3>0.109124 0.000000 0.000000</row3>
							</transform>
							<node>
								<identifier>nyGirl01_chest_jnt</identifier>
								<transform>
									<row0>0.999984 -0.003805 -0.004224</row0>
									<row1>0.003800 0.999992 -0.001222</row1>
									<row2>0.004228 0.001206 0.999990</row2>
									<row3>0.104629 0.000000 -0.000000</row3>
								</transform>
								<node>
									<identifier>nyGirl01_neck_jnt</identifier>
									<transform>
										<row0>0.999436 0.033102 -0.005672</row0>
										<row1>-0.033104 0.999452 -0.000157</row1>
										<row2>0.005664 0.000345 0.999984</row2>
										<row3>0.112313 0.000000 0.000000</row3>
									</transform>
									<node>
										<identifier>nyGirl01_head_jnt</identifier>
										<transform>
											<row0>0.999322 0.036417 0.005415</row0>
											<row1>-0.036418 0.999337 -0.000000</row1>
											<row2>-0.005411 -0.000197 0.999985</row2>
											<row3>0.106003 0.000000 0.000000</row3>
										</transform>
										<node>
											<identifier>nyGirl01_hair01_left_jnt</identifier>
											<transform>
												<row0>-0.966154 0.209004 -0.151209</row0>
												<row1>0.206491 0.977915 0.032317</row1>
												<row2>0.154624 0.000000 -0.987973</row2>
												<row3>-0.021256 0.070419 -0.077543</row3>
											</transform>
											<node>
												<identifier>nyGirl01_hair02_left_jnt</identifier>
												<transform>
													<row0>0.998928 -0.016311 -0.043316</row0>
													<row1>0.016695 0.999824 0.008512</row1>
													<row2>0.043168 -0.009226 0.999025</row2>
													<row3>0.102291 0.000000 -0.000000</row3>
												</transform>
												<node>
													<identifier>nyGirl01_hair03_left_jnt</identifier>
													<transform>
														<row0>0.970808 -0.089632 -0.222481</row0>
														<row1>0.096955 0.995041 0.022191</row1>
														<row2>0.219389 -0.043114 0.974684</row2>
														<row3>0.100452 0.000000 0.000000</row3>
													</transform>
													<node>
														<identifier>nyGirl01_hair04_left_jnt</identifier>
														<transform>
															<row0>0.756205 0.064329 0.651164</row0>
															<row1>-0.005967 0.995792 -0.091446</row1>
															<row2>-0.654307 0.065266 0.753408</row2>
															<row3>0.093843 0.000000 0.000000</row3>
														</transform>
														<node>
															<identifier>nyGirl01_hair05_left_jnt</identifier>
															<transform>
																<row0>1.000000 0.000000 0.000000</row0>
																<row1>-0.000000 1.000000 0.000000</row1>
																<row2>-0.000000 0.000000 1.000000</row2>
																<row3>0.093280 -0.000000 0.000000</row3>
															</transform>
															<node>
																<identifier>nyGirl01_hair05_left_jnt_BlendBone</identifier>
																<transform>
																	<row0>0.561730 -0.078881 0.823552</row0>
																	<row1>-0.815550 0.114527 0.567241</row1>
																	<row2>0.139064 0.990283 -0.000002</row2>
																	<row3>0.778241 -0.254610 -0.733466</row3>
																</transform>
															</node>
														</node>
														<node>
															<identifier>nyGirl01_hair04_left_jnt_BlendBone</identifier>
															<transform>
																<row0>0.561730 -0.078881 0.823552</row0>
																<row1>-0.815550 0.114527 0.567241</row1>
																<row2>0.139064 0.990283 -0.000002</row2>
																<row3>0.871522 -0.254610 -0.733466</row3>
															</transform>
														</node>
													</node>
													<node>
														<identifier>nyGirl01_hair03_left_jnt_BlendBone</identifier>
														<transform>
															<row0>-0.113602 0.011336 0.993462</row0>
															<row1>-0.988556 0.098604 -0.114166</row1>
															<row2>0.099253 0.995062 -0.000005</row2>
															<row3>1.234324 -0.245345 0.038188</row3>
														</transform>
													</node>
												</node>
												<node>
													<identifier>nyGirl01_hair02_left_jnt_BlendBone</identifier>
													<transform>
														<row0>0.108768 -0.021369 0.993837</row0>
														<row1>-0.975185 0.191643 0.110847</row1>
														<row2>0.192831 0.981232 -0.000005</row2>
														<row3>1.283335 -0.356410 -0.242837</row3>
													</transform>
												</node>
											</node>
											<node>
												<identifier>nyGirl01_hair01_left_jnt_BlendBone</identifier>
												<transform>
													<row0>0.151198 -0.032309 0.987975</row0>
													<row1>-0.966155 0.206493 0.154612</row1>
													<row2>0.209005 0.977915 -0.000005</row2>
													<row3>1.367817 -0.375039 -0.301223</row3>
												</transform>
											</node>
										</node>
										<node>
											<identifier>nyGirl01_hair01_right_jnt</identifier>
											<transform>
												<row0>-0.973616 0.216167 0.073104</row0>
												<row1>0.215560 0.976356 -0.016185</row1>
												<row2>-0.074874 -0.000000 -0.997193</row2>
												<row3>-0.022522 0.070455 0.073442</row3>
											</transform>
											<node>
												<identifier>nyGirl01_hair02_right_jnt</identifier>
												<transform>
													<row0>0.997434 -0.023593 0.067597</row0>
													<row1>0.024544 0.999611 -0.013269</row1>
													<row2>-0.067258 0.014894 0.997624</row2>
													<row3>0.102316 0.000000 0.000000</row3>
												</transform>
												<node>
													<identifier>nyGirl01_hair03_right_jnt</identifier>
													<transform>
														<row0>0.993494 -0.091744 0.067475</row0>
														<row1>0.092415 0.995697 -0.006878</row1>
														<row2>-0.066554 0.013069 0.997697</row2>
														<row3>0.098231 0.000000 0.000000</row3>
													</transform>
													<node>
														<identifier>nyGirl01_hair04_right_jnt</identifier>
														<transform>
															<row0>0.937198 0.069958 -0.341709</row0>
															<row1>-0.053636 0.996932 0.056997</row1>
															<row2>0.344648 -0.035090 0.938076</row2>
															<row3>0.093986 -0.000000 0.000000</row3>
														</transform>
														<node>
															<identifier>nyGirl01_hair05_right_jnt</identifier>
															<transform>
																<row0>1.000000 -0.000000 -0.000000</row0>
																<row1>0.000000 1.000000 0.000000</row1>
																<row2>0.000001 -0.000000 1.000000</row2>
																<row3>0.080182 0.000000 -0.000000</row3>
															</transform>
															<node>
																<identifier>nyGirl01_hair05_right_jnt_BlendBone</identifier>
																<transform>
																	<row0>-0.283852 0.047341 0.957699</row0>
																	<row1>-0.944646 0.157577 -0.287773</row1>
																	<row2>0.164534 0.986371 0.000008</row2>
																	<row3>0.968029 -0.308135 0.403798</row3>
																</transform>
															</node>
														</node>
														<node>
															<identifier>nyGirl01_hair04_right_jnt_BlendBone</identifier>
															<transform>
																<row0>-0.283852 0.047341 0.957699</row0>
																<row1>-0.944646 0.157577 -0.287773</row1>
																<row2>0.164534 0.986371 0.000008</row2>
																<row3>1.048211 -0.308135 0.403798</row3>
															</transform>
														</node>
													</node>
													<node>
														<identifier>nyGirl01_hair03_right_jnt_BlendBone</identifier>
														<transform>
															<row0>0.061504 -0.006268 0.998087</row0>
															<row1>-0.992953 0.101105 0.061823</row1>
															<row2>0.101299 0.994856 0.000005</row2>
															<row3>1.232062 -0.248028 0.003048</row3>
														</transform>
													</node>
												</node>
												<node>
													<identifier>nyGirl01_hair02_right_jnt_BlendBone</identifier>
													<transform>
														<row0>-0.005902 0.001161 0.999982</row0>
														<row1>-0.981264 0.192576 -0.006015</row1>
														<row2>0.192579 0.981282 -0.000003</row2>
														<row3>1.299153 -0.359955 0.087881</row3>
													</transform>
												</node>
											</node>
											<node>
												<identifier>nyGirl01_hair01_right_jnt_BlendBone</identifier>
												<transform>
													<row0>-0.073115 0.016193 0.997192</row0>
													<row1>-0.973614 0.215562 -0.074887</row1>
													<row2>0.216169 0.976356 -0.000005</row2>
													<row3>1.383389 -0.389157 0.180268</row3>
												</transform>
											</node>
										</node>
										<node>
											<identifier>nyGirl01_headTip_jnt</identifier>
											<transform>
												<row0>0.000000 0.000000 -1.000000</row0>
												<row1>1.000000 0.000000 0.000000</row1>
												<row2>0.000000 -1.000000 0.000000</row2>
												<row3>0.162587 0.000000 0.000000</row3>
											</transform>
											<node>
												<identifier>nyGirl01_headTip_jnt_BlendBone</identifier>
												<transform>
													<row0>1.000000 0.000013 -0.000005</row0>
													<row1>-0.000013 1.000000 -0.000002</row1>
													<row2>-0.000005 -0.000002 -1.000000</row2>
													<row3>-0.001111 -1.629382 0.010457</row3>
												</transform>
											</node>
										</node>
										<node>
											<identifier>nyGirl01_head_jnt_BlendBone</identifier>
											<transform>
												<row0>0.000013 0.000005 -1.000000</row0>
												<row1>1.000000 0.000002 0.000013</row1>
												<row2>-0.000002 1.000000 0.000005</row2>
												<row3>-1.466796 -0.010457 0.001111</row3>
											</transform>
										</node>
									</node>
									<node>
										<identifier>nyGirl01_neck_jnt_BlendBone</identifier>
										<transform>
											<row0>0.005424 0.000203 -0.999985</row0>
											<row1>0.999322 0.036419 0.005428</row1>
											<row2>-0.036420 0.999336 0.000005</row2>
											<row3>-1.359423 -0.063867 -0.006832</row3>
										</transform>
									</node>
								</node>
								<node>
									<identifier>nyGirl01_shoulder_left_jnt</identifier>
									<transform>
										<row0>-0.046089 -0.261350 -0.964143</row0>
										<row1>-0.084188 0.962751 -0.256948</row1>
										<row2>0.995384 0.069327 -0.066375</row2>
										<row3>0.045779 -0.000741 -0.032183</row3>
									</transform>
									<node>
										<identifier>nyGirl01_arm_left_jnt</identifier>
										<transform>
											<row0>0.690029 0.376951 -0.617873</row0>
											<row1>-0.404199 0.908846 0.103065</row1>
											<row2>0.600402 0.178626 0.779494</row2>
											<row3>0.124484 -0.000000 0.000000</row3>
										</transform>
										<node>
											<identifier>nyGirl01_foreArm_left_jnt</identifier>
											<transform>
												<row0>0.955119 0.293034 0.043339</row0>
												<row1>-0.293226 0.956041 -0.002002</row1>
												<row2>-0.042020 -0.010796 0.999058</row2>
												<row3>0.234796 0.000000 0.000000</row3>
											</transform>
											<node>
												<identifier>nyGirl01_hand_left_jnt</identifier>
												<transform>
													<row0>0.982880 -0.181125 0.033769</row0>
													<row1>0.178179 0.981059 0.075995</row1>
													<row2>-0.046894 -0.068677 0.996536</row2>
													<row3>0.216818 0.000000 0.000000</row3>
												</transform>
												<node>
													<identifier>nyGirl01_index00_left_jnt</identifier>
													<transform>
														<row0>0.998627 0.050062 -0.015446</row0>
														<row1>-0.003019 0.349316 0.937000</row1>
														<row2>0.052303 -0.935667 0.348987</row2>
														<row3>0.021690 0.019576 0.002977</row3>
													</transform>
													<node>
														<identifier>nyGirl01_index01_left_jnt</identifier>
														<transform>
															<row0>0.910943 -0.408533 0.057299</row0>
															<row1>0.359065 0.853580 0.377458</row1>
															<row2>-0.203113 -0.323269 0.924252</row2>
															<row3>0.054236 0.000000 0.000000</row3>
														</transform>
														<node>
															<identifier>nyGirl01_index02_left_jnt</identifier>
															<transform>
																<row0>0.986818 -0.154150 0.049280</row0>
																<row1>0.153073 0.987900 0.024954</row1>
																<row2>-0.052530 -0.017081 0.998473</row2>
																<row3>0.037811 0.000000 0.000000</row3>
															</transform>
															<node>
																<identifier>nyGirl01_index03_left_jnt</identifier>
																<transform>
																	<row0>0.993234 -0.116133 -0.000054</row0>
																	<row1>0.116123 0.993151 0.012868</row1>
																	<row2>-0.001441 -0.012787 0.999917</row2>
																	<row3>0.020450 0.000000 -0.000000</row3>
																</transform>
																<node>
																	<identifier>nyGirl01_index04_left_jnt</identifier>
																	<transform>
																		<row0>1.000000 -0.000000 0.000000</row0>
																		<row1>0.000000 1.000000 0.000000</row1>
																		<row2>0.000000 -0.000000 1.000000</row2>
																		<row3>0.025984 0.000000 0.000000</row3>
																	</transform>
																	<node>
																		<identifier>nyGirl01_index04_left_jnt_BlendBone</identifier>
																		<transform>
																			<row0>0.221996 0.974741 0.024441</row0>
																			<row1>-0.968885 0.223338 -0.106686</row1>
																			<row2>0.109450 -0.000003 -0.993992</row2>
																			<row3>0.720329 -0.738050 0.266410</row3>
																		</transform>
																	</node>
																</node>
																<node>
																	<identifier>nyGirl01_index03_left_jnt_BlendBone</identifier>
																	<transform>
																		<row0>0.221996 0.974741 0.024441</row0>
																		<row1>-0.968885 0.223338 -0.106686</row1>
																		<row2>0.109450 -0.000003 -0.993992</row2>
																		<row3>0.746313 -0.738050 0.266410</row3>
																	</transform>
																</node>
															</node>
															<node>
																<identifier>nyGirl01_index02_left_jnt_BlendBone</identifier>
																<transform>
																	<row0>0.333649 0.941972 0.036970</row0>
																	<row1>-0.936241 0.335691 -0.103751</row1>
																	<row2>0.110141 -0.000004 -0.993916</row2>
																	<row3>0.675624 -0.823073 0.256851</row3>
																</transform>
															</node>
														</node>
														<node>
															<identifier>nyGirl01_index01_left_jnt_BlendBone</identifier>
															<transform>
																<row0>0.471500 0.878510 0.076862</row0>
																<row1>-0.867064 0.477724 -0.141354</row1>
																<row2>0.160899 -0.000004 -0.986971</row2>
																<row3>0.565046 -0.921649 0.269215</row3>
															</transform>
														</node>
													</node>
													<node>
														<identifier>nyGirl01_index00_left_jnt_BlendBone</identifier>
														<transform>
															<row0>0.729340 0.532408 0.429656</row0>
															<row1>-0.589601 0.807694 -0.000008</row1>
															<row2>0.347035 0.253320 -0.902992</row2>
															<row3>0.183349 -1.104570 -0.066685</row3>
														</transform>
													</node>
												</node>
												<node>
													<identifier>nyGirl01_midle00_left_jnt</identifier>
													<transform>
														<row0>0.995200 -0.095286 -0.022297</row0>
														<row1>0.045420 0.247936 0.967711</row1>
														<row2>-0.086681 -0.964079 0.251074</row2>
														<row3>0.023548 0.005737 0.009071</row3>
													</transform>
													<node>
														<identifier>nyGirl01_midle01_left_jnt</identifier>
														<transform>
															<row0>0.883011 -0.461574 -0.085099</row0>
															<row1>0.467370 0.848055 0.249735</row1>
															<row2>-0.043103 -0.260292 0.964568</row2>
															<row3>0.052891 -0.000000 -0.000000</row3>
														</transform>
														<node>
															<identifier>nyGirl01_midle02_left_jnt</identifier>
															<transform>
																<row0>0.959004 -0.282695 0.019891</row0>
																<row1>0.281312 0.958103 0.053863</row1>
																<row2>-0.034284 -0.046059 0.998350</row2>
																<row3>0.038729 0.000000 -0.000000</row3>
															</transform>
															<node>
																<identifier>nyGirl01_midle03_left_jnt</identifier>
																<transform>
																	<row0>0.998727 -0.025321 0.043632</row0>
																	<row1>0.025166 0.999675 0.004100</row1>
																	<row2>-0.043722 -0.002997 0.999039</row2>
																	<row3>0.025511 0.000000 0.000000</row3>
																</transform>
																<node>
																	<identifier>nyGirl01_midle04_left_jnt</identifier>
																	<transform>
																		<row0>1.000000 -0.000000 0.000000</row0>
																		<row1>0.000000 1.000000 -0.000000</row1>
																		<row2>-0.000000 -0.000000 1.000000</row2>
																		<row3>0.024585 0.000000 -0.000000</row3>
																	</transform>
																	<node>
																		<identifier>nyGirl01_midle04_left_jnt_BlendBone</identifier>
																		<transform>
																			<row0>0.056869 0.998359 0.006729</row0>
																			<row1>-0.991438 0.057266 -0.117353</row1>
																			<row2>0.117546 -0.000002 -0.993067</row2>
																			<row3>0.823680 -0.597331 0.266825</row3>
																		</transform>
																	</node>
																</node>
																<node>
																	<identifier>nyGirl01_midle03_left_jnt_BlendBone</identifier>
																	<transform>
																		<row0>0.056869 0.998359 0.006729</row0>
																		<row1>-0.991438 0.057266 -0.117353</row1>
																		<row2>0.117546 -0.000002 -0.993067</row2>
																		<row3>0.848264 -0.597330 0.266825</row3>
																	</transform>
																</node>
															</node>
															<node>
																<identifier>nyGirl01_midle02_left_jnt_BlendBone</identifier>
																<transform>
																	<row0>0.081627 0.996574 0.013298</row0>
																	<row1>-0.983603 0.082703 -0.160264</row1>
																	<row2>0.160815 -0.000002 -0.986985</row2>
																	<row3>0.845997 -0.619414 0.301131</row3>
																</transform>
															</node>
														</node>
														<node>
															<identifier>nyGirl01_midle01_left_jnt_BlendBone</identifier>
															<transform>
																<row0>0.358174 0.931133 0.068578</row0>
																<row1>-0.914519 0.364680 -0.175110</row1>
																<row2>0.188060 -0.000004 -0.982158</row2>
																<row3>0.665470 -0.846492 0.284098</row3>
															</transform>
														</node>
													</node>
													<node>
														<identifier>nyGirl01_midle00_left_jnt_BlendBone</identifier>
														<transform>
															<row0>0.748498 0.606479 0.268205</row0>
															<row1>-0.629542 0.776966 -0.000007</row1>
															<row2>0.208390 0.168841 -0.963362</row2>
															<row3>0.232638 -1.098984 0.006002</row3>
														</transform>
													</node>
												</node>
												<node>
													<identifier>nyGirl01_mittens01_left_jnt</identifier>
													<transform>
														<row0>0.720482 -0.216822 -0.658706</row0>
														<row1>0.253167 0.966543 -0.041240</row1>
														<row2>0.645610 -0.137050 0.751269</row2>
														<row3>-0.006956 0.008248 -0.032541</row3>
													</transform>
													<node>
														<identifier>nyGirl01_mittens02_left_jnt</identifier>
														<transform>
															<row0>0.972452 -0.066707 -0.223355</row0>
															<row1>0.068200 0.997671 -0.001029</row1>
															<row2>0.222903 -0.014232 0.974737</row2>
															<row3>0.113979 0.000000 -0.000000</row3>
														</transform>
														<node>
															<identifier>nyGirl01_mittens03_left_jnt</identifier>
															<transform>
																<row0>1.000000 0.000000 0.000000</row0>
																<row1>0.000000 1.000000 0.000000</row1>
																<row2>-0.000000 0.000000 1.000000</row2>
																<row3>0.187273 0.000000 -0.000000</row3>
															</transform>
															<node>
																<identifier>nyGirl01_mittens03_left_jnt_BlendBone</identifier>
																<transform>
																	<row0>-0.065451 -0.000302 0.997856</row0>
																	<row1>-0.997845 -0.004593 -0.065451</row1>
																	<row2>-0.004603 0.999989 0.000000</row2>
																	<row3>0.716390 -0.142700 -0.400790</row3>
																</transform>
															</node>
														</node>
														<node>
															<identifier>nyGirl01_mittens02_left_jnt_BlendBone</identifier>
															<transform>
																<row0>-0.065451 -0.000302 0.997856</row0>
																<row1>-0.997845 -0.004593 -0.065451</row1>
																<row2>-0.004603 0.999989 0.000000</row2>
																<row3>0.903663 -0.142700 -0.400790</row3>
															</transform>
														</node>
													</node>
													<node>
														<identifier>nyGirl01_mittens01_left_jnt_BlendBone</identifier>
														<transform>
															<row0>0.158757 -0.010136 0.987266</row0>
															<row1>-0.985259 0.062912 0.159080</row1>
															<row2>0.063724 0.997968 -0.000001</row2>
															<row3>0.893679 -0.196944 -0.592355</row3>
														</transform>
													</node>
												</node>
												<node>
													<identifier>nyGirl01_pinky00_left_jnt</identifier>
													<transform>
														<row0>0.961428 -0.174643 -0.212499</row0>
														<row1>0.244091 0.185601 0.951826</row1>
														<row2>-0.126789 -0.966981 0.221070</row2>
														<row3>0.017920 -0.021026 0.002895</row3>
													</transform>
													<node>
														<identifier>nyGirl01_pinky01_left_jnt</identifier>
														<transform>
															<row0>0.934719 -0.355361 0.004330</row0>
															<row1>0.346685 0.914441 0.208822</row1>
															<row2>-0.078167 -0.193688 0.977944</row2>
															<row3>0.039603 0.000000 0.000000</row3>
														</transform>
														<node>
															<identifier>nyGirl01_pinky02_left_jnt</identifier>
															<transform>
																<row0>0.888679 -0.413510 -0.198141</row0>
																<row1>0.426793 0.903924 0.027758</row1>
																<row2>0.167626 -0.109233 0.979780</row2>
																<row3>0.029443 0.000000 0.000000</row3>
															</transform>
															<node>
																<identifier>nyGirl01_pinky03_left_jnt</identifier>
																<transform>
																	<row0>0.997981 -0.054629 -0.032383</row0>
																	<row1>0.055123 0.998373 0.014561</row1>
																	<row2>0.031535 -0.016317 0.999369</row2>
																	<row3>0.015407 -0.000000 0.000000</row3>
																</transform>
																<node>
																	<identifier>nyGirl01_pinky04_left_jnt</identifier>
																	<transform>
																		<row0>1.000000 -0.000000 0.000000</row0>
																		<row1>-0.000000 1.000000 -0.000000</row1>
																		<row2>0.000000 -0.000000 1.000000</row2>
																		<row3>0.017100 0.000000 -0.000000</row3>
																	</transform>
																	<node>
																		<identifier>nyGirl01_pinky04_left_jnt_BlendBone</identifier>
																		<transform>
																			<row0>-0.176336 0.982920 -0.052671</row0>
																			<row1>-0.941805 -0.184034 -0.281310</row1>
																			<row2>0.286199 -0.000001 -0.958170</row2>
																			<row3>0.903179 -0.341050 0.408032</row3>
																		</transform>
																	</node>
																</node>
																<node>
																	<identifier>nyGirl01_pinky03_left_jnt_BlendBone</identifier>
																	<transform>
																		<row0>-0.176336 0.982920 -0.052671</row0>
																		<row1>-0.941805 -0.184034 -0.281310</row1>
																		<row2>0.286199 -0.000001 -0.958170</row2>
																		<row3>0.920279 -0.341050 0.408032</row3>
																	</transform>
																</node>
															</node>
															<node>
																<identifier>nyGirl01_pinky02_left_jnt_BlendBone</identifier>
																<transform>
																	<row0>-0.123460 0.991813 -0.032615</row0>
																	<row1>-0.958919 -0.127695 -0.253314</row1>
																	<row2>0.255405 -0.000001 -0.966834</row2>
																	<row3>0.927896 -0.397427 0.373007</row3>
																</transform>
															</node>
														</node>
														<node>
															<identifier>nyGirl01_pinky01_left_jnt_BlendBone</identifier>
															<transform>
																<row0>0.308115 0.951138 0.020037</row0>
																<row1>-0.949132 0.308766 -0.061736</row1>
																<row2>0.064906 -0.000004 -0.997891</row2>
																<row3>0.746951 -0.783682 0.170580</row3>
															</transform>
														</node>
													</node>
													<node>
														<identifier>nyGirl01_pinky00_left_jnt_BlendBone</identifier>
														<transform>
															<row0>0.616180 0.756387 0.219548</row0>
															<row1>-0.775302 0.631591 -0.000007</row1>
															<row2>0.138670 0.170212 -0.975602</row2>
															<row3>0.452768 -1.015108 0.006402</row3>
														</transform>
													</node>
												</node>
												<node>
													<identifier>nyGirl01_ring00_left_jnt</identifier>
													<transform>
														<row0>0.981348 -0.158848 -0.108274</row0>
														<row1>0.139132 0.198209 0.970235</row1>
														<row2>-0.132659 -0.967202 0.216613</row2>
														<row3>0.020281 -0.007685 0.008322</row3>
													</transform>
													<node>
														<identifier>nyGirl01_ring01_left_jnt</identifier>
														<transform>
															<row0>0.916207 -0.394756 -0.068788</row0>
															<row1>0.400350 0.894590 0.198564</row1>
															<row2>-0.016847 -0.209465 0.977671</row2>
															<row3>0.050033 0.000000 0.000000</row3>
														</transform>
														<node>
															<identifier>nyGirl01_ring02_left_jnt</identifier>
															<transform>
																<row0>1.000000 0.000000 0.000000</row0>
																<row1>0.000000 1.000000 -0.000000</row1>
																<row2>0.000000 -0.000000 1.000000</row2>
																<row3>0.033975 0.000000 -0.000000</row3>
															</transform>
															<node>
																<identifier>nyGirl01_ring03_left_jnt</identifier>
																<transform>
																	<row0>0.998779 -0.049375 -0.001693</row0>
																	<row1>0.049388 0.998744 0.008429</row1>
																	<row2>0.001275 -0.008502 0.999963</row2>
																	<row3>0.025148 0.000000 -0.000000</row3>
																</transform>
																<node>
																	<identifier>nyGirl01_ring04_left_jnt</identifier>
