<?xml version="1.0" encoding="utf-8"?>
<root>
	<node>
		<identifier>Scene Root</identifier>
		<transform>
			<row0>1.000000 0.000000 0.000000</row0>
			<row1>0.000000 1.000000 0.000000</row1>
			<row2>0.000000 0.000000 1.000000</row2>
			<row3>0.000000 0.000000 0.000000</row3>
		</transform>
		<node>
			<identifier>nodes_01</identifier>
			<transform>
				<row0>1.000000 0.000000 0.000000</row0>
				<row1>0.000000 1.000000 0.000000</row1>
				<row2>0.000000 0.000000 1.000000</row2>
				<row3>0.000000 0.000000 0.000000</row3>
			</transform>
			<node>
				<identifier>HP_Fire_1</identifier>
				<transform>
					<row0>1.000000 0.000000 0.000000</row0>
					<row1>0.000000 1.000000 0.000000</row1>
					<row2>0.000000 0.000000 1.000000</row2>
					<row3>0.000000 0.109746 -1.827819</row3>
				</transform>
			</node>
			<node>
				<identifier>HP_Fire_2</identifier>
				<transform>
					<row0>1.000000 0.000000 0.000000</row0>
					<row1>0.000000 1.000000 0.000000</row1>
					<row2>0.000000 0.000000 1.000000</row2>
					<row3>-0.519865 0.109746 1.635434</row3>
				</transform>
			</node>
			<node>
				<identifier>HP_TrackUp_LFront</identifier>
				<transform>
					<row0>1.000000 0.000000 0.000000</row0>
					<row1>0.000000 0.938969 0.344002</row1>
					<row2>0.000000 -0.344002 0.938969</row2>
					<row3>-1.454499 0.124897 2.973462</row3>
				</transform>
			</node>
			<node>
				<identifier>HP_TrackUp_LRear</identifier>
				<transform>
					<row0>-1.000000 0.000000 0.000000</row0>
					<row1>0.000000 0.835620 -0.549308</row1>
					<row2>-0.000000 -0.549308 -0.835620</row2>
					<row3>-1.454499 0.126570 -3.176619</row3>
				</transform>
			</node>
			<node>
				<identifier>HP_TrackUp_RFront</identifier>
				<transform>
					<row0>1.000000 0.000000 0.000000</row0>
					<row1>0.000000 0.938969 0.344002</row1>
					<row2>0.000000 -0.344002 0.938969</row2>
					<row3>1.454557 0.124897 2.973462</row3>
				</transform>
			</node>
			<node>
				<identifier>HP_TrackUp_RRear</identifier>
				<transform>
					<row0>-1.000000 0.000000 0.000000</row0>
					<row1>0.000000 0.835620 -0.549308</row1>
					<row2>-0.000000 -0.549308 -0.835620</row2>
					<row3>1.454557 0.126570 -3.176619</row3>
				</transform>
			</node>
			<node>
				<identifier>HP_Track_Exhaus_1</identifier>
				<transform>
					<row0>0.992476 -0.110171 0.053423</row0>
					<row1>0.000000 -0.436320 -0.899792</row1>
					<row2>0.122441 0.893021 -0.433037</row2>
					<row3>-0.547736 0.688506 -3.850549</row3>
				</transform>
			</node>
			<node>
				<identifier>HP_Track_Exhaus_2</identifier>
				<transform>
					<row0>0.994917 0.089408 -0.046320</row0>
					<row1>-0.000000 -0.460003 -0.887917</row1>
					<row2>-0.100694 0.883405 -0.457665</row2>
					<row3>0.557231 0.691907 -3.844438</row3>
				</transform>
			</node>
			<node>
				<identifier>HP_turretJoint</identifier>
				<transform>
					<row0>1.000000 0.000000 0.000000</row0>
					<row1>0.000000 1.000000 0.000000</row1>
					<row2>0.000000 0.000000 1.000000</row2>
					<row3>0.000000 0.637912 0.082520</row3>
				</transform>
			</node>
		</node>
	</node>
	<renderSet>
		<treatAsWorldSpaceObject>false</treatAsWorldSpaceObject>
		<node>Scene Root</node>
		<geometry>
			<vertices>vertices</vertices>
			<primitive>indices</primitive>
			<primitiveGroup>
				0
				<material>
					<identifier>tank_hull_01</identifier>
					<fx>shaders/std_effects/PBS_tank.fx</fx>
					<materialKind>0</materialKind>
					<collisionFlags>0</collisionFlags>
					<property>
						alphaReference
						<Int>64</Int>
					</property>
					<property>
						diffuseMap
						<Texture>vehicles/german/G73_E50_Ausf_M/_skin/G73_E50_Ausf_M_3DSt/E50_Ausf_M_3DSt_hull_AM.dds</Texture>
					</property>
					<property>
						excludeMaskAndAOMap
						<Texture>vehicles/german/G73_E50_Ausf_M/_skin/G73_E50_Ausf_M_3DSt/E50_Ausf_M_3DSt_hull_AO.dds</Texture>
					</property>
					<property>
						g_detailUVTiling
						<Vector4>7.013700 7.013700 0.000000 0.000000</Vector4>
					</property>
					<property>
						metallicDetailMap
						<Texture>vehicles/russian/Tank_detail/Details_map.dds</Texture>
					</property>
					<property>
						metallicGlossMap
						<Texture>vehicles/german/G73_E50_Ausf_M/_skin/G73_E50_Ausf_M_3DSt/E50_Ausf_M_3DSt_hull_GMM.dds</Texture>
					</property>
					<property>
						normalMap
						<Texture>vehicles/german/G73_E50_Ausf_M/_skin/G73_E50_Ausf_M_3DSt/E50_Ausf_M_3DSt_hull_ANM.dds</Texture>
					</property>
				</material>
				<groupOrigin>0.000030 -0.025236 -0.093014</groupOrigin>
			</primitiveGroup>
			<primitiveGroup>
				1
				<material>
					<identifier>tank_equipment</identifier>
					<fx>shaders/std_effects/PBS_tank.fx</fx>
					<materialKind>0</materialKind>
					<collisionFlags>0</collisionFlags>
					<property>
						diffuseMap
						<Texture>vehicles/german/G73_E50_Ausf_M/_skin/G73_E50_Ausf_M_3DSt/E50_Ausf_M_3DSt_equipment_AM.dds</Texture>
					</property>
					<property>
						excludeMaskAndAOMap
						<Texture>vehicles/german/G73_E50_Ausf_M/_skin/G73_E50_Ausf_M_3DSt/E50_Ausf_M_3DSt_equipment_AO.dds</Texture>
					</property>
					<property>
						g_detailUVTiling
						<Vector4>7.013700 3.507000 0.000000 0.000000</Vector4>
					</property>
					<property>
						metallicDetailMap
						<Texture>vehicles/russian/Tank_detail/Details_map.dds</Texture>
					</property>
					<property>
						metallicGlossMap
						<Texture>vehicles/german/G73_E50_Ausf_M/_skin/G73_E50_Ausf_M_3DSt/E50_Ausf_M_3DSt_equipment_GMM.dds</Texture>
					</property>
					<property>
						normalMap
						<Texture>vehicles/german/G73_E50_Ausf_M/_skin/G73_E50_Ausf_M_3DSt/E50_Ausf_M_3DSt_equipment_ANM.dds</Texture>
					</property>
				</material>
				<groupOrigin>-0.001703 0.050502 -0.347638</groupOrigin>
			</primitiveGroup>
		</geometry>
	</renderSet>
	<boundingBox>
		<min>-2.290443 -0.889825 -4.089236</min>
		<max>2.290503 0.839354 3.744308</max>
	</boundingBox>
	<geometrySize>85360</geometrySize>
	<minUVDensity>0.001442</minUVDensity>
</root>
