<?xml version="1.0" encoding="utf-8"?>
<root>
	<node>
		<identifier>Scene Root</identifier>
		<transform>
			<row0>1.000000 0.000000 0.000000</row0>
			<row1>0.000000 1.000000 0.000000</row1>
			<row2>0.000000 0.000000 1.000000</row2>
			<row3>0.000000 0.000000 0.000000</row3>
		</transform>
		<node>
			<identifier>lod0</identifier>
			<transform>
				<row0>1.000000 0.000000 0.000000</row0>
				<row1>0.000000 1.000000 0.000000</row1>
				<row2>0.000000 0.000000 1.000000</row2>
				<row3>0.000000 0.000000 0.000000</row3>
			</transform>
			<node>
				<identifier>HP_A140_attachment_hull</identifier>
				<transform>
					<row0>1.000000 0.000000 0.000000</row0>
					<row1>0.000000 1.000000 0.000000</row1>
					<row2>0.000000 0.000000 1.000000</row2>
					<row3>0.000000 0.000000 0.000000</row3>
				</transform>
			</node>
			<node>
				<identifier>hull</identifier>
				<transform>
					<row0>1.000000 0.000000 0.000000</row0>
					<row1>0.000000 1.000000 0.000000</row1>
					<row2>0.000000 0.000000 1.000000</row2>
					<row3>0.000000 0.000000 0.000000</row3>
				</transform>
			</node>
		</node>
		<node>
			<identifier>nodes_01</identifier>
			<transform>
				<row0>1.000000 0.000000 0.000000</row0>
				<row1>0.000000 1.000000 0.000000</row1>
				<row2>0.000000 0.000000 1.000000</row2>
				<row3>0.000000 0.000000 0.000000</row3>
			</transform>
			<node>
				<identifier>cap_1</identifier>
				<transform>
					<row0>0.999159 0.000000 -0.041004</row0>
					<row1>0.000000 1.000000 0.000000</row1>
					<row2>0.041004 0.000000 0.999159</row2>
					<row3>-0.272028 0.346143 -2.392665</row3>
				</transform>
				<node>
					<identifier>cap_1_BlendBone</identifier>
					<transform>
						<row0>0.999159 0.000000 0.041004</row0>
						<row1>0.000000 1.000000 0.000000</row1>
						<row2>0.041004 0.000000 -0.999159</row2>
						<row3>0.173689 -0.346143 2.401807</row3>
					</transform>
				</node>
			</node>
			<node>
				<identifier>cap_2</identifier>
				<transform>
					<row0>0.999546 0.000000 -0.030115</row0>
					<row1>0.000000 1.000000 0.000000</row1>
					<row2>0.030115 0.000000 0.999546</row2>
					<row3>0.001139 0.353388 -2.388496</row3>
				</transform>
				<node>
					<identifier>cap_2_BlendBone</identifier>
					<transform>
						<row0>0.999547 0.000000 0.030115</row0>
						<row1>0.000000 1.000000 0.000000</row1>
						<row2>0.030115 0.000000 -0.999547</row2>
						<row3>-0.073069 -0.353388 2.387378</row3>
					</transform>
				</node>
			</node>
			<node>
				<identifier>cap_3</identifier>
				<transform>
					<row0>0.999478 0.000000 -0.032311</row0>
					<row1>0.000000 1.000000 0.000000</row1>
					<row2>0.032311 0.000000 0.999478</row2>
					<row3>0.259749 0.348917 -2.389869</row3>
				</transform>
				<node>
					<identifier>cap_3_BlendBone</identifier>
					<transform>
						<row0>0.999478 0.000000 0.032311</row0>
						<row1>0.000000 1.000000 0.000000</row1>
						<row2>0.032311 0.000000 -0.999478</row2>
						<row3>-0.336832 -0.348917 2.380228</row3>
					</transform>
				</node>
			</node>
			<node>
				<identifier>fan</identifier>
				<transform>
					<row0>1.000000 0.000000 0.000000</row0>
					<row1>0.000000 1.000000 0.000000</row1>
					<row2>0.000000 0.000000 1.000000</row2>
					<row3>0.000000 0.407857 -1.807392</row3>
				</transform>
				<node>
					<identifier>fan_BlendBone</identifier>
					<transform>
						<row0>1.000000 0.000000 0.000000</row0>
						<row1>0.000000 1.000000 0.000000</row1>
						<row2>0.000000 0.000000 -1.000000</row2>
						<row3>0.000000 -0.407857 1.807392</row3>
					</transform>
				</node>
			</node>
			<node>
				<identifier>HP_A140_attachment_hull</identifier>
				<transform>
					<row0>1.000000 0.000000 0.000000</row0>
					<row1>0.000000 1.000000 0.000000</row1>
					<row2>0.000000 0.000000 1.000000</row2>
					<row3>0.000000 0.000000 0.000000</row3>
				</transform>
			</node>
			<node>
				<identifier>HP_Fire_1</identifier>
				<transform>
					<row0>1.000000 0.000000 0.000000</row0>
					<row1>0.000000 1.000000 0.000000</row1>
					<row2>0.000000 0.000000 1.000000</row2>
					<row3>-0.004139 -0.012561 -1.808275</row3>
				</transform>
			</node>
			<node>
				<identifier>HP_Fire_2</identifier>
				<transform>
					<row0>1.000000 0.000000 0.000000</row0>
					<row1>0.000000 1.000000 0.000000</row1>
					<row2>0.000000 0.000000 1.000000</row2>
					<row3>0.139993 -0.012561 1.344374</row3>
				</transform>
			</node>
			<node>
				<identifier>HP_TrackUp_LFront</identifier>
				<transform>
					<row0>1.000000 0.000000 0.000000</row0>
					<row1>0.000000 0.578771 0.815490</row1>
					<row2>0.000000 -0.815490 0.578771</row2>
					<row3>-1.333880 0.025398 2.628370</row3>
				</transform>
			</node>
			<node>
				<identifier>HP_TrackUp_LRear</identifier>
				<transform>
					<row0>-1.000000 0.000000 0.000000</row0>
					<row1>0.000000 0.568674 -0.822563</row1>
					<row2>-0.000000 -0.822563 -0.568674</row2>
					<row3>-1.333880 0.026806 -2.424153</row3>
				</transform>
			</node>
			<node>
				<identifier>HP_TrackUp_RFront</identifier>
				<transform>
					<row0>1.000000 0.000000 0.000000</row0>
					<row1>0.000000 0.578771 0.815490</row1>
					<row2>0.000000 -0.815490 0.578771</row2>
					<row3>1.333880 0.025398 2.628370</row3>
				</transform>
			</node>
			<node>
				<identifier>HP_TrackUp_RRear</identifier>
				<transform>
					<row0>-1.000000 0.000000 0.000000</row0>
					<row1>0.000000 0.568674 -0.822563</row1>
					<row2>-0.000000 -0.822563 -0.568674</row2>
					<row3>1.333880 0.026806 -2.424153</row3>
				</transform>
			</node>
			<node>
				<identifier>HP_Track_Exhaus_1</identifier>
				<transform>
					<row0>-0.000000 0.902986 0.429671</row0>
					<row1>1.000000 0.000000 0.000000</row1>
					<row2>-0.000000 0.429671 -0.902986</row2>
					<row3>0.188385 0.374353 -2.561590</row3>
				</transform>
			</node>
			<node>
				<identifier>HP_Track_Exhaus_2</identifier>
				<transform>
					<row0>-0.000000 0.902986 0.429671</row0>
					<row1>1.000000 0.000000 0.000000</row1>
					<row2>-0.000000 0.429671 -0.902986</row2>
					<row3>-0.220508 0.381200 -2.561590</row3>
				</transform>
			</node>
			<node>
				<identifier>HP_turretJoint</identifier>
				<transform>
					<row0>1.000000 0.000000 0.000000</row0>
					<row1>0.000000 1.000000 0.000000</row1>
					<row2>0.000000 0.000000 1.000000</row2>
					<row3>0.000000 0.319770 0.194300</row3>
				</transform>
			</node>
		</node>
	</node>
	<renderSet>
		<treatAsWorldSpaceObject>false</treatAsWorldSpaceObject>
		<node>Scene Root</node>
		<geometry>
			<vertices>vertices</vertices>
			<primitive>indices</primitive>
			<primitiveGroup>
				0
				<material>
					<identifier>tank_proxy</identifier>
					<property>
						selfIllumination
						<Float>0.000000</Float>
					</property>
					<collisionFlags>0</collisionFlags>
					<materialKind>0</materialKind>
					<fx>shaders/std_effects/PBS_tank.fx</fx>
					<property>
						metallicGlossMap
						<Texture>vehicles/american/A140_ASTRON_REX_105mm/_skins/A140_ASTRON_REX_105mm_SPD_3DSt/ASTRON_REX_105mm_SPD_3DSt_proxy_GMM.dds</Texture>
					</property>
					<property>
						normalMap
						<Texture>vehicles/american/A140_ASTRON_REX_105mm/_skins/A140_ASTRON_REX_105mm_SPD_3DSt/ASTRON_REX_105mm_SPD_3DSt_proxy_ANM.dds</Texture>
					</property>
					<property>
						diffuseMap
						<Texture>vehicles/american/A140_ASTRON_REX_105mm/_skins/A140_ASTRON_REX_105mm_SPD_3DSt/ASTRON_REX_105mm_SPD_3DSt_proxy_AM.dds</Texture>
					</property>
					<property>
						excludeMaskAndAOMap
						<Texture>vehicles/american/A140_ASTRON_REX_105mm/_skins/A140_ASTRON_REX_105mm_SPD_3DSt/ASTRON_REX_105mm_SPD_3DSt_proxy_AO.dds</Texture>
					</property>
					<property>
						colorIdMap
						<Texture>vehicles/russian/common/common_ID.dds</Texture>
					</property>
					<property>
						crashTileMap
						<Texture>vehicles/russian/Tank_detail/crash_tile.dds</Texture>
					</property>
				</material>
				<groupOrigin>-0.085341 -0.066829 0.022182</groupOrigin>
			</primitiveGroup>
		</geometry>
	</renderSet>
	<boundingBox>
		<min>-1.754372 -0.664888 -2.694818</min>
		<max>1.583690 0.531231 2.739182</max>
	</boundingBox>
	<geometrySize>3604</geometrySize>
	<minUVDensity>0.004746</minUVDensity>
</root>
