<?xml version="1.0" encoding="utf-8"?>
<root>
	<node>
		<identifier>Scene Root</identifier>
		<transform>
			<row0>1.000000 0.000000 0.000000</row0>
			<row1>0.000000 1.000000 0.000000</row1>
			<row2>0.000000 0.000000 1.000000</row2>
			<row3>0.000000 0.000000 0.000000</row3>
		</transform>
		<node>
			<identifier>nodes_01</identifier>
			<transform>
				<row0>1.000000 0.000000 0.000000</row0>
				<row1>0.000000 1.000000 0.000000</row1>
				<row2>0.000000 0.000000 1.000000</row2>
				<row3>0.000000 0.000000 0.000000</row3>
			</transform>
			<node>
				<identifier>HP_Fire_1</identifier>
				<transform>
					<row0>1.000000 0.000000 0.000000</row0>
					<row1>0.000000 0.008368 -0.999965</row1>
					<row2>0.000000 0.999965 0.008368</row2>
					<row3>0.000000 0.079347 -2.079257</row3>
				</transform>
			</node>
			<node>
				<identifier>HP_Fire_2</identifier>
				<transform>
					<row0>1.000000 0.000000 0.000000</row0>
					<row1>0.000000 0.003594 -0.999994</row1>
					<row2>0.000000 0.999994 0.003594</row2>
					<row3>-0.553906 0.079347 1.371275</row3>
				</transform>
			</node>
			<node>
				<identifier>HP_TrackUp_LFront</identifier>
				<transform>
					<row0>1.000000 0.000000 0.000000</row0>
					<row1>0.000000 0.978148 0.207912</row1>
					<row2>0.000000 -0.207912 0.978148</row2>
					<row3>-1.368783 0.142230 3.011450</row3>
				</transform>
			</node>
			<node>
				<identifier>HP_TrackUp_LRear</identifier>
				<transform>
					<row0>-1.000000 0.000000 0.000000</row0>
					<row1>0.000000 0.990268 -0.139173</row1>
					<row2>-0.000000 -0.139173 -0.990268</row2>
					<row3>-1.368783 -0.090503 -2.754589</row3>
				</transform>
			</node>
			<node>
				<identifier>HP_TrackUp_RFront</identifier>
				<transform>
					<row0>1.000000 0.000000 0.000000</row0>
					<row1>0.000000 0.978148 0.207912</row1>
					<row2>0.000000 -0.207912 0.978148</row2>
					<row3>1.368783 0.142230 3.011450</row3>
				</transform>
			</node>
			<node>
				<identifier>HP_TrackUp_RRear</identifier>
				<transform>
					<row0>-1.000000 0.000000 0.000000</row0>
					<row1>0.000000 0.990268 -0.139173</row1>
					<row2>-0.000000 -0.139173 -0.990268</row2>
					<row3>1.368783 -0.090503 -2.754590</row3>
				</transform>
			</node>
			<node>
				<identifier>HP_Track_Exhaus_1</identifier>
				<transform>
					<row0>0.047619 0.581561 0.812108</row0>
					<row1>0.998866 -0.027725 -0.038715</row1>
					<row2>-0.000000 0.813030 -0.582222</row2>
					<row3>-0.374079 0.764305 -3.730824</row3>
				</transform>
			</node>
			<node>
				<identifier>HP_Track_Exhaus_2</identifier>
				<transform>
					<row0>-0.040374 0.547251 0.835994</row0>
					<row1>0.999185 0.022113 0.033780</row1>
					<row2>-0.000000 0.836676 -0.547698</row2>
					<row3>0.370039 0.764304 -3.730292</row3>
				</transform>
			</node>
			<node>
				<identifier>HP_turretJoint</identifier>
				<transform>
					<row0>1.000000 0.000000 0.000000</row0>
					<row1>0.000000 1.000000 0.000000</row1>
					<row2>0.000000 0.000000 1.000000</row2>
					<row3>0.000000 0.723957 -0.265000</row3>
				</transform>
			</node>
		</node>
	</node>
	<renderSet>
		<treatAsWorldSpaceObject>false</treatAsWorldSpaceObject>
		<node>Scene Root</node>
		<geometry>
			<vertices>vertices</vertices>
			<primitive>indices</primitive>
			<primitiveGroup>
				0
				<material>
					<identifier>tank_hull_01</identifier>
					<property>
						selfIllumination
						<Float>0.000000</Float>
					</property>
					<collisionFlags>0</collisionFlags>
					<materialKind>0</materialKind>
					<fx>shaders/std_effects/PBS_tank.fx</fx>
					<property>
						metallicGlossMap
						<Texture>vehicles/german/G03_PzV_Panther/_skins/G03_PzV_Panther_E_3DSt/PzV_Panther_E_3DSt_hull_01_GMM.dds</Texture>
					</property>
					<property>
						normalMap
						<Texture>vehicles/german/G03_PzV_Panther/_skins/G03_PzV_Panther_E_3DSt/PzV_Panther_E_3DSt_hull_01_ANM.dds</Texture>
					</property>
					<property>
						diffuseMap
						<Texture>vehicles/german/G03_PzV_Panther/_skins/G03_PzV_Panther_E_3DSt/PzV_Panther_E_3DSt_hull_01_AM.dds</Texture>
					</property>
					<property>
						excludeMaskAndAOMap
						<Texture>vehicles/german/G03_PzV_Panther/_skins/G03_PzV_Panther_E_3DSt/PzV_Panther_E_3DSt_hull_01_AO.dds</Texture>
					</property>
					<property>
						g_detailUVTiling
						<Vector4>7.013700 7.013700 0.000000 0.000000</Vector4>
					</property>
					<property>
						metallicDetailMap
						<Texture>vehicles/russian/Tank_detail/Details_map.dds</Texture>
					</property>
				</material>
				<groupOrigin>-0.111948 0.134920 -0.233784</groupOrigin>
			</primitiveGroup>
			<primitiveGroup>
				1
				<material>
					<identifier>tank_net_01</identifier>
					<property>
						selfIllumination
						<Float>0.000000</Float>
					</property>
					<property>
						diffuseMap
						<Texture>vehicles/german/G04_PzVI_Tiger_I/_skins/G04_PzVI_Tiger_I_E_3DSt/PzVI_Tiger_I_E_3DSt_hull_01_03_AM.dds</Texture>
					</property>
					<collisionFlags>0</collisionFlags>
					<materialKind>0</materialKind>
					<fx>shaders/std_effects/PBS_tank.fx</fx>
					<property>
						alphaReference
						<Int>64</Int>
					</property>
					<property>
						alphaTestEnable
						<Bool>true</Bool>
					</property>
					<property>
						excludeMaskAndAOMap
						<Texture>vehicles/german/G04_PzVI_Tiger_I/_skins/G04_PzVI_Tiger_I_E_3DSt/PzVI_Tiger_I_E_3DSt_hull_01_03_AO.dds</Texture>
					</property>
					<property>
						g_detailUVTiling
						<Vector4>1.753000 1.753000 0.000000 0.000000</Vector4>
					</property>
					<property>
						metallicDetailMap
						<Texture>vehicles/russian/Tank_detail/Details_map.dds</Texture>
					</property>
					<property>
						metallicGlossMap
						<Texture>vehicles/german/G04_PzVI_Tiger_I/_skins/G04_PzVI_Tiger_I_E_3DSt/PzVI_Tiger_I_E_3DSt_hull_01_03_GMM.dds</Texture>
					</property>
					<property>
						normalMap
						<Texture>vehicles/german/G04_PzVI_Tiger_I/_skins/G04_PzVI_Tiger_I_E_3DSt/PzVI_Tiger_I_E_3DSt_hull_01_03_ANM.dds</Texture>
					</property>
				</material>
				<groupOrigin>0.057191 0.244042 -0.287280</groupOrigin>
			</primitiveGroup>
			<primitiveGroup>
				2
				<material>
					<identifier>tank_equipment_01</identifier>
					<property>
						selfIllumination
						<Float>0.000000</Float>
					</property>
					<property>
						diffuseMap
						<Texture>vehicles/german/G03_PzV_Panther/_skins/G03_PzV_Panther_E_3DSt/PzV_Panther_E_3DSt_equipment_AM.dds</Texture>
					</property>
					<collisionFlags>0</collisionFlags>
					<materialKind>0</materialKind>
					<fx>shaders/std_effects/PBS_tank.fx</fx>
					<property>
						alphaReference
						<Int>64</Int>
					</property>
					<property>
						alphaTestEnable
						<Bool>true</Bool>
					</property>
					<property>
						excludeMaskAndAOMap
						<Texture>vehicles/german/G03_PzV_Panther/_skins/G03_PzV_Panther_E_3DSt/PzV_Panther_E_3DSt_equipment_AO.dds</Texture>
					</property>
					<property>
						g_detailUVTiling
						<Vector4>7.000000 3.507000 0.000000 0.000000</Vector4>
					</property>
					<property>
						metallicDetailMap
						<Texture>vehicles/russian/Tank_detail/Details_map.dds</Texture>
					</property>
					<property>
						metallicGlossMap
						<Texture>vehicles/german/G03_PzV_Panther/_skins/G03_PzV_Panther_E_3DSt/PzV_Panther_E_3DSt_equipment_GMM.dds</Texture>
					</property>
					<property>
						normalMap
						<Texture>vehicles/german/G03_PzV_Panther/_skins/G03_PzV_Panther_E_3DSt/PzV_Panther_E_3DSt_equipment_ANM.dds</Texture>
					</property>
				</material>
				<groupOrigin>-0.075176 0.352312 -0.143982</groupOrigin>
			</primitiveGroup>
		</geometry>
	</renderSet>
	<boundingBox>
		<min>-2.083232 -0.676877 -3.802167</min>
		<max>1.932880 0.972644 3.334599</max>
	</boundingBox>
	<geometrySize>155108</geometrySize>
	<minUVDensity>0.001569</minUVDensity>
</root>
