<?xml version="1.0" encoding="utf-8"?>
<root>
	<node>
		<identifier>Scene Root</identifier>
		<transform>
			<row0>1.000000 0.000000 0.000000</row0>
			<row1>0.000000 1.000000 0.000000</row1>
			<row2>0.000000 0.000000 1.000000</row2>
			<row3>0.000000 0.000000 0.000000</row3>
		</transform>
		<node>
			<identifier>nodes_01</identifier>
			<transform>
				<row0>1.000000 0.000000 0.000000</row0>
				<row1>0.000000 1.000000 0.000000</row1>
				<row2>0.000000 0.000000 1.000000</row2>
				<row3>0.000000 0.000000 0.000000</row3>
			</transform>
			<node>
				<identifier>HP_Fire_1</identifier>
				<transform>
					<row0>1.000000 0.000000 0.000000</row0>
					<row1>0.000000 1.000000 0.000000</row1>
					<row2>0.000000 0.000000 1.000000</row2>
					<row3>0.000000 0.004211 -1.500000</row3>
				</transform>
			</node>
			<node>
				<identifier>HP_Fire_2</identifier>
				<transform>
					<row0>1.000000 0.000000 0.000000</row0>
					<row1>0.000000 1.000000 0.000000</row1>
					<row2>0.000000 0.000000 1.000000</row2>
					<row3>0.875027 0.542077 0.144764</row3>
				</transform>
			</node>
			<node>
				<identifier>HP_TrackUp_LFront</identifier>
				<transform>
					<row0>1.000000 0.000000 0.000000</row0>
					<row1>0.000000 0.309618 0.950861</row1>
					<row2>0.000000 -0.950861 0.309618</row2>
					<row3>-1.376684 -0.088040 3.275282</row3>
				</transform>
			</node>
			<node>
				<identifier>HP_TrackUp_LRear</identifier>
				<transform>
					<row0>-1.000000 0.000000 0.000000</row0>
					<row1>0.000000 0.126895 -0.991916</row1>
					<row2>-0.000000 -0.991916 -0.126895</row2>
					<row3>-1.376684 -0.181432 -3.216383</row3>
				</transform>
			</node>
			<node>
				<identifier>HP_TrackUp_RFront</identifier>
				<transform>
					<row0>1.000000 0.000000 0.000000</row0>
					<row1>0.000000 0.309618 0.950861</row1>
					<row2>0.000000 -0.950861 0.309618</row2>
					<row3>1.376684 -0.088040 3.275282</row3>
				</transform>
			</node>
			<node>
				<identifier>HP_TrackUp_RRear</identifier>
				<transform>
					<row0>-1.000000 0.000000 0.000000</row0>
					<row1>0.000000 0.126895 -0.991916</row1>
					<row2>-0.000000 -0.991916 -0.126895</row2>
					<row3>1.376684 -0.181432 -3.216383</row3>
				</transform>
			</node>
			<node>
				<identifier>HP_Track_Exhaus_1</identifier>
				<transform>
					<row0>1.000000 0.000000 0.000000</row0>
					<row1>0.000000 -0.777717 0.628615</row1>
					<row2>0.000000 -0.628615 -0.777717</row2>
					<row3>0.017249 0.372328 -3.041636</row3>
				</transform>
			</node>
			<node>
				<identifier>HP_turretJoint</identifier>
				<transform>
					<row0>1.000000 0.000000 0.000000</row0>
					<row1>0.000000 1.000000 0.000000</row1>
					<row2>0.000000 0.000000 1.000000</row2>
					<row3>0.000000 0.762506 2.597760</row3>
				</transform>
			</node>
		</node>
	</node>
	<renderSet>
		<treatAsWorldSpaceObject>false</treatAsWorldSpaceObject>
		<node>Scene Root</node>
		<geometry>
			<vertices>vertices</vertices>
			<primitive>indices</primitive>
			<primitiveGroup>
				0
				<material>
					<identifier>tank_hull_01</identifier>
					<property>
						selfIllumination
						<Float>0.000000</Float>
					</property>
					<collisionFlags>0</collisionFlags>
					<materialKind>0</materialKind>
					<fx>shaders/std_effects/PBS_tank.fx</fx>
					<property>
						metallicGlossMap
						<Texture>vehicles/poland/Pl29_NC_Wz_70T/NC_Wz_70T_hull_01_GMM.dds</Texture>
					</property>
					<property>
						normalMap
						<Texture>vehicles/poland/Pl29_NC_Wz_70T/NC_Wz_70T_hull_01_ANM.dds</Texture>
					</property>
					<property>
						diffuseMap
						<Texture>vehicles/poland/Pl29_NC_Wz_70T/NC_Wz_70T_hull_01_AM.dds</Texture>
					</property>
					<property>
						excludeMaskAndAOMap
						<Texture>vehicles/poland/Pl29_NC_Wz_70T/NC_Wz_70T_hull_01_AO.dds</Texture>
					</property>
					<property>
						colorIdMap
						<Texture>vehicles/russian/common/common_ID.dds</Texture>
					</property>
					<property>
						g_useDetailMetallic
						<Bool>true</Bool>
					</property>
					<property>
						metallicDetailMap
						<Texture>vehicles/russian/Tank_detail/Details_map.dds</Texture>
					</property>
					<property>
						g_detailUVTiling
						<Vector4>8.416438 8.416438 0.000000 0.000000</Vector4>
					</property>
				</material>
				<groupOrigin>0.000000 0.742710 -0.010362</groupOrigin>
			</primitiveGroup>
			<primitiveGroup>
				1
				<material>
					<identifier>tank_hull_02</identifier>
					<property>
						selfIllumination
						<Float>0.000000</Float>
					</property>
					<collisionFlags>0</collisionFlags>
					<materialKind>0</materialKind>
					<fx>shaders/std_effects/PBS_tank.fx</fx>
					<property>
						metallicGlossMap
						<Texture>vehicles/poland/Pl29_NC_Wz_70T/NC_Wz_70T_hull_01_2_GMM.dds</Texture>
					</property>
					<property>
						normalMap
						<Texture>vehicles/poland/Pl29_NC_Wz_70T/NC_Wz_70T_hull_01_2_ANM.dds</Texture>
					</property>
					<property>
						diffuseMap
						<Texture>vehicles/poland/Pl29_NC_Wz_70T/NC_Wz_70T_hull_01_2_AM.dds</Texture>
					</property>
					<property>
						excludeMaskAndAOMap
						<Texture>vehicles/poland/Pl29_NC_Wz_70T/NC_Wz_70T_hull_01_2_AO.dds</Texture>
					</property>
					<property>
						colorIdMap
						<Texture>vehicles/russian/common/common_ID.dds</Texture>
					</property>
					<property>
						g_useDetailMetallic
						<Bool>true</Bool>
					</property>
					<property>
						metallicDetailMap
						<Texture>vehicles/russian/Tank_detail/Details_map.dds</Texture>
					</property>
					<property>
						g_detailUVTiling
						<Vector4>4.208219 2.104110 0.000000 0.000000</Vector4>
					</property>
				</material>
				<groupOrigin>-0.025569 1.384693 -1.378814</groupOrigin>
			</primitiveGroup>
		</geometry>
	</renderSet>
	<boundingBox>
		<min>-1.749622 -0.501469 -3.542747</min>
		<max>1.749622 2.242203 3.522023</max>
	</boundingBox>
	<geometrySize>545948</geometrySize>
	<minUVDensity>0.001853</minUVDensity>
</root>
