<?xml version="1.0" encoding="utf-8"?>
<root>
	<node>
		<identifier>Scene Root</identifier>
		<transform>
			<row0>1.000000 0.000000 0.000000</row0>
			<row1>0.000000 1.000000 0.000000</row1>
			<row2>0.000000 0.000000 1.000000</row2>
			<row3>0.000000 0.000000 0.000000</row3>
		</transform>
		<node>
			<identifier>nyMan_root_jnt</identifier>
			<transform>
				<row0>1.000000 0.000000 0.000000</row0>
				<row1>0.000000 1.000000 0.000000</row1>
				<row2>0.000000 0.000000 1.000000</row2>
				<row3>0.000000 0.000000 0.000000</row3>
			</transform>
			<node>
				<identifier>nyMan_hips_jnt</identifier>
				<transform>
					<row0>0.000000 1.000000 0.000000</row0>
					<row1>-0.000000 0.000000 -1.000000</row1>
					<row2>-1.000000 0.000000 0.000000</row2>
					<row3>0.000000 0.922173 0.000000</row3>
				</transform>
				<node>
					<identifier>nyMan_leg_left_jnt</identifier>
					<transform>
						<row0>-0.994735 -0.035692 -0.096066</row0>
						<row1>0.020259 0.850406 -0.525737</row1>
						<row2>0.100459 -0.524915 -0.845205</row2>
						<row3>-0.049841 0.006890 -0.097444</row3>
					</transform>
					<node>
						<identifier>nyMan_knee_left_jnt</identifier>
						<transform>
							<row0>0.997944 -0.063979 -0.003784</row0>
							<row1>0.063967 0.997947 -0.003214</row1>
							<row2>0.003981 0.002966 0.999988</row2>
							<row3>0.362338 -0.000000 -0.000000</row3>
						</transform>
						<node>
							<identifier>nyMan_ancle_left_jnt</identifier>
							<transform>
								<row0>0.743896 0.660954 -0.098786</row0>
								<row1>-0.666191 0.745129 -0.031182</row1>
								<row2>0.052998 0.089007 0.994620</row2>
								<row3>0.383860 -0.000000 0.000000</row3>
							</transform>
							<node>
								<identifier>nyMan_toe_left_jnt</identifier>
								<transform>
									<row0>0.644024 0.763811 0.042729</row0>
									<row1>-0.763650 0.645202 -0.023493</row1>
									<row2>-0.045513 -0.017500 0.998810</row2>
									<row3>0.162538 -0.000000 0.000000</row3>
								</transform>
								<node>
									<identifier>nyMan_toe_left_jnt_BlendBone</identifier>
									<transform>
										<row0>0.487660 -0.045683 0.871838</row0>
										<row1>-0.020675 0.997746 0.063845</row1>
										<row2>0.872789 0.049160 -0.485616</row2>
										<row3>-0.142761 0.003247 -0.155320</row3>
									</transform>
								</node>
							</node>
							<node>
								<identifier>nyMan_ancle_left_jnt_BlendBone</identifier>
								<transform>
									<row0>0.309270 0.327748 0.892711</row0>
									<row1>-0.778150 0.626839 0.039445</row1>
									<row2>0.546658 0.706863 -0.448900</row2>
									<row3>0.075186 -0.104230 -0.161311</row3>
								</transform>
							</node>
						</node>
						<node>
							<identifier>nyMan_knee_left_jnt_BlendBone</identifier>
							<transform>
								<row0>0.059034 0.528086 0.847137</row0>
								<row1>-0.994366 -0.043735 0.096557</row1>
								<row2>-0.088040 0.848064 -0.522529</row2>
								<row3>0.500678 -0.042328 -0.164620</row3>
							</transform>
						</node>
					</node>
					<node>
						<identifier>nyMan_leg_left_jnt_BlendBone</identifier>
						<transform>
							<row0>0.096066 0.525737 0.845205</row0>
							<row1>-0.994735 0.020259 0.100459</row1>
							<row2>-0.035692 0.850406 -0.524915</row2>
							<row3>0.858624 -0.074762 -0.166377</row3>
						</transform>
					</node>
				</node>
				<node>
					<identifier>nyMan_leg_right_jnt</identifier>
					<transform>
						<row0>0.994735 0.035692 -0.096066</row0>
						<row1>-0.020259 -0.850406 -0.525737</row1>
						<row2>-0.100459 0.524915 -0.845205</row2>
						<row3>-0.049841 0.006890 0.097444</row3>
					</transform>
					<node>
						<identifier>nyMan_knee_right_jnt</identifier>
						<transform>
							<row0>0.997944 -0.063979 -0.003784</row0>
							<row1>0.063967 0.997947 -0.003214</row1>
							<row2>0.003982 0.002966 0.999988</row2>
							<row3>-0.362339 -0.000000 -0.000001</row3>
						</transform>
						<node>
							<identifier>nyMan_ancle_right_jnt</identifier>
							<transform>
								<row0>0.743920 0.660921 -0.098823</row0>
								<row1>-0.666160 0.745158 -0.031152</row1>
								<row2>0.053049 0.089006 0.994617</row2>
								<row3>-0.383860 -0.000000 0.000000</row3>
							</transform>
							<node>
								<identifier>nyMan_toe_right_jnt</identifier>
								<transform>
									<row0>0.644024 0.763811 0.042729</row0>
									<row1>-0.763650 0.645202 -0.023493</row1>
									<row2>-0.045513 -0.017500 0.998810</row2>
									<row3>-0.162538 -0.000000 -0.000000</row3>
								</transform>
								<node>
									<identifier>nyMan_toeTip_right_jnt</identifier>
									<transform>
										<row0>1.000000 0.000000 0.000000</row0>
										<row1>-0.000000 1.000000 -0.000006</row1>
										<row2>0.000000 0.000006 1.000000</row2>
										<row3>-0.111122 0.000000 -0.000000</row3>
									</transform>
									<node>
										<identifier>nyMan_toeTip_right_jnt_BlendBone</identifier>
										<transform>
											<row0>0.487663 -0.045625 0.871839</row0>
											<row1>0.020717 -0.997748 -0.063801</row1>
											<row2>-0.872786 -0.049175 0.485619</row2>
											<row3>0.253879 -0.003238 0.155315</row3>
										</transform>
									</node>
								</node>
								<node>
									<identifier>nyMan_toe_right_jnt_BlendBone</identifier>
									<transform>
										<row0>0.487663 -0.045620 0.871839</row0>
										<row1>0.020717 -0.997748 -0.063796</row1>
										<row2>-0.872786 -0.049173 0.485619</row2>
										<row3>0.142757 -0.003238 0.155315</row3>
									</transform>
								</node>
							</node>
							<node>
								<identifier>nyMan_ancle_right_jnt_BlendBone</identifier>
								<transform>
									<row0>0.309224 0.327791 0.892711</row0>
									<row1>0.778176 -0.626809 -0.039394</row1>
									<row2>-0.546647 -0.706869 0.448904</row2>
									<row3>-0.075196 0.104232 0.161306</row3>
								</transform>
							</node>
						</node>
						<node>
							<identifier>nyMan_knee_right_jnt_BlendBone</identifier>
							<transform>
								<row0>0.059034 0.528086 0.847137</row0>
								<row1>0.994366 0.043735 -0.096557</row1>
								<row2>0.088040 -0.848064 0.522529</row2>
								<row3>-0.500678 0.042328 0.164621</row3>
							</transform>
						</node>
					</node>
					<node>
						<identifier>nyMan_leg_right_jnt_BlendBone</identifier>
						<transform>
							<row0>0.096066 0.525737 0.845205</row0>
							<row1>0.994735 -0.020259 -0.100459</row1>
							<row2>0.035692 -0.850406 0.524915</row2>
							<row3>-0.858624 0.074762 0.166377</row3>
						</transform>
					</node>
				</node>
				<node>
					<identifier>nyMan_spine01_jnt</identifier>
					<transform>
						<row0>0.988915 0.148483 -0.000000</row0>
						<row1>-0.148483 0.988915 0.000000</row1>
						<row2>0.000000 0.000000 1.000000</row2>
						<row3>0.070496 0.000000 0.000000</row3>
					</transform>
					<node>
						<identifier>nyMan_spine02_jnt</identifier>
						<transform>
							<row0>0.990089 -0.140444 -0.000000</row0>
							<row1>0.140444 0.990089 -0.000000</row1>
							<row2>-0.000000 0.000000 1.000000</row2>
							<row3>0.139378 0.000000 0.000000</row3>
						</transform>
						<node>
							<identifier>nyMan_spine03_jnt</identifier>
							<transform>
								<row0>0.996837 -0.079475 0.000000</row0>
								<row1>0.079475 0.996837 0.000000</row1>
								<row2>0.000000 0.000000 1.000000</row2>
								<row3>0.137838 0.000000 -0.000000</row3>
							</transform>
							<node>
								<identifier>nyMan_chest_jnt</identifier>
								<transform>
									<row0>0.998970 -0.045371 -0.000000</row0>
									<row1>0.045371 0.998970 -0.000000</row1>
									<row2>0.000000 0.000000 1.000000</row2>
									<row3>0.120324 -0.000000 0.000000</row3>
								</transform>
								<node>
									<identifier>nyMan_neck01_jnt</identifier>
									<transform>
										<row0>0.981410 0.191922 0.000140</row0>
										<row1>-0.191922 0.981410 -0.000017</row1>
										<row2>-0.000140 -0.000010 1.000000</row2>
										<row3>0.112107 -0.000000 -0.000000</row3>
									</transform>
									<node>
										<identifier>nyMan_head_jnt</identifier>
										<transform>
											<row0>0.997090 -0.076233 -0.000137</row0>
											<row1>0.076233 0.997090 0.000003</row1>
											<row2>0.000137 -0.000013 1.000000</row2>
											<row3>0.110516 0.000000 -0.000000</row3>
										</transform>
										<node>
											<identifier>nyMan_headTip_jnt</identifier>
											<transform>
												<row0>0.000000 -0.000000 -1.000000</row0>
												<row1>1.000000 0.000000 -0.000000</row1>
												<row2>0.000000 -1.000000 -0.000000</row2>
												<row3>0.180468 0.000000 0.000000</row3>
											</transform>
											<node>
												<identifier>nyMan_headTip_jnt_BlendBone</identifier>
												<transform>
													<row0>1.000000 -0.000003 -0.000004</row0>
													<row1>0.000003 1.000000 -0.000009</row1>
													<row2>-0.000004 -0.000009 -1.000000</row2>
													<row3>0.000011 -1.790359 0.008599</row3>
												</transform>
											</node>
										</node>
										<node>
											<identifier>nyMan_head_jnt_BlendBone</identifier>
											<transform>
												<row0>-0.000003 0.000004 -1.000000</row0>
												<row1>1.000000 0.000009 -0.000003</row1>
												<row2>-0.000009 1.000000 0.000004</row2>
												<row3>-1.609891 -0.008599 -0.000011</row3>
											</transform>
										</node>
									</node>
									<node>
										<identifier>nyMan_neck01_jnt_BlendBone</identifier>
										<transform>
											<row0>-0.000140 0.000017 -1.000000</row0>
											<row1>0.997091 -0.076225 -0.000141</row1>
											<row2>0.076225 0.997091 0.000007</row2>
											<row3>-1.495345 0.114154 0.000211</row3>
										</transform>
									</node>
								</node>
								<node>
									<identifier>nyMan_shoulder_left_jnt</identifier>
									<transform>
										<row0>-0.089436 -0.377549 -0.921661</row0>
										<row1>-0.160176 0.918776 -0.360824</row1>
										<row2>0.983028 0.115358 -0.142646</row2>
										<row3>0.039112 0.001603 -0.058309</row3>
									</transform>
									<node>
										<identifier>nyMan_arm_left_jnt</identifier>
										<transform>
											<row0>0.649896 0.196859 -0.734086</row0>
											<row1>-0.238424 0.969923 0.049025</row1>
											<row2>0.721657 0.143163 0.677285</row2>
											<row3>0.147306 0.000000 0.000000</row3>
										</transform>
										<node>
											<identifier>nyMan_foreArm_left_jnt</identifier>
											<transform>
												<row0>0.914421 0.403878 0.026751</row0>
												<row1>-0.403901 0.914790 -0.004810</row1>
												<row2>-0.026414 -0.006406 0.999631</row2>
												<row3>0.260807 -0.000000 0.000000</row3>
											</transform>
											<node>
												<identifier>nyMan_hand_left_jnt</identifier>
												<transform>
													<row0>0.987120 0.148523 -0.059453</row0>
													<row1>-0.152035 0.986573 -0.059667</row1>
													<row2>0.049793 0.067937 0.996446</row2>
													<row3>0.253149 0.000000 -0.000000</row3>
												</transform>
												<node>
													<identifier>nyMan_index01_left_jnt</identifier>
													<transform>
														<row0>0.991922 0.124422 0.024705</row0>
														<row1>-0.088316 0.537567 0.838583</row1>
														<row2>0.091058 -0.833991 0.544213</row2>
														<row3>0.024871 0.012331 -0.010898</row3>
													</transform>
													<node>
														<identifier>nyMan_index02_left_jnt</identifier>
														<transform>
															<row0>0.980295 -0.157164 -0.119668</row0>
															<row1>0.158303 0.987391 0.000005</row1>
															<row2>0.118158 -0.018949 0.992814</row2>
															<row3>0.077368 0.000000 0.000000</row3>
														</transform>
														<node>
															<identifier>nyMan_index03_left_jnt</identifier>
															<transform>
																<row0>0.909465 -0.414218 0.036016</row0>
																<row1>0.414154 0.910157 0.009575</row1>
																<row2>-0.036746 0.006207 0.999305</row2>
																<row3>0.040294 0.000000 -0.000000</row3>
															</transform>
															<node>
																<identifier>nyMan_index04_left_jnt</identifier>
																<transform>
																	<row0>0.988828 -0.144960 0.034725</row0>
																	<row1>0.145053 0.989424 -0.000157</row1>
																	<row2>-0.034335 0.005192 0.999397</row2>
																	<row3>0.021329 0.000000 -0.000000</row3>
																</transform>
																<node>
																	<identifier>nyMan_index05_left_jnt</identifier>
																	<transform>
																		<row0>0.017348 0.681999 0.731147</row0>
																		<row1>-0.977677 0.164716 -0.130447</row1>
																		<row2>-0.209396 -0.712563 0.669632</row2>
																		<row3>0.026238 -0.000000 0.000000</row3>
																	</transform>
																	<node>
																		<identifier>nyMan_index05_left_jnt_BlendBone</identifier>
																		<transform>
																			<row0>1.000000 -0.000013 0.000019</row0>
																			<row1>0.000013 1.000000 -0.000018</row1>
																			<row2>0.000019 -0.000018 -1.000000</row2>
																			<row3>-0.548333 -0.868010 0.136800</row3>
																		</transform>
																	</node>
																</node>
																<node>
																	<identifier>nyMan_index04_left_jnt_BlendBone</identifier>
																	<transform>
																		<row0>0.017356 0.681984 0.731161</row0>
																		<row1>-0.977673 0.164737 -0.130450</row1>
																		<row2>0.209414 0.712573 -0.669616</row2>
																		<row3>0.836714 -0.614416 -0.196077</row3>
																	</transform>
																</node>
															</node>
															<node>
																<identifier>nyMan_index03_left_jnt_BlendBone</identifier>
																<transform>
																	<row0>0.090981 0.676052 0.731216</row0>
																	<row1>-0.938376 0.304041 -0.164347</row1>
																	<row2>0.333426 0.671203 -0.662053</row2>
																	<row3>0.766305 -0.730226 -0.166807</row3>
																</transform>
															</node>
														</node>
														<node>
															<identifier>nyMan_index02_left_jnt_BlendBone</identifier>
															<transform>
																<row0>0.335864 0.582166 0.740458</row0>
																<row1>-0.721461 0.664397 -0.195117</row1>
																<row2>0.605549 0.468679 -0.643157</row2>
																<row3>0.440925 -0.983073 -0.146085</row3>
															</transform>
														</node>
													</node>
													<node>
														<identifier>nyMan_index01_left_jnt_BlendBone</identifier>
														<transform>
															<row0>0.508895 0.508009 0.694948</row0>
															<row1>-0.625124 0.773104 -0.107376</row1>
															<row2>0.591815 0.379786 -0.710998</row2>
															<row3>0.336721 -1.037206 -0.197804</row3>
														</transform>
													</node>
												</node>
												<node>
													<identifier>nyMan_midle01_left_jnt</identifier>
													<transform>
														<row0>0.999150 0.004311 0.040986</row0>
														<row1>-0.038199 0.470154 0.881757</row1>
														<row2>-0.015469 -0.882574 0.469919</row2>
														<row3>0.026252 0.000012 -0.003463</row3>
													</transform>
													<node>
														<identifier>nyMan_midle02_left_jnt</identifier>
														<transform>
															<row0>0.992200 -0.123994 -0.012799</row0>
															<row1>0.124004 0.992282 0.000000</row1>
															<row2>0.012700 -0.001587 0.999918</row2>
															<row3>0.074509 -0.000000 0.000000</row3>
														</transform>
														<node>
															<identifier>nyMan_midle03_left_jnt</identifier>
															<transform>
																<row0>0.900724 -0.433005 -0.034673</row0>
																<row1>0.420230 0.888794 -0.182898</row1>
																<row2>0.110013 0.150170 0.982520</row2>
																<row3>0.042232 -0.000000 -0.000000</row3>
															</transform>
															<node>
																<identifier>nyMan_midle04_left_jnt</identifier>
																<transform>
																	<row0>0.986922 -0.161137 -0.004398</row0>
																	<row1>0.159546 0.972554 0.169365</row1>
																	<row2>-0.023014 -0.167852 0.985544</row2>
																	<row3>0.030105 0.000000 0.000000</row3>
																</transform>
																<node>
																	<identifier>nyMan_midle05_left_jnt</identifier>
																	<transform>
																		<row0>0.009467 0.792282 0.610082</row0>
																		<row1>-0.988586 0.099158 -0.113431</row1>
																		<row2>-0.150364 -0.602044 0.784177</row2>
																		<row3>0.026823 0.000000 0.000000</row3>
																	</transform>
																	<node>
																		<identifier>nyMan_midle05_left_jnt_BlendBone</identifier>
																		<transform>
																			<row0>1.000000 0.000002 0.000012</row0>
																			<row1>-0.000002 1.000000 -0.000010</row1>
																			<row2>0.000012 -0.000010 -1.000000</row2>
																			<row3>-0.567969 -0.851792 0.111151</row3>
																		</transform>
																	</node>
																</node>
																<node>
																	<identifier>nyMan_midle04_left_jnt_BlendBone</identifier>
																	<transform>
																		<row0>0.009463 0.792275 0.610090</row0>
																		<row1>-0.988584 0.099162 -0.113440</row1>
																		<row2>0.150374 0.602052 -0.784169</row2>
																		<row3>0.846802 -0.601371 -0.162726</row3>
																	</transform>
																</node>
															</node>
															<node>
																<identifier>nyMan_midle03_left_jnt_BlendBone</identifier>
																<transform>
																	<row0>0.121704 0.666600 0.735413</row0>
																	<row1>-0.957224 0.274779 -0.090657</row1>
																	<row2>0.262509 0.692921 -0.671527</row2>
																	<row3>0.773631 -0.694003 -0.265949</row3>
																</transform>
															</node>
														</node>
														<node>
															<identifier>nyMan_midle02_left_jnt_BlendBone</identifier>
															<transform>
																<row0>0.470651 0.650209 0.596419</row0>
																<row1>-0.756698 0.645092 -0.106140</row1>
																<row2>0.453758 0.401354 -0.795625</row2>
																<row3>0.418162 -0.991750 -0.161193</row3>
															</transform>
														</node>
													</node>
													<node>
														<identifier>nyMan_midle01_left_jnt_BlendBone</identifier>
														<transform>
															<row0>0.555183 0.585886 0.590346</row0>
															<row1>-0.672150 0.734107 -0.096446</row1>
															<row2>0.489884 0.343256 -0.801367</row2>
															<row3>0.364381 -1.035689 -0.166532</row3>
														</transform>
													</node>
												</node>
												<node>
													<identifier>nyMan_pinky01_left_jnt</identifier>
													<transform>
														<row0>0.975239 -0.220012 0.022440</row0>
														<row1>-0.005460 0.077484 0.996979</row1>
														<row2>-0.221086 -0.972415 0.074365</row2>
														<row3>0.024675 -0.025578 0.010100</row3>
													</transform>
													<node>
														<identifier>nyMan_pinky02_left_jnt</identifier>
														<transform>
															<row0>0.978882 0.030087 0.202202</row0>
															<row1>-0.030723 0.999528 0.000004</row1>
															<row2>-0.202107 -0.006216 0.979344</row2>
															<row3>0.067372 0.000000 0.000000</row3>
														</transform>
														<node>
															<identifier>nyMan_pinky03_left_jnt</identifier>
															<transform>
																<row0>0.952374 -0.303557 -0.028951</row0>
																<row1>0.303635 0.952787 -0.001745</row1>
																<row2>0.028114 -0.007129 0.999579</row2>
																<row3>0.028402 0.000000 0.000000</row3>
															</transform>
															<node>
																<identifier>nyMan_pinky04_left_jnt</identifier>
																<transform>
																	<row0>0.996173 0.043041 -0.076075</row0>
																	<row1>-0.042987 0.999073 0.002349</row1>
																	<row2>0.076106 0.000930 0.997099</row2>
																	<row3>0.018458 0.000000 0.000000</row3>
																</transform>
																<node>
																	<identifier>nyMan_pinky05_left_jnt</identifier>
																	<transform>
																		<row0>0.397122 0.912758 0.095741</row0>
																		<row1>-0.898949 0.407873 -0.159779</row1>
																		<row2>-0.184890 -0.022615 0.982499</row2>
																		<row3>0.025906 0.000000 -0.000000</row3>
																	</transform>
																	<node>
																		<identifier>nyMan_pinky05_left_jnt_BlendBone</identifier>
																		<transform>
																			<row0>1.000000 -0.000003 -0.000004</row0>
																			<row1>0.000003 1.000000 0.000001</row1>
																			<row2>-0.000004 0.000001 -1.000000</row2>
																			<row3>-0.593406 -0.873497 0.048078</row3>
																		</transform>
																	</node>
																</node>
																<node>
																	<identifier>nyMan_pinky04_left_jnt_BlendBone</identifier>
																	<transform>
																		<row0>0.397125 0.912757 0.095738</row0>
																		<row1>-0.898948 0.407876 -0.159778</row1>
																		<row2>0.184887 0.022611 -0.982500</row2>
																		<row3>0.566592 -0.899000 0.129990</row3>
																	</transform>
																</node>
															</node>
															<node>
																<identifier>nyMan_pinky03_left_jnt_BlendBone</identifier>
																<transform>
																	<row0>0.363655 0.929093 0.067393</row0>
																	<row1>-0.925201 0.368658 -0.089968</row1>
																	<row2>0.108434 0.029635 -0.993662</row2>
																	<row3>0.631420 -0.873659 0.084397</row3>
																</transform>
															</node>
														</node>
														<node>
															<identifier>nyMan_pinky02_left_jnt_BlendBone</identifier>
															<transform>
																<row0>0.630336 0.774357 0.055216</row0>
																<row1>-0.771729 0.632745 -0.063788</row1>
																<row2>0.084332 0.002403 -0.996435</row2>
																<row3>0.366849 -1.024684 0.067606</row3>
															</transform>
														</node>
													</node>
													<node>
														<identifier>nyMan_pinky01_left_jnt_BlendBone</identifier>
														<transform>
															<row0>0.582074 0.792613 0.181533</row0>
															<row1>-0.761979 0.609623 -0.218514</row1>
															<row2>0.283863 0.011133 -0.958800</row2>
															<row3>0.444291 -1.013583 0.140383</row3>
														</transform>
													</node>
												</node>
												<node>
													<identifier>nyMan_ring01_left_jnt</identifier>
													<transform>
														<row0>0.995058 -0.093390 -0.033717</row0>
														<row1>0.053259 0.215430 0.975066</row1>
														<row2>-0.083798 -0.972043 0.219340</row2>
														<row3>0.025834 -0.013026 0.004383</row3>
													</transform>
													<node>
														<identifier>nyMan_ring02_left_jnt</identifier>
														<transform>
															<row0>0.994006 0.083055 0.071085</row0>
															<row1>-0.083267 0.996527 0.000008</row1>
															<row2>-0.070838 -0.005927 0.997470</row2>
															<row3>0.070850 -0.000000 -0.000000</row3>
														</transform>
														<node>
															<identifier>nyMan_ring03_left_jnt</identifier>
															<transform>
																<row0>0.842241 -0.526516 0.115804</row0>
																<row1>0.525241 0.849828 0.043759</row1>
																<row2>-0.121453 0.023970 0.992308</row2>
																<row3>0.039694 0.000000 -0.000000</row3>
															</transform>
															<node>
																<identifier>nyMan_ring04_left_jnt</identifier>
																<transform>
																	<row0>0.988122 -0.142760 -0.056867</row0>
																	<row1>0.143066 0.989712 0.001324</row1>
																	<row2>0.056093 -0.009444 0.998381</row2>
																	<row3>0.025479 -0.000000 -0.000000</row3>
																</transform>
																<node>
																	<identifier>nyMan_ring05_left_jnt</identifier>
																	<transform>
																		<row0>0.011068 0.962509 0.271024</row0>
																		<row1>-0.989950 0.048762 -0.132743</row1>
																		<row2>-0.140982 -0.266831 0.953376</row2>
																		<row3>0.030210 -0.000000 0.000000</row3>
																	</transform>
																	<node>
																		<identifier>nyMan_ring05_left_jnt_BlendBone</identifier>
																		<transform>
																			<row0>1.000000 -0.000002 0.000011</row0>
																			<row1>0.000002 1.000000 -0.000010</row1>
																			<row2>0.000011 -0.000010 -1.000000</row2>
																			<row3>-0.577168 -0.851757 0.081860</row3>
																		</transform>
																	</node>
																</node>
																<node>
																	<identifier>nyMan_ring04_left_jnt_BlendBone</identifier>
																	<transform>
																		<row0>0.011068 0.962506 0.271035</row0>
																		<row1>-0.989949 0.048766 -0.132753</row1>
																		<row2>0.140993 0.266841 -0.953371</row2>
																		<row3>0.855478 -0.618905 0.034682</row3>
																	</transform>
																</node>
															</node>
															<node>
																<identifier>nyMan_ring03_left_jnt_BlendBone</identifier>
																<transform>
																	<row0>0.163842 0.948464 0.271241</row0>
																	<row1>-0.978660 0.190844 -0.076178</row1>
																	<row2>0.124017 0.252972 -0.959492</row2>
																	<row3>0.784197 -0.734994 -0.014842</row3>
																</transform>
															</node>
														</node>
														<node>
															<identifier>nyMan_ring02_left_jnt_BlendBone</identifier>
															<transform>
																<row0>0.603224 0.726267 0.329632</row0>
																<row1>-0.714777 0.675638 -0.180573</row1>
																<row2>0.353857 0.126687 -0.926680</row2>
																<row3>0.315930 -1.037866 0.043923</row3>
															</transform>
														</node>
													</node>
													<node>
														<identifier>nyMan_ring01_left_jnt_BlendBone</identifier>
														<transform>
															<row0>0.515785 0.771892 0.371685</row0>
															<row1>-0.753960 0.614996 -0.230921</row1>
															<row2>0.406831 0.161130 -0.899181</row2>
															<row3>0.468195 -1.008282 0.066261</row3>
														</transform>
													</node>
												</node>
												<node>
													<identifier>nyMan_thumb01_left_jnt</identifier>
													<transform>
														<row0>0.776118 0.342487 -0.529475</row0>
														<row1>-0.603858 0.645533 -0.467592</row1>
														<row2>0.181649 0.682635 0.707823</row2>
														<row3>0.009064 0.015846 -0.015381</row3>
													</transform>
													<node>
														<identifier>nyMan_thumb02_left_jnt</identifier>
														<transform>
															<row0>0.990817 -0.133242 0.022964</row0>
															<row1>0.133277 0.991079 0.000006</row1>
															<row2>-0.022760 0.003055 0.999736</row2>
															<row3>0.051114 0.000000 0.000000</row3>
														</transform>
														<node>
															<identifier>nyMan_thumb03_left_jnt</identifier>
															<transform>
																<row0>0.995282 0.093810 0.024782</row0>
																<row1>-0.095567 0.903625 0.417526</row1>
																<row2>0.016775 -0.417925 0.908327</row2>
																<row3>0.031912 -0.000000 0.000000</row3>
															</transform>
															<node>
																<identifier>nyMan_thumb04_left_jnt</identifier>
																<transform>
																	<row0>-0.051483 -0.568730 0.820911</row0>
																	<row1>-0.688022 0.616004 0.383620</row1>
																	<row2>-0.723861 -0.545055 -0.423013</row2>
																	<row3>0.039099 0.000000 0.000000</row3>
																</transform>
																<node>
																	<identifier>nyMan_thumb04_left_jnt_BlendBone</identifier>
																	<transform>
																		<row0>1.000000 0.000015 0.000003</row0>
																		<row1>-0.000015 1.000000 -0.000011</row1>
																		<row2>0.000003 -0.000011 -1.000000</row2>
																		<row3>-0.473137 -0.914903 0.135533</row3>
																	</transform>
																</node>
															</node>
															<node>
																<identifier>nyMan_thumb03_left_jnt_BlendBone</identifier>
																<transform>
																	<row0>-0.051495 -0.568722 0.820916</row0>
																	<row1>-0.688014 0.616018 0.383613</row1>
																	<row2>0.723868 0.545047 0.423011</row2>
																	<row3>0.594824 -0.368369 -0.796711</row3>
																</transform>
															</node>
														</node>
														<node>
															<identifier>nyMan_thumb02_left_jnt_BlendBone</identifier>
															<transform>
																<row0>0.016869 -0.861824 0.506927</row0>
																<row1>-0.737203 0.331786 0.588600</row1>
																<row2>0.675460 0.383638 0.629743</row2>
																<row3>0.645769 0.055898 -0.862738</row3>
															</transform>
														</node>
													</node>
													<node>
														<identifier>nyMan_thumb01_left_jnt_BlendBone</identifier>
														<transform>
															<row0>-0.109684 -0.854835 0.507175</row0>
															<row1>-0.699611 0.428850 0.571517</row1>
															<row2>0.706055 0.292139 0.645090</row2>
															<row3>0.718039 -0.033279 -0.847681</row3>
														</transform>
													</node>
												</node>
												<node>
													<identifier>nyMan_hand_left_jnt_BlendBone</identifier>
													<transform>
														<row0>0.523199 -0.243174 0.816780</row0>
														<row1>-0.698129 0.427367 0.574433</row1>
														<row2>0.488752 0.870761 -0.053831</row2>
														<row3>0.432462 -0.338374 -0.980011</row3>
													</transform>
												</node>
											</node>
											<node>
												<identifier>nyMan_foreArm_left_jnt_BlendBone</identifier>
												<transform>
													<row0>0.594101 -0.106712 0.797281</row0>
													<row1>-0.725509 0.356965 0.588398</row1>
													<row2>0.347390 0.928003 -0.134653</row2>
													<row3>0.682689 -0.336179 -0.982050</row3>
												</transform>
											</node>
										</node>
										<node>
											<identifier>nyMan_arm_left_jnt_BlendBone</identifier>
											<transform>
												<row0>0.565301 0.137219 0.813392</row0>
												<row1>-0.823142 0.029761 0.567056</row1>
												<row2>-0.053603 0.990094 -0.129775</row2>
												<row3>1.046795 -0.025519 -0.961808</row3>
											</transform>
										</node>
									</node>
									<node>
										<identifier>nyMan_shoulder_left_jnt_BlendBone</identifier>
										<transform>
											<row0>0.921661 0.360824 0.142646</row0>
											<row1>-0.132832 -0.051995 0.989774</row1>
											<row2>-0.364551 0.931184 -0.000007</row2>
											<row3>0.139603 0.043624 -1.421106</row3>
										</transform>
									</node>
								</node>
								<node>
									<identifier>nyMan_shoulder_right_jnt</identifier>
									<transform>
										<row0>0.089436 0.377549 -0.921661</row0>
										<row1>0.160176 -0.918776 -0.360824</row1>
										<row2>-0.983028 -0.115358 -0.142646</row2>
										<row3>0.039115 0.001603 0.058309</row3>
									</transform>
									<node>
										<identifier>nyMan_arm_right_jnt</identifier>
										<transform>
											<row0>0.649896 0.196859 -0.734087</row0>
											<row1>-0.238424 0.969923 0.049024</row1>
											<row2>0.721658 0.143163 0.677284</row2>
											<row3>-0.147306 -0.000000 0.000004</row3>
										</transform>
										<node>
											<identifier>nyMan_foreArm_right_jnt</identifier>
											<transform>
												<row0>0.914422 0.403878 0.026751</row0>
												<row1>-0.403901 0.914790 -0.004810</row1>
												<row2>-0.026414 -0.006406 0.999630</row2>
												<row3>-0.260806 -0.000000 -0.000001</row3>
											</transform>
											<node>
												<identifier>nyMan_hand_right_jnt</identifier>
												<transform>
													<row0>0.987120 0.148524 -0.059453</row0>
													<row1>-0.152035 0.986573 -0.059667</row1>
													<row2>0.049793 0.067937 0.996446</row2>
													<row3>-0.253147 -0.000001 -0.000001</row3>
												</transform>
												<node>
													<identifier>nyMan_index01_right_jnt</identifier>
													<transform>
														<row0>0.991922 0.124422 0.024705</row0>
														<row1>-0.088316 0.537567 0.838583</row1>
														<row2>0.091058 -0.833991 0.544213</row2>
														<row3>-0.024873 -0.012329 0.010900</row3>
													</transform>
													<node>
														<identifier>nyMan_index02_right_jnt</identifier>
														<transform>
															<row0>0.980295 -0.157164 -0.119668</row0>
															<row1>0.158303 0.987391 0.000005</row1>
															<row2>0.118158 -0.018949 0.992814</row2>
															<row3>-0.077368 0.000000 -0.000000</row3>
														</transform>
														<node>
															<identifier>nyMan_index03_right_jnt</identifier>
															<transform>
																<row0>0.909465 -0.414218 0.036016</row0>
																<row1>0.414154 0.910157 0.009576</row1>
																<row2>-0.036746 0.006207 0.999305</row2>
																<row3>-0.040294 0.000000 -0.000000</row3>
															</transform>
															<node>
																<identifier>nyMan_index04_right_jnt</identifier>
																<transform>
																	<row0>0.988828 -0.144960 0.034725</row0>
																	<row1>0.145052 0.989424 -0.000157</row1>
																	<row2>-0.034335 0.005192 0.999397</row2>
																	<row3>-0.021329 -0.000000 0.000001</row3>
																</transform>
																<node>
																	<identifier>nyMan_index05_right_jnt</identifier>
																	<transform>
																		<row0>0.017348 0.681999 0.731147</row0>
																		<row1>-0.977677 0.164716 -0.130447</row1>
																		<row2>-0.209396 -0.712563 0.669632</row2>
																		<row3>-0.026238 0.000000 0.000000</row3>
																	</transform>
																	<node>
																		<identifier>nyMan_index05_right_jnt_BlendBone</identifier>
																		<transform>
																			<row0>1.000000 -0.000013 0.000019</row0>
																			<row1>-0.000013 -1.000000 0.000018</row1>
																			<row2>-0.000019 0.000018 1.000000</row2>
																			<row3>0.548333 0.868010 -0.136800</row3>
																		</transform>
																	</node>
																</node>
																<node>
																	<identifier>nyMan_index04_right_jnt_BlendBone</identifier>
																	<transform>
																		<row0>0.017356 0.681984 0.731161</row0>
																		<row1>0.977673 -0.164737 0.130450</row1>
																		<row2>-0.209414 -0.712573 0.669616</row2>
																		<row3>-0.836714 0.614416 0.196077</row3>
																	</transform>
																</node>
															</node>
															<node>
																<identifier>nyMan_index03_right_jnt_BlendBone</identifier>
																<transform>
																	<row0>0.090981 0.676052 0.731216</row0>
																	<row1>0.938376 -0.304041 0.164347</row1>
																	<row2>-0.333426 -0.671203 0.662053</row2>
																	<row3>-0.766305 0.730226 0.166808</row3>
																</transform>
															</node>
														</node>
														<node>
															<identifier>nyMan_index02_right_jnt_BlendBone</identifier>
															<transform>
																<row0>0.335864 0.582166 0.740458</row0>
																<row1>0.721461 -0.664397 0.195117</row1>
																<row2>-0.605549 -0.468679 0.643157</row2>
																<row3>-0.440925 0.983073 0.146085</row3>
															</transform>
														</node>
													</node>
													<node>
														<identifier>nyMan_index01_right_jnt_BlendBone</identifier>
														<transform>
															<row0>0.508895 0.508009 0.694948</row0>
															<row1>0.625124 -0.773104 0.107376</row1>
															<row2>-0.591815 -0.379786 0.710998</row2>
															<row3>-0.336721 1.037207 0.197805</row3>
														</transform>
													</node>
												</node>
												<node>
													<identifier>nyMan_midle01_right_jnt</identifier>
													<transform>
														<row0>0.999151 0.004311 0.040986</row0>
														<row1>-0.038199 0.470154 0.881757</row1>
														<row2>-0.015469 -0.882574 0.469919</row2>
														<row3>-0.026255 -0.000010 0.003465</row3>
													</transform>
													<node>
														<identifier>nyMan_midle02_right_jntw</identifier>
														<transform>
															<row0>0.992201 -0.123994 -0.012799</row0>
															<row1>0.124004 0.992282 0.000000</row1>
															<row2>0.012700 -0.001587 0.999918</row2>
															<row3>-0.074509 0.000000 -0.000000</row3>
														</transform>
														<node>
															<identifier>nyMan_midle03_right_jnt</identifier>
															<transform>
																<row0>0.900724 -0.433005 -0.034673</row0>
																<row1>0.420230 0.888794 -0.182898</row1>
																<row2>0.110013 0.150170 0.982520</row2>
																<row3>-0.042232 -0.000000 -0.000000</row3>
															</transform>
															<node>
																<identifier>nyMan_midle04_right_jnt</identifier>
																<transform>
																	<row0>0.986922 -0.161137 -0.004398</row0>
																	<row1>0.159546 0.972554 0.169365</row1>
																	<row2>-0.023014 -0.167852 0.985544</row2>
																	<row3>-0.030105 0.000000 -0.000001</row3>
																</transform>
																<node>
																	<identifier>nyMan_midle05_right_jnt</identifier>
																	<transform>
																		<row0>0.009467 0.792282 0.610082</row0>
																		<row1>-0.988586 0.099158 -0.113431</row1>
																		<row2>-0.150364 -0.602044 0.784177</row2>
																		<row3>-0.026823 -0.000001 0.000001</row3>
																	</transform>
																	<node>
																		<identifier>nyMan_midle05_right_jnt_BlendBone</identifier>
																		<transform>
																			<row0>1.000000 0.000002 0.000012</row0>
																			<row1>0.000002 -1.000000 0.000010</row1>
																			<row2>-0.000012 0.000010 1.000000</row2>
																			<row3>0.567970 0.851792 -0.111151</row3>
																		</transform>
																	</node>
																</node>
																<node>
																	<identifier>nyMan_midle04_right_jnt_BlendBone</identifier>
																	<transform>
																		<row0>0.009463 0.792275 0.610090</row0>
																		<row1>0.988584 -0.099162 0.113440</row1>
																		<row2>-0.150374 -0.602052 0.784169</row2>
																		<row3>-0.846803 0.601371 0.162727</row3>
																	</transform>
																</node>
															</node>
															<node>
