<?xml version="1.0" encoding="utf-8"?>
<root>
	<node>
		<identifier>Scene Root</identifier>
		<transform>
			<row0>1.000000 0.000000 0.000000</row0>
			<row1>0.000000 1.000000 0.000000</row1>
			<row2>0.000000 0.000000 1.000000</row2>
			<row3>0.000000 0.000000 0.000000</row3>
		</transform>
		<node>
			<identifier>nodes_01</identifier>
			<transform>
				<row0>1.000000 0.000000 0.000000</row0>
				<row1>0.000000 1.000000 0.000000</row1>
				<row2>0.000000 0.000000 1.000000</row2>
				<row3>0.000000 0.000000 0.000000</row3>
			</transform>
			<node>
				<identifier>HP_Fire_1</identifier>
				<transform>
					<row0>1.000000 0.000000 0.000000</row0>
					<row1>0.000000 1.000000 0.000000</row1>
					<row2>0.000000 0.000000 1.000000</row2>
					<row3>-0.282525 0.335421 -2.103361</row3>
				</transform>
			</node>
			<node>
				<identifier>HP_Fire_2</identifier>
				<transform>
					<row0>1.000000 0.000000 0.000000</row0>
					<row1>0.000000 1.000000 0.000000</row1>
					<row2>0.000000 0.000000 1.000000</row2>
					<row3>0.122828 0.478017 -0.197840</row3>
				</transform>
			</node>
			<node>
				<identifier>HP_TrackUp_LFront</identifier>
				<transform>
					<row0>1.000000 0.000000 0.000000</row0>
					<row1>0.000000 0.483300 0.875455</row1>
					<row2>0.000000 -0.875455 0.483300</row2>
					<row3>-1.141732 -0.027128 2.863025</row3>
				</transform>
			</node>
			<node>
				<identifier>HP_TrackUp_LRear</identifier>
				<transform>
					<row0>-1.000000 0.000000 -0.000000</row0>
					<row1>0.000000 0.852450 -0.522808</row1>
					<row2>-0.000000 -0.522808 -0.852450</row2>
					<row3>-1.141732 0.101193 -2.718693</row3>
				</transform>
			</node>
			<node>
				<identifier>HP_TrackUp_RFront</identifier>
				<transform>
					<row0>1.000000 0.000000 0.000000</row0>
					<row1>0.000000 0.483300 0.875455</row1>
					<row2>0.000000 -0.875455 0.483300</row2>
					<row3>1.141732 -0.027128 2.863025</row3>
				</transform>
			</node>
			<node>
				<identifier>HP_TrackUp_RRear</identifier>
				<transform>
					<row0>-1.000000 0.000000 -0.000000</row0>
					<row1>0.000000 0.852450 -0.522808</row1>
					<row2>-0.000000 -0.522808 -0.852450</row2>
					<row3>1.141732 0.101193 -2.718693</row3>
				</transform>
			</node>
			<node>
				<identifier>HP_Track_Exhaus_1</identifier>
				<transform>
					<row0>1.000000 0.000000 0.000000</row0>
					<row1>0.000000 -0.998463 -0.055422</row1>
					<row2>0.000000 0.055422 -0.998463</row2>
					<row3>0.318215 0.925593 -2.254227</row3>
				</transform>
			</node>
			<node>
				<identifier>HP_turretJoint</identifier>
				<transform>
					<row0>1.000000 0.000000 0.000000</row0>
					<row1>0.000000 1.000000 0.000000</row1>
					<row2>0.000000 0.000000 1.000000</row2>
					<row3>-0.000000 0.923144 0.249000</row3>
				</transform>
			</node>
		</node>
	</node>
	<renderSet>
		<treatAsWorldSpaceObject>false</treatAsWorldSpaceObject>
		<node>Scene Root</node>
		<geometry>
			<vertices>vertices</vertices>
			<primitive>indices</primitive>
			<primitiveGroup>
				0
				<material>
					<identifier>tank_hull_01</identifier>
					<property>
						selfIllumination
						<Float>0.000000</Float>
					</property>
					<collisionFlags>0</collisionFlags>
					<materialKind>0</materialKind>
					<fx>shaders/std_effects/PBS_tank.fx</fx>
					<property>
						metallicGlossMap
						<Texture>vehicles/american/A116_XM551/_skins/A116_XM551_3DSt_MD_21_XXII/XM551_3DSt_MD_21_XXII_hull_01_GMM.dds</Texture>
					</property>
					<property>
						normalMap
						<Texture>vehicles/american/A116_XM551/_skins/A116_XM551_3DSt_MD_21_XXII/XM551_3DSt_MD_21_XXII_hull_01_ANM.dds</Texture>
					</property>
					<property>
						diffuseMap
						<Texture>vehicles/american/A116_XM551/_skins/A116_XM551_3DSt_MD_21_XXII/XM551_3DSt_MD_21_XXII_hull_01_AM.dds</Texture>
					</property>
					<property>
						excludeMaskAndAOMap
						<Texture>vehicles/american/A116_XM551/_skins/A116_XM551_3DSt_MD_21_XXII/XM551_3DSt_MD_21_XXII_hull_01_AO.dds</Texture>
					</property>
					<property>
						alphaReference
						<Int>64</Int>
					</property>
					<property>
						alphaTestEnable
						<Bool>true</Bool>
					</property>
				</material>
				<groupOrigin>0.046770 0.414535 -0.212189</groupOrigin>
			</primitiveGroup>
			<primitiveGroup>
				1
				<material>
					<identifier>tank_equipment</identifier>
					<property>
						alphaReference
						<Int>64</Int>
					</property>
					<property>
						selfIllumination
						<Float>0.000000</Float>
					</property>
					<property>
						diffuseMap
						<Texture>vehicles/american/A116_XM551/_skins/A116_XM551_3DSt_MD_21_XXII/XM551_3DSt_MD_21_XXII_equipment_AM.dds</Texture>
					</property>
					<collisionFlags>0</collisionFlags>
					<materialKind>0</materialKind>
					<fx>shaders/std_effects/PBS_tank.fx</fx>
					<property>
						excludeMaskAndAOMap
						<Texture>vehicles/american/A116_XM551/_skins/A116_XM551_3DSt_MD_21_XXII/XM551_3DSt_MD_21_XXII_equipment_AO.dds</Texture>
					</property>
					<property>
						g_detailUVTiling
						<Vector4>7.013700 7.013700 0.000000 0.000000</Vector4>
					</property>
					<property>
						metallicDetailMap
						<Texture>vehicles/russian/Tank_detail/Details_map.dds</Texture>
					</property>
					<property>
						metallicGlossMap
						<Texture>vehicles/american/A116_XM551/_skins/A116_XM551_3DSt_MD_21_XXII/XM551_3DSt_MD_21_XXII_equipment_GMM.dds</Texture>
					</property>
					<property>
						normalMap
						<Texture>vehicles/american/A116_XM551/_skins/A116_XM551_3DSt_MD_21_XXII/XM551_3DSt_MD_21_XXII_equipment_ANM.dds</Texture>
					</property>
				</material>
				<groupOrigin>-0.095887 0.666280 -1.779317</groupOrigin>
			</primitiveGroup>
		</geometry>
	</renderSet>
	<boundingBox>
		<min>-1.471716 -0.286663 -3.684329</min>
		<max>1.559259 1.115734 3.259950</max>
	</boundingBox>
	<geometrySize>95872</geometrySize>
	<minUVDensity>0.003562</minUVDensity>
</root>
