<?xml version="1.0" encoding="utf-8"?>
<root>
	<node>
		<identifier>Scene Root</identifier>
		<transform>
			<row0>1.000000 0.000000 0.000000</row0>
			<row1>0.000000 1.000000 0.000000</row1>
			<row2>0.000000 0.000000 1.000000</row2>
			<row3>0.000000 0.000000 0.000000</row3>
		</transform>
		<node>
			<identifier>nodes_01</identifier>
			<transform>
				<row0>1.000000 0.000000 0.000000</row0>
				<row1>0.000000 1.000000 0.000000</row1>
				<row2>0.000000 0.000000 1.000000</row2>
				<row3>0.000000 0.000000 0.000000</row3>
			</transform>
			<node>
				<identifier>HP_Fire_1</identifier>
				<transform>
					<row0>1.000000 0.000000 0.000000</row0>
					<row1>0.000000 1.000000 0.000000</row1>
					<row2>0.000000 0.000000 1.000000</row2>
					<row3>-0.312698 0.730483 -2.135685</row3>
				</transform>
			</node>
			<node>
				<identifier>HP_Fire_2</identifier>
				<transform>
					<row0>1.000000 0.000000 0.000000</row0>
					<row1>0.000000 1.000000 0.000000</row1>
					<row2>0.000000 0.000000 1.000000</row2>
					<row3>0.279961 0.767876 -2.105777</row3>
				</transform>
			</node>
			<node>
				<identifier>HP_TrackUp_LFront</identifier>
				<transform>
					<row0>1.000000 0.000000 0.000000</row0>
					<row1>0.000000 0.978148 0.207912</row1>
					<row2>0.000000 -0.207912 0.978148</row2>
					<row3>-1.494537 0.102270 3.403936</row3>
				</transform>
			</node>
			<node>
				<identifier>HP_TrackUp_LRear</identifier>
				<transform>
					<row0>-1.000000 0.000000 0.000000</row0>
					<row1>-0.000000 0.990268 -0.139173</row1>
					<row2>-0.000000 -0.139173 -0.990268</row2>
					<row3>-1.494537 0.160254 -3.355052</row3>
				</transform>
			</node>
			<node>
				<identifier>HP_TrackUp_RFront</identifier>
				<transform>
					<row0>1.000000 0.000000 0.000000</row0>
					<row1>0.000000 0.978148 0.207912</row1>
					<row2>0.000000 -0.207912 0.978148</row2>
					<row3>1.496283 0.102270 3.403936</row3>
				</transform>
			</node>
			<node>
				<identifier>HP_TrackUp_RRear</identifier>
				<transform>
					<row0>-1.000000 0.000000 0.000000</row0>
					<row1>-0.000000 0.990268 -0.139173</row1>
					<row2>-0.000000 -0.139173 -0.990268</row2>
					<row3>1.496283 0.148626 -3.337171</row3>
				</transform>
			</node>
			<node>
				<identifier>HP_Track_Exhaus_1</identifier>
				<transform>
					<row0>0.041179 -0.999097 0.010503</row0>
					<row1>-0.996679 -0.040335 0.070740</row1>
					<row2>-0.070253 -0.013381 -0.997439</row2>
					<row3>-0.335868 -0.024950 -3.431502</row3>
				</transform>
			</node>
			<node>
				<identifier>HP_Track_Exhaus_2</identifier>
				<transform>
					<row0>0.162333 -0.985913 0.040300</row0>
					<row1>-0.984061 -0.158753 0.080136</row1>
					<row2>-0.072609 -0.052667 -0.995969</row2>
					<row3>0.337737 -0.024950 -3.431502</row3>
				</transform>
			</node>
			<node>
				<identifier>HP_turretJoint</identifier>
				<transform>
					<row0>1.000000 0.000000 0.000000</row0>
					<row1>0.000000 1.000000 0.000000</row1>
					<row2>0.000000 0.000000 1.000000</row2>
					<row3>0.000918 0.267205 1.609210</row3>
				</transform>
			</node>
		</node>
	</node>
	<renderSet>
		<treatAsWorldSpaceObject>false</treatAsWorldSpaceObject>
		<node>Scene Root</node>
		<geometry>
			<vertices>vertices</vertices>
			<primitive>indices</primitive>
			<primitiveGroup>
				0
				<material>
					<identifier>equipment</identifier>
					<fx>shaders/std_effects/PBS_tank.fx</fx>
					<materialKind>0</materialKind>
					<collisionFlags>0</collisionFlags>
					<property>
						alphaReference
						<Int>64</Int>
					</property>
					<property>
						colorIdMap
						<Texture>vehicles/russian/common/common_ID.dds</Texture>
					</property>
					<property>
						diffuseMap
						<Texture>vehicles/american/A165_XM57/_skins/A165_XM57_3Dst/XM57_3Dst_equipment_AM.dds</Texture>
					</property>
					<property>
						excludeMaskAndAOMap
						<Texture>vehicles/american/A165_XM57/_skins/A165_XM57_3Dst/XM57_3Dst_equipment_AO.dds</Texture>
					</property>
					<property>
						g_detailUVTiling
						<Vector4>7.013700 7.013700 0.000000 0.000000</Vector4>
					</property>
					<property>
						g_useDetailMetallic
						<Bool>true</Bool>
					</property>
					<property>
						metallicDetailMap
						<Texture>vehicles/russian/Tank_detail/Details_map.dds</Texture>
					</property>
					<property>
						metallicGlossMap
						<Texture>vehicles/american/A165_XM57/_skins/A165_XM57_3Dst/XM57_3Dst_equipment_GMM.dds</Texture>
					</property>
					<property>
						normalMap
						<Texture>vehicles/american/A165_XM57/_skins/A165_XM57_3Dst/XM57_3Dst_equipment_ANM.dds</Texture>
					</property>
				</material>
				<groupOrigin>0.741534 1.233257 -1.677022</groupOrigin>
			</primitiveGroup>
			<primitiveGroup>
				1
				<material>
					<identifier>tank_hull_01</identifier>
					<property>
						selfIllumination
						<Float>0.000000</Float>
					</property>
					<collisionFlags>0</collisionFlags>
					<materialKind>0</materialKind>
					<fx>shaders/std_effects/PBS_tank.fx</fx>
					<property>
						metallicGlossMap
						<Texture>vehicles/american/A165_XM57/_skins/A165_XM57_3Dst/XM57_3Dst_hull_01_GMM.dds</Texture>
					</property>
					<property>
						normalMap
						<Texture>vehicles/american/A165_XM57/_skins/A165_XM57_3Dst/XM57_3Dst_hull_01_ANM.dds</Texture>
					</property>
					<property>
						diffuseMap
						<Texture>vehicles/american/A165_XM57/_skins/A165_XM57_3Dst/XM57_3Dst_hull_01_AM.dds</Texture>
					</property>
					<property>
						excludeMaskAndAOMap
						<Texture>vehicles/american/A165_XM57/_skins/A165_XM57_3Dst/XM57_3Dst_hull_01_AO.dds</Texture>
					</property>
					<property>
						colorIdMap
						<Texture>vehicles/russian/common/common_ID.dds</Texture>
					</property>
					<property>
						g_useDetailMetallic
						<Bool>true</Bool>
					</property>
					<property>
						metallicDetailMap
						<Texture>vehicles/russian/Tank_detail/Details_map.dds</Texture>
					</property>
					<property>
						g_detailUVTiling
						<Vector4>7.013699 7.013699 0.000000 0.000000</Vector4>
					</property>
				</material>
				<groupOrigin>0.000937 0.557005 0.009386</groupOrigin>
			</primitiveGroup>
			<primitiveGroup>
				2
				<material>
					<identifier>tank_net</identifier>
					<property>
						selfIllumination
						<Float>0.000000</Float>
					</property>
					<property>
						diffuseMap
						<Texture>vehicles/american/A165_XM57/_skins/A165_XM57_3Dst/XM57_3Dst_net_AM.dds</Texture>
					</property>
					<collisionFlags>0</collisionFlags>
					<materialKind>0</materialKind>
					<fx>shaders/std_effects/PBS_tank.fx</fx>
					<property>
						excludeMaskAndAOMap
						<Texture>vehicles/american/A165_XM57/_skins/A165_XM57_3Dst/XM57_3Dst_net_AO.dds</Texture>
					</property>
					<property>
						metallicGlossMap
						<Texture>vehicles/american/A165_XM57/_skins/A165_XM57_3Dst/XM57_3Dst_net_GMM.dds</Texture>
					</property>
					<property>
						normalMap
						<Texture>vehicles/american/A165_XM57/_skins/A165_XM57_3Dst/XM57_3Dst_net_ANM.dds</Texture>
					</property>
					<property>
						g_detailUVTiling
						<Vector4>0.876712 1.753425 0.000000 0.000000</Vector4>
					</property>
					<property>
						g_useDetailMetallic
						<Bool>true</Bool>
					</property>
					<property>
						metallicDetailMap
						<Texture>vehicles/russian/Tank_detail/Details_map.dds</Texture>
					</property>
					<property>
						alphaReference
						<Int>64</Int>
					</property>
					<property>
						alphaTestEnable
						<Bool>true</Bool>
					</property>
					<property>
						colorIdMap
						<Texture>vehicles/russian/common/common_ID.dds</Texture>
					</property>
				</material>
				<groupOrigin>-0.009911 0.585276 -0.175558</groupOrigin>
			</primitiveGroup>
		</geometry>
	</renderSet>
	<boundingBox>
		<min>-1.976028 -0.673763 -3.741294</min>
		<max>1.956205 1.787772 3.725492</max>
	</boundingBox>
	<geometrySize>1496166</geometrySize>
	<minUVDensity>0.001383</minUVDensity>
</root>
