<?xml version="1.0" encoding="utf-8"?>
<root>
	<node>
		<identifier>Scene Root</identifier>
		<transform>
			<row0>1.000000 0.000000 0.000000</row0>
			<row1>0.000000 1.000000 0.000000</row1>
			<row2>0.000000 0.000000 1.000000</row2>
			<row3>0.000000 0.000000 0.000000</row3>
		</transform>
		<node>
			<identifier>HP_Track_Exhaus_1</identifier>
			<transform>
				<row0>-0.052979 0.998563 0.008047</row0>
				<row1>0.000000 -0.008058 0.999968</row1>
				<row2>0.998596 0.052977 0.000427</row2>
				<row3>1.049034 -0.946507 -2.203529</row3>
			</transform>
		</node>
		<node>
			<identifier>HP_Track_Exhaus_2</identifier>
			<transform>
				<row0>-0.052979 0.998563 0.008047</row0>
				<row1>0.000000 -0.008058 0.999968</row1>
				<row2>0.998596 0.052977 0.000427</row2>
				<row3>1.049034 -0.946507 -1.866457</row3>
			</transform>
		</node>
		<node>
			<identifier>HP_Track_Exhaus_3</identifier>
			<transform>
				<row0>-0.084776 -0.995503 0.042271</row0>
				<row1>-0.000000 0.042423 0.999100</row1>
				<row2>-0.996400 0.084700 -0.003596</row2>
				<row3>-1.049043 -0.946507 -2.209698</row3>
			</transform>
		</node>
		<node>
			<identifier>HP_Track_Exhaus_4</identifier>
			<transform>
				<row0>-0.084776 -0.995503 0.042271</row0>
				<row1>-0.000000 0.042423 0.999100</row1>
				<row2>-0.996400 0.084700 -0.003596</row2>
				<row3>-1.049043 -0.946507 -1.864770</row3>
			</transform>
		</node>
		<node>
			<identifier>nodes_01</identifier>
			<transform>
				<row0>1.000000 0.000000 0.000000</row0>
				<row1>0.000000 1.000000 0.000000</row1>
				<row2>0.000000 0.000000 1.000000</row2>
				<row3>0.000000 0.000000 0.000000</row3>
			</transform>
			<node>
				<identifier>HP_Fire_2</identifier>
				<transform>
					<row0>1.000000 0.000000 0.000000</row0>
					<row1>0.000000 1.000000 0.000000</row1>
					<row2>0.000000 0.000000 1.000000</row2>
					<row3>0.584047 0.551973 1.348468</row3>
				</transform>
			</node>
			<node>
				<identifier>HP_TrackUp_LFront</identifier>
				<transform>
					<row0>1.000000 0.000000 0.000000</row0>
					<row1>0.000000 0.978148 0.207912</row1>
					<row2>0.000000 -0.207912 0.978148</row2>
					<row3>-1.400206 -0.039165 2.821731</row3>
				</transform>
			</node>
			<node>
				<identifier>HP_TrackUp_LFront_0</identifier>
				<transform>
					<row0>1.000000 0.000000 0.000000</row0>
					<row1>0.000000 0.978148 0.207912</row1>
					<row2>0.000000 -0.207912 0.978148</row2>
					<row3>-1.399942 -0.168519 0.188742</row3>
				</transform>
			</node>
			<node>
				<identifier>HP_TrackUp_LRear</identifier>
				<transform>
					<row0>-1.000000 0.000000 0.000000</row0>
					<row1>0.000000 0.990268 -0.139173</row1>
					<row2>-0.000000 -0.139173 -0.990268</row2>
					<row3>-1.400206 0.018261 -2.646798</row3>
				</transform>
			</node>
			<node>
				<identifier>HP_TrackUp_LRear_0</identifier>
				<transform>
					<row0>-1.000000 0.000000 0.000000</row0>
					<row1>0.000000 0.990268 -0.139173</row1>
					<row2>-0.000000 -0.139173 -0.990268</row2>
					<row3>-1.399942 -0.074488 -2.513196</row3>
				</transform>
			</node>
			<node>
				<identifier>HP_TrackUp_RFront</identifier>
				<transform>
					<row0>1.000000 0.000000 0.000000</row0>
					<row1>0.000000 0.978148 0.207912</row1>
					<row2>0.000000 -0.207912 0.978148</row2>
					<row3>1.398774 -0.036779 2.818819</row3>
				</transform>
			</node>
			<node>
				<identifier>HP_TrackUp_RFront_0</identifier>
				<transform>
					<row0>1.000000 0.000000 0.000000</row0>
					<row1>0.000000 0.978148 0.207912</row1>
					<row2>0.000000 -0.207912 0.978148</row2>
					<row3>1.398145 -0.168101 0.078105</row3>
				</transform>
			</node>
			<node>
				<identifier>HP_TrackUp_RRear</identifier>
				<transform>
					<row0>-1.000000 0.000000 0.000000</row0>
					<row1>0.000000 0.990268 -0.139173</row1>
					<row2>-0.000000 -0.139173 -0.990268</row2>
					<row3>1.398774 0.018637 -2.647708</row3>
				</transform>
			</node>
			<node>
				<identifier>HP_TrackUp_RRear_0</identifier>
				<transform>
					<row0>-1.000000 0.000000 0.000000</row0>
					<row1>0.000000 0.990268 -0.139173</row1>
					<row2>-0.000000 -0.139173 -0.990268</row2>
					<row3>1.398145 -0.079468 -2.510667</row3>
				</transform>
			</node>
			<node>
				<identifier>HP_turretJoint</identifier>
				<transform>
					<row0>1.000000 0.000000 0.000000</row0>
					<row1>0.000000 1.000000 0.000000</row1>
					<row2>0.000000 0.000000 1.000000</row2>
					<row3>-0.000936 0.678138 -0.155501</row3>
				</transform>
			</node>
			<node>
				<identifier>HP_hullAnim</identifier>
				<transform>
					<row0>1.000000 0.000000 0.000000</row0>
					<row1>0.000000 1.000000 0.000000</row1>
					<row2>0.000000 0.000000 1.000000</row2>
					<row3>0.000000 0.000000 0.000000</row3>
				</transform>
			</node>
		</node>
	</node>
	<renderSet>
		<treatAsWorldSpaceObject>false</treatAsWorldSpaceObject>
		<node>Scene Root</node>
		<geometry>
			<vertices>vertices</vertices>
			<primitive>indices</primitive>
			<primitiveGroup>
				0
				<material>
					<identifier>tank_hull_01</identifier>
					<fx>shaders/std_effects/PBS_tank.fx</fx>
					<materialKind>0</materialKind>
					<collisionFlags>0</collisionFlags>
					<property>
						alphaReference
						<Int>68</Int>
					</property>
					<property>
						colorIdMap
						<Texture>vehicles/russian/common/common_ID.dds</Texture>
					</property>
					<property>
						diffuseMap
						<Texture>vehicles/american/A157_M_VII_Y/_skins/A157_M_VII_Y_3Dst/M_VII_Y_3Dst_hull_01_AM.dds</Texture>
					</property>
					<property>
						excludeMaskAndAOMap
						<Texture>vehicles/american/A157_M_VII_Y/_skins/A157_M_VII_Y_3Dst/M_VII_Y_3Dst_hull_01_AO.dds</Texture>
					</property>
					<property>
						g_detailUVTiling
						<Vector4>8.416440 8.416440 0.000000 0.000000</Vector4>
					</property>
					<property>
						metallicDetailMap
						<Texture>vehicles/russian/Tank_detail/Details_map.dds</Texture>
					</property>
					<property>
						metallicGlossMap
						<Texture>vehicles/american/A157_M_VII_Y/_skins/A157_M_VII_Y_3Dst/M_VII_Y_3Dst_hull_01_GMM.dds</Texture>
					</property>
					<property>
						normalMap
						<Texture>vehicles/american/A157_M_VII_Y/_skins/A157_M_VII_Y_3Dst/M_VII_Y_3Dst_hull_01_ANM.dds</Texture>
					</property>
				</material>
				<groupOrigin>0.003261 0.067834 0.110302</groupOrigin>
			</primitiveGroup>
			<primitiveGroup>
				1
				<material>
					<identifier>tank_equipment</identifier>
					<fx>shaders/std_effects/PBS_tank.fx</fx>
					<materialKind>0</materialKind>
					<collisionFlags>0</collisionFlags>
					<property>
						alphaReference
						<Int>68</Int>
					</property>
					<property>
						colorIdMap
						<Texture>vehicles/russian/common/common_ID.dds</Texture>
					</property>
					<property>
						diffuseMap
						<Texture>vehicles/american/A157_M_VII_Y/_skins/A157_M_VII_Y_3Dst/M_VII_Y_3Dst_tank_equipment_AM.dds</Texture>
					</property>
					<property>
						excludeMaskAndAOMap
						<Texture>vehicles/american/A157_M_VII_Y/_skins/A157_M_VII_Y_3Dst/M_VII_Y_3Dst_tank_equipment_AO.dds</Texture>
					</property>
					<property>
						g_detailUVTiling
						<Vector4>8.416440 8.416440 0.000000 0.000000</Vector4>
					</property>
					<property>
						metallicDetailMap
						<Texture>vehicles/russian/Tank_detail/Details_map.dds</Texture>
					</property>
					<property>
						metallicGlossMap
						<Texture>vehicles/american/A157_M_VII_Y/_skins/A157_M_VII_Y_3Dst/M_VII_Y_3Dst_tank_equipment_GMM.dds</Texture>
					</property>
					<property>
						normalMap
						<Texture>vehicles/american/A157_M_VII_Y/_skins/A157_M_VII_Y_3Dst/M_VII_Y_3Dst_tank_equipment_ANM.dds</Texture>
					</property>
				</material>
				<groupOrigin>-0.006161 0.263495 -0.313733</groupOrigin>
			</primitiveGroup>
		</geometry>
	</renderSet>
	<boundingBox>
		<min>-1.830417 -0.548774 -3.587476</min>
		<max>1.818095 0.684442 3.147806</max>
	</boundingBox>
	<geometrySize>178272</geometrySize>
	<minUVDensity>0.003564</minUVDensity>
</root>
