<?xml version="1.0" encoding="utf-8"?>
<root>
	<node>
		<identifier>Scene Root</identifier>
		<transform>
			<row0>1.000000 0.000000 0.000000</row0>
			<row1>0.000000 1.000000 0.000000</row1>
			<row2>0.000000 0.000000 1.000000</row2>
			<row3>0.000000 0.000000 0.000000</row3>
		</transform>
		<node>
			<identifier>nodes_01</identifier>
			<transform>
				<row0>1.000000 0.000000 0.000000</row0>
				<row1>0.000000 1.000000 0.000000</row1>
				<row2>0.000000 0.000000 1.000000</row2>
				<row3>0.000000 0.000000 0.000000</row3>
			</transform>
			<node>
				<identifier>HP_Fire_1</identifier>
				<transform>
					<row0>1.000000 0.000000 0.000000</row0>
					<row1>0.000000 1.000000 0.000000</row1>
					<row2>0.000000 0.000000 1.000000</row2>
					<row3>0.507268 -0.196700 0.760535</row3>
				</transform>
			</node>
			<node>
				<identifier>HP_Fire_2</identifier>
				<transform>
					<row0>1.000000 0.000000 0.000000</row0>
					<row1>0.000000 1.000000 0.000000</row1>
					<row2>0.000000 0.000000 1.000000</row2>
					<row3>-0.636546 -0.200729 0.505839</row3>
				</transform>
			</node>
			<node>
				<identifier>HP_TrackUp_LFront</identifier>
				<transform>
					<row0>1.000000 0.000000 0.000000</row0>
					<row1>0.000000 0.727310 0.686309</row1>
					<row2>0.000000 -0.686309 0.727310</row2>
					<row3>-1.081594 0.071978 2.347534</row3>
				</transform>
			</node>
			<node>
				<identifier>HP_TrackUp_LRear</identifier>
				<transform>
					<row0>-1.000000 0.000000 0.000000</row0>
					<row1>0.000000 0.707107 -0.707107</row1>
					<row2>-0.000000 -0.707107 -0.707107</row2>
					<row3>-1.081594 -0.129903 -2.370064</row3>
				</transform>
			</node>
			<node>
				<identifier>HP_TrackUp_RFront</identifier>
				<transform>
					<row0>1.000000 0.000000 0.000000</row0>
					<row1>0.000000 0.727310 0.686309</row1>
					<row2>0.000000 -0.686309 0.727310</row2>
					<row3>1.081606 0.072122 2.347583</row3>
				</transform>
			</node>
			<node>
				<identifier>HP_TrackUp_RRear</identifier>
				<transform>
					<row0>-1.000000 0.000000 0.000000</row0>
					<row1>0.000000 0.707107 -0.707107</row1>
					<row2>-0.000000 -0.707107 -0.707107</row2>
					<row3>1.081606 -0.125243 -2.368382</row3>
				</transform>
			</node>
			<node>
				<identifier>HP_Track_Exhaus_1</identifier>
				<transform>
					<row0>0.010700 0.207893 -0.978093</row0>
					<row1>0.207893 0.956313 0.205538</row1>
					<row2>0.978093 -0.205538 -0.032987</row2>
					<row3>1.256633 0.166563 -1.226385</row3>
				</transform>
			</node>
			<node>
				<identifier>HP_turretJoint</identifier>
				<transform>
					<row0>1.000000 0.000000 0.000000</row0>
					<row1>0.000000 1.000000 0.000000</row1>
					<row2>0.000000 0.000000 1.000000</row2>
					<row3>0.000040 0.327226 -0.440420</row3>
				</transform>
			</node>
		</node>
	</node>
	<renderSet>
		<treatAsWorldSpaceObject>false</treatAsWorldSpaceObject>
		<node>Scene Root</node>
		<geometry>
			<vertices>vertices</vertices>
			<primitive>indices</primitive>
			<primitiveGroup>
				0
				<material>
					<identifier>tank_proxy</identifier>
					<property>
						selfIllumination
						<Float>0.000000</Float>
					</property>
					<collisionFlags>0</collisionFlags>
					<materialKind>0</materialKind>
					<fx>shaders/std_effects/PBS_tank.fx</fx>
					<property>
						metallicGlossMap
						<Texture>vehicles/french/F88_AMX_13_105/_skins/F88_AMX_13_105_3DSt_TIR/AMX_13_105_3DSt_TIR_proxy_GMM.dds</Texture>
					</property>
					<property>
						normalMap
						<Texture>vehicles/french/F88_AMX_13_105/_skins/F88_AMX_13_105_3DSt_TIR/AMX_13_105_3DSt_TIR_proxy_ANM.dds</Texture>
					</property>
					<property>
						diffuseMap
						<Texture>vehicles/french/F88_AMX_13_105/_skins/F88_AMX_13_105_3DSt_TIR/AMX_13_105_3DSt_TIR_proxy_AM.dds</Texture>
					</property>
					<property>
						excludeMaskAndAOMap
						<Texture>vehicles/french/F88_AMX_13_105/_skins/F88_AMX_13_105_3DSt_TIR/AMX_13_105_3DSt_TIR_proxy_AO.dds</Texture>
					</property>
				</material>
				<groupOrigin>0.024521 -0.122865 -0.061025</groupOrigin>
			</primitiveGroup>
		</geometry>
	</renderSet>
	<boundingBox>
		<min>-1.318812 -0.641363 -2.560304</min>
		<max>1.367854 0.395632 2.438255</max>
	</boundingBox>
	<geometrySize>3248</geometrySize>
	<minUVDensity>0.002274</minUVDensity>
</root>
