<?xml version="1.0" encoding="utf-8"?>
<root>
	<node>
		<identifier>Scene Root</identifier>
		<transform>
			<row0>1.000000 0.000000 0.000000</row0>
			<row1>0.000000 1.000000 0.000000</row1>
			<row2>0.000000 0.000000 1.000000</row2>
			<row3>0.000000 0.000000 0.000000</row3>
		</transform>
		<node>
			<identifier>lod0</identifier>
			<transform>
				<row0>1.000000 0.000000 0.000000</row0>
				<row1>0.000000 1.000000 0.000000</row1>
				<row2>0.000000 0.000000 1.000000</row2>
				<row3>0.000000 0.000000 0.000000</row3>
			</transform>
			<node>
				<identifier>turret_01</identifier>
				<transform>
					<row0>1.000000 0.000000 0.000000</row0>
					<row1>0.000000 1.000000 0.000000</row1>
					<row2>0.000000 0.000000 1.000000</row2>
					<row3>0.000377 -3.891050 0.157906</row3>
				</transform>
			</node>
		</node>
		<node>
			<identifier>nodes_01</identifier>
			<transform>
				<row0>1.000000 0.000000 0.000000</row0>
				<row1>0.000000 1.000000 0.000000</row1>
				<row2>0.000000 0.000000 1.000000</row2>
				<row3>0.000000 0.000000 0.000000</row3>
			</transform>
			<node>
				<identifier>HP_gunJoint</identifier>
				<transform>
					<row0>1.000000 0.000000 0.000000</row0>
					<row1>0.000000 1.000000 0.000000</row1>
					<row2>0.000000 0.000000 1.000000</row2>
					<row3>0.000377 0.697851 4.098842</row3>
				</transform>
			</node>
			<node>
				<identifier>HP_light1</identifier>
				<transform>
					<row0>1.000000 0.000000 0.000000</row0>
					<row1>-0.000000 0.996793 0.080025</row1>
					<row2>-0.000000 -0.080025 0.996792</row2>
					<row3>0.000377 2.331999 3.269999</row3>
				</transform>
			</node>
			<node>
				<identifier>HP_light2</identifier>
				<transform>
					<row0>0.527595 0.003049 0.849491</row0>
					<row1>0.202656 0.970670 -0.129348</row1>
					<row2>-0.824969 0.240398 0.511503</row2>
					<row3>-1.807000 2.754001 -2.359000</row3>
				</transform>
			</node>
			<node>
				<identifier>HP_wp_03</identifier>
				<transform>
					<row0>-0.529919 0.000000 -0.848048</row0>
					<row1>0.424024 0.866024 -0.264959</row1>
					<row2>0.734431 -0.500000 -0.458923</row2>
					<row3>-2.319473 0.719637 2.720784</row3>
				</transform>
			</node>
			<node>
				<identifier>HP_wp_04</identifier>
				<transform>
					<row0>0.173648 -0.000000 -0.984807</row0>
					<row1>0.564862 0.819151 0.099600</row1>
					<row2>0.806707 -0.573576 0.142244</row2>
					<row3>-2.864856 0.890975 -0.735932</row3>
				</transform>
			</node>
			<node>
				<identifier>HP_wp_05</identifier>
				<transform>
					<row0>-0.551355 -0.045324 0.833040</row0>
					<row1>-0.439033 0.864839 -0.243524</row1>
					<row2>-0.709407 -0.500000 -0.496732</row2>
					<row3>2.382304 0.761377 2.689442</row3>
				</transform>
			</node>
			<node>
				<identifier>HP_wp_06</identifier>
				<transform>
					<row0>0.209547 0.071394 0.975188</row0>
					<row1>-0.574481 0.816035 0.063702</row1>
					<row2>-0.791239 -0.573576 0.212012</row2>
					<row3>3.037763 0.875558 -0.761911</row3>
				</transform>
			</node>
			<node>
				<identifier>HP_wp_11</identifier>
				<transform>
					<row0>1.000000 0.000000 0.000000</row0>
					<row1>0.000000 1.000000 0.000000</row1>
					<row2>0.000000 0.000000 1.000000</row2>
					<row3>-1.408108 1.620082 -5.874688</row3>
				</transform>
			</node>
			<node>
				<identifier>HP_wp_12</identifier>
				<transform>
					<row0>1.000000 0.000000 0.000000</row0>
					<row1>0.000000 1.000000 0.000000</row1>
					<row2>0.000000 0.000000 1.000000</row2>
					<row3>0.000000 1.620080 -5.874690</row3>
				</transform>
			</node>
			<node>
				<identifier>HP_wp_13</identifier>
				<transform>
					<row0>1.000000 0.000000 0.000000</row0>
					<row1>0.000000 1.000000 0.000000</row1>
					<row2>0.000000 0.000000 1.000000</row2>
					<row3>1.408000 1.620080 -5.874690</row3>
				</transform>
			</node>
			<node>
				<identifier>HP_wp_14</identifier>
				<transform>
					<row0>1.000000 0.000000 0.000000</row0>
					<row1>0.000000 1.000000 0.000000</row1>
					<row2>0.000000 0.000000 1.000000</row2>
					<row3>-1.408000 0.741907 -6.177507</row3>
				</transform>
			</node>
			<node>
				<identifier>HP_wp_15</identifier>
				<transform>
					<row0>1.000000 0.000000 0.000000</row0>
					<row1>0.000000 1.000000 0.000000</row1>
					<row2>0.000000 0.000000 1.000000</row2>
					<row3>0.000000 0.741907 -6.177510</row3>
				</transform>
			</node>
			<node>
				<identifier>HP_wp_16</identifier>
				<transform>
					<row0>1.000000 0.000000 0.000000</row0>
					<row1>0.000000 1.000000 0.000000</row1>
					<row2>0.000000 0.000000 1.000000</row2>
					<row3>1.408000 0.741907 -6.177510</row3>
				</transform>
			</node>
		</node>
	</node>
	<renderSet>
		<treatAsWorldSpaceObject>false</treatAsWorldSpaceObject>
		<node>Scene Root</node>
		<geometry>
			<vertices>vertices</vertices>
			<primitive>indices</primitive>
			<primitiveGroup>
				0
				<material>
					<identifier>tank_turret_01</identifier>
					<property>
						selfIllumination
						<Float>0.000000</Float>
					</property>
					<collisionFlags>0</collisionFlags>
					<materialKind>0</materialKind>
					<fx>shaders/std_effects/PBS_tank.fx</fx>
					<property>
						metallicGlossMap
						<Texture>halloween/vehicles/german/G146_E100_Hell_Boss/E100_Hell_Boss_turret_01_GMM.dds</Texture>
					</property>
					<property>
						normalMap
						<Texture>halloween/vehicles/german/G146_E100_Hell_Boss/E100_Hell_Boss_turret_01_ANM.dds</Texture>
					</property>
					<property>
						diffuseMap
						<Texture>halloween/vehicles/german/G146_E100_Hell_Boss/E100_Hell_Boss_turret_01_AM.dds</Texture>
					</property>
					<property>
						excludeMaskAndAOMap
						<Texture>halloween/vehicles/german/G146_E100_Hell_Boss/E100_Hell_Boss_turret_01_AO.dds</Texture>
					</property>
				</material>
				<groupOrigin>0.041326 2.333154 -1.042974</groupOrigin>
			</primitiveGroup>
		</geometry>
	</renderSet>
	<boundingBox>
		<min>-3.541271 -0.156825 -6.868438</min>
		<max>3.623923 4.823133 4.782489</max>
	</boundingBox>
	<geometrySize>291038</geometrySize>
	<minUVDensity>0.000648</minUVDensity>
</root>
