<?xml version="1.0" encoding="utf-8"?>
<root>
	<node>
		<identifier>Scene Root</identifier>
		<transform>
			<row0>1.000000 0.000000 0.000000</row0>
			<row1>0.000000 1.000000 0.000000</row1>
			<row2>0.000000 0.000000 1.000000</row2>
			<row3>0.000000 0.000000 0.000000</row3>
		</transform>
		<node>
			<identifier>Root</identifier>
			<transform>
				<row0>1.000000 0.000000 0.000000</row0>
				<row1>0.000000 1.000000 0.000000</row1>
				<row2>0.000000 0.000000 1.000000</row2>
				<row3>0.000000 0.000000 0.000000</row3>
			</transform>
			<node>
				<identifier>Hips</identifier>
				<transform>
					<row0>0.000000 0.992208 0.124589</row0>
					<row1>-1.000000 0.000000 0.000000</row1>
					<row2>-0.000000 -0.124589 0.992208</row2>
					<row3>-0.001462 0.599260 0.009200</row3>
				</transform>
				<node>
					<identifier>LeftUpLeg</identifier>
					<transform>
						<row0>-0.996893 -0.056958 0.054397</row0>
						<row1>0.073321 -0.923358 0.376875</row1>
						<row2>0.028762 0.379693 0.924666</row2>
						<row3>-0.034637 -0.057098 0.012047</row3>
					</transform>
					<node>
						<identifier>LeftLeg</identifier>
						<transform>
							<row0>0.999317 0.036941 0.000057</row0>
							<row1>-0.036934 0.999086 0.021541</row1>
							<row2>0.000739 -0.021529 0.999768</row2>
							<row3>0.257584 0.000002 -0.000000</row3>
						</transform>
						<node>
							<identifier>LeftFoot</identifier>
							<transform>
								<row0>0.613305 -0.355754 -0.705192</row0>
								<row1>0.090114 0.918509 -0.384996</row1>
								<row2>0.784689 0.172572 0.595384</row2>
								<row3>0.227717 -0.000056 0.026975</row3>
							</transform>
							<node>
								<identifier>LeftFoot_BlendBone</identifier>
								<transform>
									<row0>0.012968 0.999876 -0.008983</row0>
									<row1>-0.569372 -0.000000 -0.822080</row1>
									<row2>0.821977 -0.015776 -0.569302</row2>
									<row3>0.052121 -0.080364 0.058873</row3>
								</transform>
							</node>
						</node>
						<node>
							<identifier>LeftLeg_BlendBone</identifier>
							<transform>
								<row0>0.091008 0.912231 -0.399441</row0>
								<row1>-0.994276 0.060688 -0.087936</row1>
								<row2>0.055977 -0.405157 -0.912532</row2>
								<row3>0.298638 -0.082253 0.056211</row3>
							</transform>
						</node>
					</node>
					<node>
						<identifier>LeftUpLeg_BlendBone</identifier>
						<transform>
							<row0>0.056958 0.923358 -0.379693</row0>
							<row1>-0.995904 0.025796 -0.086665</row1>
							<row2>0.070229 -0.383074 -0.921044</row2>
							<row3>0.559098 -0.072355 0.054443</row3>
						</transform>
					</node>
				</node>
				<node>
					<identifier>RightUpLeg</identifier>
					<transform>
						<row0>-0.996084 0.067002 0.057680</row0>
						<row1>-0.087276 -0.849344 -0.520575</row1>
						<row2>0.014111 -0.523570 0.851866</row2>
						<row3>-0.034746 0.057098 0.011179</row3>
					</transform>
					<node>
						<identifier>RightLeg</identifier>
						<transform>
							<row0>0.992131 -0.033623 0.120605</row0>
							<row1>0.033595 0.999433 0.002270</row1>
							<row2>-0.120613 0.001800 0.992698</row2>
							<row3>0.257562 0.000002 -0.000002</row3>
						</transform>
						<node>
							<identifier>RightFoot</identifier>
							<transform>
								<row0>0.515018 0.457089 -0.725139</row0>
								<row1>-0.032700 0.855820 0.516238</row1>
								<row2>0.856556 -0.242160 0.455710</row2>
								<row3>0.229359 -0.000001 -0.000001</row3>
							</transform>
							<node>
								<identifier>RightFoot_BlendBone</identifier>
								<transform>
									<row0>-0.012760 0.999881 0.008618</row0>
									<row1>-0.560049 -0.000007 -0.828459</row1>
									<row2>0.828361 0.015398 -0.559983</row2>
									<row3>0.051790 0.083291 0.059228</row3>
								</transform>
							</node>
						</node>
						<node>
							<identifier>RightLeg_BlendBone</identifier>
							<transform>
								<row0>-0.031887 0.847800 0.529357</row0>
								<row1>-0.998057 -0.055379 0.028573</row1>
								<row2>-0.053539 0.527417 -0.847918</row2>
								<row3>0.304040 0.080612 0.032433</row3>
							</transform>
						</node>
					</node>
					<node>
						<identifier>RightUpLeg_BlendBone</identifier>
						<transform>
							<row0>-0.067002 0.849344 0.523570</row0>
							<row1>-0.995510 -0.021738 -0.092132</row1>
							<row2>0.066871 0.527392 -0.846986</row2>
							<row3>0.558006 0.070403 0.069046</row3>
						</transform>
					</node>
				</node>
				<node>
					<identifier>Spine</identifier>
					<transform>
						<row0>1.000000 0.000000 0.000000</row0>
						<row1>0.000000 1.000000 0.000000</row1>
						<row2>0.000000 0.000000 1.000000</row2>
						<row3>0.064983 0.000000 0.000000</row3>
					</transform>
					<node>
						<identifier>Spine1</identifier>
						<transform>
							<row0>1.000000 0.000000 0.000000</row0>
							<row1>0.000000 1.000000 0.000004</row1>
							<row2>0.000000 -0.000004 1.000000</row2>
							<row3>0.075814 0.000000 0.000000</row3>
						</transform>
						<node>
							<identifier>Spine2</identifier>
							<transform>
								<row0>1.000000 0.000000 0.000004</row0>
								<row1>-0.000000 1.000000 0.000004</row1>
								<row2>-0.000004 -0.000004 1.000000</row2>
								<row3>0.086645 0.000000 -0.000000</row3>
							</transform>
							<node>
								<identifier>LeftShoulder</identifier>
								<transform>
									<row0>-0.104258 -0.994455 0.013753</row0>
									<row1>0.986707 -0.105159 -0.123902</row1>
									<row2>0.124661 0.000652 0.992199</row2>
									<row3>0.093183 -0.039733 0.000565</row3>
								</transform>
								<node>
									<identifier>LeftArm</identifier>
									<transform>
										<row0>0.681380 -0.731281 0.030870</row0>
										<row1>0.731637 0.681691 -0.000471</row1>
										<row2>-0.020699 0.022907 0.999523</row2>
										<row3>0.078596 -0.000001 0.000001</row3>
									</transform>
									<node>
										<identifier>LeftForeArm</identifier>
										<transform>
											<row0>0.938210 0.044688 -0.343168</row0>
											<row1>-0.047039 0.998892 0.001475</row1>
											<row2>0.342854 0.014758 0.939273</row2>
											<row3>0.155748 0.000001 -0.000001</row3>
										</transform>
										<node>
											<identifier>LeftHand</identifier>
											<transform>
												<row0>0.988936 -0.090627 -0.117443</row0>
												<row1>0.094904 0.994993 0.031340</row1>
												<row2>0.114014 -0.042139 0.992585</row2>
												<row3>0.187035 -0.000000 -0.000001</row3>
											</transform>
											<node>
												<identifier>LeftHandIndex1</identifier>
												<transform>
													<row0>0.983751 -0.128029 -0.125870</row0>
													<row1>0.162338 0.933743 0.319014</row1>
													<row2>0.076687 -0.334264 0.939354</row2>
													<row3>0.074933 0.012908 0.000063</row3>
												</transform>
												<node>
													<identifier>LeftHandIndex2</identifier>
													<transform>
														<row0>0.998007 0.058558 0.023525</row0>
														<row1>-0.057644 0.997620 -0.037837</row1>
														<row2>-0.025685 0.036405 0.999007</row2>
														<row3>0.023799 -0.000000 0.000000</row3>
													</transform>
													<node>
														<identifier>LeftHandIndex3</identifier>
														<transform>
															<row0>0.999484 -0.002058 0.032056</row0>
															<row1>0.002235 0.999983 -0.005460</row1>
															<row2>-0.032044 0.005529 0.999471</row2>
															<row3>0.017379 -0.000174 0.000048</row3>
														</transform>
														<node>
															<identifier>LeftHandIndex3_BlendBone</identifier>
															<transform>
																<row0>0.413249 0.910617 -0.001338</row0>
																<row1>-0.780583 0.353481 -0.515501</row1>
																<row2>0.468951 -0.214075 -0.856888</row2>
																<row3>0.255828 -0.541209 0.341463</row3>
															</transform>
														</node>
													</node>
													<node>
														<identifier>LeftHandIndex2_BlendBone</identifier>
														<transform>
															<row0>0.415113 0.909743 0.006938</row0>
															<row1>-0.762872 0.352231 -0.542181</row1>
															<row2>0.495689 -0.219774 -0.840233</row2>
															<row3>0.260924 -0.540012 0.352486</row3>
														</transform>
													</node>
												</node>
												<node>
													<identifier>LeftHandIndex1_BlendBone</identifier>
													<transform>
														<row0>0.361667 0.932139 -0.017725</row0>
														<row1>-0.767730 0.286982 -0.572916</row1>
														<row2>0.528951 -0.220813 -0.819423</row2>
														<row3>0.306278 -0.510616 0.378707</row3>
													</transform>
												</node>
											</node>
											<node>
												<identifier>LeftHandThumb1</identifier>
												<transform>
													<row0>0.678716 0.013565 -0.734275</row0>
													<row1>-0.586126 0.612426 -0.530463</row1>
													<row2>0.442493 0.790412 0.423614</row2>
													<row3>0.025025 -0.000684 -0.017965</row3>
												</transform>
												<node>
													<identifier>LeftHandThumb2</identifier>
													<transform>
														<row0>0.960537 -0.274631 0.044125</row0>
														<row1>0.275813 0.960929 -0.023275</row1>
														<row2>-0.036009 0.034527 0.998755</row2>
														<row3>0.029275 0.000000 -0.000000</row3>
													</transform>
													<node>
														<identifier>LeftHandThumb3</identifier>
														<transform>
															<row0>0.984319 -0.154193 -0.085678</row0>
															<row1>0.157177 0.987138 0.029210</row1>
															<row2>0.080072 -0.042218 0.995895</row2>
															<row3>0.019651 -0.000000 0.000000</row3>
														</transform>
														<node>
															<identifier>LeftHandThumb3_BlendBone</identifier>
															<transform>
																<row0>0.090266 0.168592 0.981544</row0>
																<row1>-0.629671 0.773242 -0.074907</row1>
																<row2>0.771600 0.611288 -0.175956</row2>
																<row3>0.300224 -0.581101 -0.274475</row3>
															</transform>
														</node>
													</node>
													<node>
														<identifier>LeftHandThumb2_BlendBone</identifier>
														<transform>
															<row0>0.193944 0.111067 0.974705</row0>
															<row1>-0.504259 0.863550 0.001935</row1>
															<row2>0.841492 0.491880 -0.223487</row2>
															<row3>0.201854 -0.608332 -0.316044</row3>
														</transform>
													</node>
												</node>
												<node>
													<identifier>LeftHandThumb1_BlendBone</identifier>
													<transform>
														<row0>0.181826 0.087118 0.979464</row0>
														<row1>-0.246251 0.968363 -0.040417</row1>
														<row2>0.951998 0.233845 -0.197526</row2>
														<row3>0.066757 -0.650911 -0.292585</row3>
													</transform>
												</node>
											</node>
											<node>
												<identifier>LeftHand_BlendBone</identifier>
												<transform>
													<row0>0.505752 0.830000 0.235192</row0>
													<row1>-0.752602 0.557764 -0.349986</row1>
													<row2>0.421670 -0.000000 -0.906750</row2>
													<row3>0.322384 -0.629676 0.154358</row3>
												</transform>
											</node>
										</node>
										<node>
											<identifier>LeftForeArm_BlendBone</identifier>
											<transform>
												<row0>0.605742 0.770098 0.200064</row0>
												<row1>-0.731244 0.637926 -0.241523</row1>
												<row2>0.313622 -0.000005 -0.949548</row2>
												<row3>0.463692 -0.662245 0.095617</row3>
											</transform>
										</node>
									</node>
									<node>
										<identifier>LeftArm_BlendBone</identifier>
										<transform>
											<row0>0.600682 0.799267 -0.018820</row0>
											<row1>-0.798875 0.600976 0.025025</row1>
											<row2>-0.031312 -0.000003 -0.999510</row2>
											<row3>0.654722 -0.639377 -0.070292</row3>
										</transform>
									</node>
								</node>
								<node>
									<identifier>LeftShoulder_BlendBone</identifier>
									<transform>
										<row0>0.994455 0.105158 -0.000645</row0>
										<row1>-0.105158 0.994456 0.000069</row1>
										<row2>-0.000648 0.000001 -1.000000</row2>
										<row3>0.058373 -0.916255 -0.049746</row3>
									</transform>
								</node>
							</node>
							<node>
								<identifier>Neck</identifier>
								<transform>
									<row0>0.911719 0.000000 -0.410814</row0>
									<row1>0.000000 1.000000 -0.000000</row1>
									<row2>0.410814 0.000000 0.911719</row2>
									<row3>0.097475 0.000000 0.000000</row3>
								</transform>
								<node>
									<identifier>Head</identifier>
									<transform>
										<row0>1.000000 0.000000 0.000006</row0>
										<row1>0.000000 1.000000 -0.000000</row1>
										<row2>-0.000006 0.000000 1.000000</row2>
										<row3>0.075548 0.000000 0.000000</row3>
									</transform>
									<node>
										<identifier>Head_BlendBone</identifier>
										<transform>
											<row0>-0.000003 -1.000000 0.000007</row0>
											<row1>0.955801 -0.000001 0.294014</row1>
											<row2>0.294014 -0.000007 -0.955801</row2>
											<row3>-0.941851 -0.001461 -0.318463</row3>
										</transform>
									</node>
								</node>
								<node>
									<identifier>Neck_BlendBone</identifier>
									<transform>
										<row0>-0.000003 -1.000000 0.000007</row0>
										<row1>0.955799 -0.000001 0.294020</row1>
										<row2>0.294020 -0.000007 -0.955799</row2>
										<row3>-0.866301 -0.001461 -0.318468</row3>
									</transform>
								</node>
							</node>
							<node>
								<identifier>RightShoulder</identifier>
								<transform>
									<row0>-0.104430 0.994454 0.012445</row0>
									<row1>-0.986706 -0.105167 0.123902</row1>
									<row2>0.124524 0.000659 0.992216</row2>
									<row3>0.093176 0.039733 0.000514</row3>
								</transform>
								<node>
									<identifier>RightArm</identifier>
									<transform>
										<row0>0.681318 0.731234 0.033188</row0>
										<row1>-0.731627 0.681706 -0.000480</row1>
										<row2>-0.022975 -0.023954 0.999449</row2>
										<row3>0.078596 -0.000000 0.000000</row3>
									</transform>
									<node>
										<identifier>RightForeArm</identifier>
										<transform>
											<row0>0.944889 -0.044990 -0.324284</row0>
											<row1>0.047032 0.998892 -0.001541</row1>
											<row2>0.323994 -0.013796 0.945959</row2>
											<row3>0.155755 -0.000000 0.000000</row3>
										</transform>
										<node>
											<identifier>RightHand</identifier>
											<transform>
												<row0>0.985897 0.108951 -0.127033</row0>
												<row1>-0.114232 0.992836 -0.035029</row1>
												<row2>0.122307 0.049046 0.991280</row2>
												<row3>0.185761 -0.000000 0.000000</row3>
											</transform>
											<node>
												<identifier>RightHandIndex1</identifier>
												<transform>
													<row0>0.994745 0.030045 -0.097878</row0>
													<row1>0.050282 -0.976106 0.211397</row1>
													<row2>-0.089188 -0.215207 -0.972487</row2>
													<row3>0.073249 -0.008533 -0.003687</row3>
												</transform>
												<node>
													<identifier>RightHandIndex2</identifier>
													<transform>
														<row0>0.998871 0.044433 -0.016789</row0>
														<row1>-0.044387 0.999010 0.003106</row1>
														<row2>0.016911 -0.002358 0.999854</row2>
														<row3>0.023202 0.000000 0.000000</row3>
													</transform>
													<node>
														<identifier>RightHandIndex3</identifier>
														<transform>
															<row0>0.990770 -0.135208 -0.009651</row0>
															<row1>0.132674 0.981868 -0.135398</row1>
															<row2>0.027783 0.132868 0.990744</row2>
															<row3>0.018653 0.000000 -0.000000</row3>
														</transform>
														<node>
															<identifier>RightHandIndex3_BlendBone</identifier>
															<transform>
																<row0>-0.362895 -0.930134 -0.056195</row0>
																<row1>-0.793640 0.276913 0.541714</row1>
																<row2>0.488305 -0.241184 0.838682</row2>
																<row3>0.282684 -0.504919 -0.373691</row3>
															</transform>
														</node>
													</node>
													<node>
														<identifier>RightHandIndex2_BlendBone</identifier>
														<transform>
															<row0>-0.484511 -0.871670 0.073766</row0>
															<row1>-0.734526 0.451175 0.506866</row1>
															<row2>0.475101 -0.191400 0.858863</row2>
															<row3>0.221356 -0.583637 -0.304596</row3>
														</transform>
													</node>
												</node>
												<node>
													<identifier>RightHandIndex1_BlendBone</identifier>
													<transform>
														<row0>-0.444026 -0.892508 0.079182</row0>
														<row1>-0.745151 0.416896 0.520526</row1>
														<row2>0.497584 -0.172125 0.850166</row2>
														<row3>0.265063 -0.572505 -0.310080</row3>
													</transform>
												</node>
											</node>
											<node>
												<identifier>RightHandThumb1</identifier>
												<transform>
													<row0>0.691937 -0.028118 -0.721410</row0>
													<row1>-0.525222 -0.705195 -0.476279</row1>
													<row2>-0.495343 0.708456 -0.502719</row2>
													<row3>0.024123 0.001392 -0.021573</row3>
												</transform>
												<node>
													<identifier>RightHandThumb2</identifier>
													<transform>
														<row0>0.933313 -0.357182 0.036731</row0>
														<row1>0.357794 0.933730 -0.011511</row1>
														<row2>-0.030185 0.023886 0.999259</row2>
														<row3>0.028065 -0.000000 -0.000000</row3>
													</transform>
													<node>
														<identifier>RightHandThumb3</identifier>
														<transform>
															<row0>0.997703 0.038642 -0.055630</row0>
															<row1>-0.037592 0.999097 0.019795</row1>
															<row2>0.056344 -0.017658 0.998255</row2>
															<row3>0.020857 0.000000 -0.000000</row3>
														</transform>
														<node>
															<identifier>RightHandThumb3_BlendBone</identifier>
															<transform>
																<row0>-0.139153 -0.275068 0.951301</row0>
																<row1>-0.560538 0.813812 0.153320</row1>
																<row2>0.816354 0.511906 0.267430</row2>
																<row3>0.238994 -0.632256 0.208981</row3>
															</transform>
														</node>
													</node>
													<node>
														<identifier>RightHandThumb2_BlendBone</identifier>
														<transform>
															<row0>-0.074892 -0.296995 0.951938</row0>
															<row1>-0.581205 0.788710 0.200344</row1>
															<row2>0.810304 0.538267 0.231683</row2>
															<row3>0.294845 -0.626140 0.182806</row3>
														</transform>
													</node>
												</node>
												<node>
													<identifier>RightHandThumb1_BlendBone</identifier>
													<transform>
														<row0>-0.204895 -0.227826 0.951900</row0>
														<row1>-0.266298 0.948823 0.169769</row1>
														<row2>0.941862 0.218704 0.255079</row2>
														<row3>0.073700 -0.685592 0.200708</row3>
													</transform>
												</node>
											</node>
											<node>
												<identifier>RightHand_BlendBone</identifier>
												<transform>
													<row0>-0.493632 0.840802 -0.222216</row0>
													<row1>-0.766698 -0.541344 -0.345141</row1>
													<row2>0.410490 0.000000 -0.911865</row2>
													<row3>0.335788 0.624988 0.150893</row3>
												</transform>
											</node>
										</node>
										<node>
											<identifier>RightForeArm_BlendBone</identifier>
											<transform>
												<row0>-0.609895 0.770098 -0.187023</row0>
												<row1>-0.736259 -0.637926 -0.225772</row1>
												<row2>0.293173 0.000000 -0.956059</row2>
												<row3>0.463875 0.664496 0.085028</row3>
											</transform>
										</node>
									</node>
									<node>
										<identifier>RightArm_BlendBone</identifier>
										<transform>
											<row0>-0.600658 0.799264 0.019677</row0>
											<row1>-0.798835 -0.600981 0.026169</row1>
											<row2>-0.032741 0.000000 -0.999464</row2>
											<row3>0.652866 0.641717 -0.071018</row3>
										</transform>
									</node>
								</node>
								<node>
									<identifier>RightShoulder_BlendBone</identifier>
									<transform>
										<row0>-0.994454 0.105168 -0.000652</row0>
										<row1>-0.105168 -0.994454 -0.000069</row1>
										<row2>0.000655 0.000000 -1.000000</row2>
										<row3>0.055539 0.916562 -0.049620</row3>
									</transform>
								</node>
							</node>
							<node>
								<identifier>Spine2_BlendBone</identifier>
								<transform>
									<row0>0.000000 -1.000000 0.000007</row0>
									<row1>0.992208 -0.000001 -0.124592</row1>
									<row2>-0.124592 -0.000007 -0.992208</row2>
									<row3>-0.823179 -0.001461 0.065535</row3>
								</transform>
							</node>
						</node>
						<node>
							<identifier>Spine1_BlendBone</identifier>
							<transform>
								<row0>-0.000000 -1.000000 0.000004</row0>
								<row1>0.992208 -0.000000 -0.124589</row1>
								<row2>-0.124589 -0.000004 -0.992208</row2>
								<row3>-0.736535 -0.001462 0.065532</row3>
							</transform>
						</node>
					</node>
					<node>
						<identifier>Spine_BlendBone</identifier>
						<transform>
							<row0>0.000000 -1.000000 0.000000</row0>
							<row1>0.992208 0.000000 -0.124589</row1>
							<row2>-0.124589 0.000000 -0.992208</row2>
							<row3>-0.660721 -0.001462 0.065532</row3>
						</transform>
					</node>
				</node>
				<node>
					<identifier>Hips_BlendBone</identifier>
					<transform>
						<row0>0.000000 -1.000000 0.000000</row0>
						<row1>0.992208 0.000000 -0.124589</row1>
						<row2>-0.124589 0.000000 -0.992208</row2>
						<row3>-0.595737 -0.001462 0.065532</row3>
					</transform>
				</node>
			</node>
			<node>
				<identifier>flowers1_M</identifier>
				<transform>
					<row0>0.000000 1.000000 0.000000</row0>
					<row1>-0.000000 0.000000 -1.000000</row1>
					<row2>-1.000000 0.000000 0.000000</row2>
					<row3>0.000000 0.000000 0.000000</row3>
				</transform>
				<node>
					<identifier>flowers2_M</identifier>
					<transform>
						<row0>1.000000 0.000000 0.000000</row0>
						<row1>0.000000 1.000000 0.000000</row1>
						<row2>0.000000 0.000000 1.000000</row2>
						<row3>0.124775 0.000000 0.000000</row3>
					</transform>
					<node>
						<identifier>flowers2_M_BlendBone</identifier>
						<transform>
							<row0>0.000000 -0.000000 -1.000000</row0>
							<row1>1.000000 0.000000 0.000000</row1>
							<row2>0.000000 1.000000 -0.000000</row2>
							<row3>-0.124775 -0.000000 -0.000000</row3>
						</transform>
					</node>
				</node>
				<node>
					<identifier>flowers1_M_BlendBone</identifier>
					<transform>
						<row0>0.000000 -0.000000 -1.000000</row0>
						<row1>1.000000 0.000000 0.000000</row1>
						<row2>0.000000 1.000000 -0.000000</row2>
						<row3>0.000000 0.000000 -0.000000</row3>
					</transform>
				</node>
			</node>
			<node>
				<identifier>Root_BlendBone</identifier>
				<transform>
					<row0>1.000000 0.000000 0.000000</row0>
					<row1>0.000000 1.000000 0.000000</row1>
					<row2>0.000000 0.000000 -1.000000</row2>
					<row3>0.000000 0.000000 0.000000</row3>
				</transform>
			</node>
		</node>
	</node>
	<renderSet>
		<treatAsWorldSpaceObject>true</treatAsWorldSpaceObject>
		<node>LeftFoot_BlendBone</node>
		<node>LeftLeg_BlendBone</node>
		<node>RightFoot_BlendBone</node>
		<node>RightLeg_BlendBone</node>
		<geometry>
			<vertices>s3Shape.vertices</vertices>
			<primitive>s3Shape.indices</primitive>
			<primitiveGroup>
				0
				<material>
					<identifier>s_nd1_skinned</identifier>
					<fx>shaders/std_effects/PBS_ext_skinned.fx</fx>
					<materialKind>101</materialKind>
					<collisionFlags>255</collisionFlags>
					<property>
						diffuseMap
						<Texture>content/Hangars/h01_victory_day_2023/Characters/Civil_Boy_VD/cloth_AM.dds</Texture>
					</property>
					<property>
						g_enableAO
						<Bool>true</Bool>
					</property>
					<property>
						metallicGlossMap
						<Texture>content/Hangars/h01_victory_day_2023/Characters/Civil_Boy_VD/cloth_GMM.dds</Texture>
					</property>
					<property>
						normalMap
						<Texture>content/Hangars/h01_victory_day_2023/Characters/Civil_Boy_VD/cloth_ANM.dds</Texture>
					</property>
					<property>
						g_tintColor
						<Vector4>0.980392 0.713726 0.254902 1.000000</Vector4>
					</property>
					<property>
						g_useTintColor
						<Bool>true</Bool>
					</property>
				</material>
				<groupOrigin>0.000071 0.052066 0.036620</groupOrigin>
			</primitiveGroup>
		</geometry>
	</renderSet>
	<renderSet>
		<treatAsWorldSpaceObject>true</treatAsWorldSpaceObject>
		<node>RightUpLeg_BlendBone</node>
		<node>RightLeg_BlendBone</node>
		<node>Hips_BlendBone</node>
		<node>LeftUpLeg_BlendBone</node>
		<node>LeftLeg_BlendBone</node>
		<geometry>
			<vertices>s2Shape.vertices</vertices>
			<primitive>s2Shape.indices</primitive>
			<primitiveGroup>
				0
				<material>
					<identifier>s_nd3_skinned</identifier>
					<fx>shaders/std_effects/PBS_ext_skinned.fx</fx>
					<materialKind>101</materialKind>
					<collisionFlags>255</collisionFlags>
					<property>
						diffuseMap
						<Texture>content/Hangars/h01_victory_day_2023/Characters/Civil_Boy_VD/cloth_AM.dds</Texture>
					</property>
					<property>
						dynamicObject
						<Bool>true</Bool>
					</property>
					<property>
						g_enableAO
						<Bool>true</Bool>
					</property>
					<property>
						metallicGlossMap
						<Texture>content/Hangars/h01_victory_day_2023/Characters/Civil_Boy_VD/cloth_GMM.dds</Texture>
					</property>
					<property>
						normalMap
						<Texture>content/Hangars/h01_victory_day_2023/Characters/Civil_Boy_VD/cloth_ANM.dds</Texture>
					</property>
					<property>
						g_tintColor
						<Vector4>0.047059 0.125490 0.360784 1.000000</Vector4>
					</property>
					<property>
						g_useTintColor
						<Bool>true</Bool>
					</property>
				</material>
				<groupOrigin>-0.003091 0.431687 -0.020947</groupOrigin>
			</primitiveGroup>
		</geometry>
	</renderSet>
	<renderSet>
		<treatAsWorldSpaceObject>true</treatAsWorldSpaceObject>
		<node>Spine2_BlendBone</node>
		<node>Spine1_BlendBone</node>
		<node>RightShoulder_BlendBone</node>
		<node>Spine_BlendBone</node>
		<node>LeftShoulder_BlendBone</node>
		<node>LeftArm_BlendBone</node>
		<node>RightArm_BlendBone</node>
		<node>Hips_BlendBone</node>
		<node>RightForeArm_BlendBone</node>
		<node>RightHand_BlendBone</node>
		<node>Neck_BlendBone</node>
		<node>LeftForeArm_BlendBone</node>
		<node>LeftHand_BlendBone</node>
		<geometry>
			<vertices>s1Shape.vertices</vertices>
			<primitive>s1Shape.indices</primitive>
			<primitiveGroup>
				0
				<material>
					<identifier>s_nd1_skinned</identifier>
					<fx>shaders/std_effects/PBS_ext_skinned.fx</fx>
					<materialKind>101</materialKind>
					<collisionFlags>255</collisionFlags>
					<property>
						diffuseMap
						<Texture>content/Hangars/h01_victory_day_2023/Characters/Civil_Boy_VD/cloth_AM.dds</Texture>
					</property>
					<property>
						g_enableAO
						<Bool>true</Bool>
					</property>
					<property>
						metallicGlossMap
						<Texture>content/Hangars/h01_victory_day_2023/Characters/Civil_Boy_VD/cloth_GMM.dds</Texture>
					</property>
					<property>
						normalMap
						<Texture>content/Hangars/h01_victory_day_2023/Characters/Civil_Boy_VD/cloth_ANM.dds</Texture>
					</property>
					<property>
						g_tintColor
						<Vector4>0.980392 0.713726 0.254902 1.000000</Vector4>
					</property>
					<property>
						g_useTintColor
						<Bool>true</Bool>
					</property>
				</material>
				<groupOrigin>0.002159 0.775594 -0.011914</groupOrigin>
			</primitiveGroup>
		</geometry>
	</renderSet>
	<renderSet>
		<treatAsWorldSpaceObject>true</treatAsWorldSpaceObject>
		<node>flowers1_M_BlendBone</node>
		<node>flowers2_M_BlendBone</node>
		<geometry>
			<vertices>s4Shape.vertices</vertices>
			<primitive>s4Shape.indices</primitive>
			<primitiveGroup>
				0
				<material>
					<identifier>s_nd2_skinned</identifier>
					<fx>shaders/std_effects/PBS_ext_skinned.fx</fx>
					<materialKind>101</materialKind>
					<collisionFlags>255</collisionFlags>
					<property>
						diffuseMap
						<Texture>content/Hangars/h01_victory_day_2023/Characters/other/h01_vd_01_bunch_flowers_am.dds</Texture>
					</property>
					<property>
						dynamicObject
						<Bool>true</Bool>
					</property>
					<property>
						g_enableAO
						<Bool>true</Bool>
					</property>
					<property>
						metallicGlossMap
						<Texture>content/Hangars/h01_victory_day_2023/Characters/other/h01_vd_01_bunch_flowers_GMM.dds</Texture>
					</property>
					<property>
						normalMap
						<Texture>content/Hangars/h01_victory_day_2023/Characters/other/h01_vd_01_bunch_flowers_ANM.dds</Texture>
					</property>
				</material>
				<groupOrigin>0.000031 0.081201 0.012248</groupOrigin>
			</primitiveGroup>
		</geometry>
	</renderSet>
	<renderSet>
		<treatAsWorldSpaceObject>true</treatAsWorldSpaceObject>
		<node>LeftHandThumb3_BlendBone</node>
		<node>LeftHandThumb2_BlendBone</node>
		<node>LeftHandIndex2_BlendBone</node>
		<node>LeftHandIndex1_BlendBone</node>
		<node>LeftHand_BlendBone</node>
		<node>LeftHandThumb1_BlendBone</node>
		<node>LeftHandIndex3_BlendBone</node>
		<node>LeftUpLeg_BlendBone</node>
		<node>LeftLeg_BlendBone</node>
		<node>Root_BlendBone</node>
		<node>LeftFoot_BlendBone</node>
		<node>RightHandThumb3_BlendBone</node>
		<node>RightHandThumb2_BlendBone</node>
		<node>RightHandIndex2_BlendBone</node>
		<node>RightHandIndex1_BlendBone</node>
		<node>RightHandIndex3_BlendBone</node>
		<node>RightHandThumb1_BlendBone</node>
		<node>RightHand_BlendBone</node>
		<node>RightForeArm_BlendBone</node>
		<node>RightUpLeg_BlendBone</node>
		<node>RightLeg_BlendBone</node>
		<node>RightFoot_BlendBone</node>
		<node>Head_BlendBone</node>
		<node>Neck_BlendBone</node>
		<node>RightShoulder_BlendBone</node>
		<node>LeftShoulder_BlendBone</node>
		<geometry>
			<vertices>s0Shape.vertices</vertices>
			<primitive>s0Shape.indices</primitive>
			<primitiveGroup>
				0
				<material>
					<identifier>s_nd0_skinned</identifier>
					<fx>shaders/std_effects/PBS_ext_skinned.fx</fx>
					<materialKind>101</materialKind>
					<collisionFlags>255</collisionFlags>
					<property>
						diffuseMap
						<Texture>content/Hangars/h01_victory_day_2023/Characters/Civil_Boy_VD/body_AM.dds</Texture>
					</property>
					<property>
						dynamicObject
						<Bool>true</Bool>
					</property>
					<property>
						g_enableAO
						<Bool>true</Bool>
					</property>
					<property>
						metallicGlossMap
						<Texture>content/Hangars/h01_victory_day_2023/Characters/Civil_Boy_VD/body_GMM.dds</Texture>
					</property>
					<property>
						normalMap
						<Texture>content/Hangars/h01_victory_day_2023/Characters/Civil_Boy_VD/body_ANM.dds</Texture>
					</property>
				</material>
				<groupOrigin>0.000159 0.610580 -0.010462</groupOrigin>
			</primitiveGroup>
		</geometry>
	</renderSet>
	<constraints/>
	<boundingBox>
		<min>-0.397217 -0.153464 -0.142086</min>
		<max>0.397536 1.193364 0.117757</max>
	</boundingBox>
	<geometrySize>295164</geometrySize>
	<minUVDensity>0.385240</minUVDensity>
</root>
