<?xml version="1.0" encoding="utf-8"?>
<root>
	<node>
		<identifier>Scene Root</identifier>
		<transform>
			<row0>1.000000 0.000000 0.000000</row0>
			<row1>0.000000 1.000000 0.000000</row1>
			<row2>0.000000 0.000000 1.000000</row2>
			<row3>0.000000 0.000000 0.000000</row3>
		</transform>
		<node>
			<identifier>nodes_01</identifier>
			<transform>
				<row0>1.000000 0.000000 0.000000</row0>
				<row1>0.000000 1.000000 0.000000</row1>
				<row2>0.000000 0.000000 1.000000</row2>
				<row3>0.000000 0.000000 0.000000</row3>
			</transform>
			<node>
				<identifier>HP_Fire_1</identifier>
				<transform>
					<row0>1.000000 0.000000 0.000000</row0>
					<row1>0.000000 1.000000 0.000000</row1>
					<row2>0.000000 0.000000 1.000000</row2>
					<row3>0.000000 -0.001767 -2.452671</row3>
				</transform>
			</node>
			<node>
				<identifier>HP_Fire_2</identifier>
				<transform>
					<row0>1.000000 0.000000 0.000000</row0>
					<row1>0.000000 1.000000 0.000000</row1>
					<row2>0.000000 0.000000 1.000000</row2>
					<row3>0.000000 -0.001767 2.004580</row3>
				</transform>
			</node>
			<node>
				<identifier>HP_TrackUp_LFront1</identifier>
				<transform>
					<row0>1.000000 -0.000000 -0.000000</row0>
					<row1>0.000000 0.766045 0.642788</row1>
					<row2>-0.000000 -0.642788 0.766045</row2>
					<row3>-1.339084 0.020001 3.397802</row3>
				</transform>
			</node>
			<node>
				<identifier>HP_TrackUp_LRear</identifier>
				<transform>
					<row0>-0.999998 -0.000000 -0.000000</row0>
					<row1>0.000000 0.918308 -0.395866</row1>
					<row2>0.000000 -0.395866 -0.918306</row2>
					<row3>-1.339083 0.170000 -3.073559</row3>
				</transform>
			</node>
			<node>
				<identifier>HP_TrackUp_RFront1</identifier>
				<transform>
					<row0>1.000000 0.000000 0.000000</row0>
					<row1>0.000000 0.766045 0.642788</row1>
					<row2>0.000000 -0.642788 0.766045</row2>
					<row3>1.345043 0.020000 3.397802</row3>
				</transform>
			</node>
			<node>
				<identifier>HP_TrackUp_RRear</identifier>
				<transform>
					<row0>-1.000000 -0.000000 -0.000000</row0>
					<row1>0.000000 0.918279 -0.395933</row1>
					<row2>0.000000 -0.395933 -0.918279</row2>
					<row3>1.345044 0.170000 -3.073861</row3>
				</transform>
			</node>
			<node>
				<identifier>HP_TrackUp_LRear1</identifier>
				<transform>
					<row0>-0.999999 0.000000 -0.000000</row0>
					<row1>0.000000 0.894778 -0.446511</row1>
					<row2>0.000000 -0.446510 -0.894776</row2>
					<row3>-1.339083 0.150000 1.820986</row3>
				</transform>
			</node>
			<node>
				<identifier>HP_TrackUp_LFront</identifier>
				<transform>
					<row0>1.000000 0.000000 0.000000</row0>
					<row1>0.000000 0.830207 0.557455</row1>
					<row2>0.000000 -0.557455 0.830207</row2>
					<row3>-1.337130 0.150000 0.834040</row3>
				</transform>
			</node>
			<node>
				<identifier>HP_TrackUp_RRear1</identifier>
				<transform>
					<row0>-0.999999 0.000000 -0.000000</row0>
					<row1>0.000000 0.894803 -0.446461</row1>
					<row2>0.000000 -0.446461 -0.894802</row2>
					<row3>1.345044 0.150000 1.824553</row3>
				</transform>
			</node>
			<node>
				<identifier>HP_TrackUp_RFront</identifier>
				<transform>
					<row0>1.000000 0.000000 0.000000</row0>
					<row1>0.000000 0.830231 0.557419</row1>
					<row2>0.000000 -0.557419 0.830231</row2>
					<row3>1.345044 0.150000 0.833340</row3>
				</transform>
			</node>
			<node>
				<identifier>HP_Track_Exhaus_1</identifier>
				<transform>
					<row0>1.000000 0.000000 0.000000</row0>
					<row1>0.000000 -0.991637 -0.129058</row1>
					<row2>0.000000 0.129058 -0.991637</row2>
					<row3>-1.119680 0.434861 -3.506446</row3>
				</transform>
			</node>
			<node>
				<identifier>HP_Track_Exhaus_2</identifier>
				<transform>
					<row0>1.000000 0.000000 0.000000</row0>
					<row1>0.000000 -0.991637 -0.129058</row1>
					<row2>0.000000 0.129058 -0.991637</row2>
					<row3>1.119679 0.434861 -3.506446</row3>
				</transform>
			</node>
			<node>
				<identifier>HP_turretJoint</identifier>
				<transform>
					<row0>1.000000 0.000000 0.000000</row0>
					<row1>0.000000 1.000000 0.000000</row1>
					<row2>0.000000 0.000000 1.000000</row2>
					<row3>0.000666 0.662687 0.140119</row3>
				</transform>
			</node>
		</node>
	</node>
	<renderSet>
		<treatAsWorldSpaceObject>false</treatAsWorldSpaceObject>
		<node>Scene Root</node>
		<geometry>
			<vertices>vertices</vertices>
			<primitive>indices</primitive>
			<primitiveGroup>
				0
				<material>
					<identifier>tank_proxy</identifier>
					<property>
						selfIllumination
						<Float>0.000000</Float>
					</property>
					<collisionFlags>0</collisionFlags>
					<materialKind>0</materialKind>
					<fx>shaders/std_effects/PBS_tank.fx</fx>
					<property>
						metallicGlossMap
						<Texture>vehicles/french/F119_Projet_Murat/Projet_Murat_proxy_GMM.dds</Texture>
					</property>
					<property>
						normalMap
						<Texture>vehicles/french/F119_Projet_Murat/Projet_Murat_proxy_ANM.dds</Texture>
					</property>
					<property>
						diffuseMap
						<Texture>vehicles/french/F119_Projet_Murat/Projet_Murat_proxy_AM.dds</Texture>
					</property>
					<property>
						excludeMaskAndAOMap
						<Texture>vehicles/french/F119_Projet_Murat/Projet_Murat_proxy_AO.dds</Texture>
					</property>
					<property>
						colorIdMap
						<Texture>vehicles/russian/common/common_ID.dds</Texture>
					</property>
				</material>
				<groupOrigin>-0.004768 -0.040753 0.007382</groupOrigin>
			</primitiveGroup>
		</geometry>
	</renderSet>
	<boundingBox>
		<min>-1.714527 -0.754154 -3.519745</min>
		<max>1.704990 0.672647 3.534508</max>
	</boundingBox>
	<geometrySize>2772</geometrySize>
	<minUVDensity>0.001761</minUVDensity>
</root>
