<?xml version="1.0" encoding="utf-8"?>
<root>
	<node>
		<identifier>Scene Root</identifier>
		<transform>
			<row0>1.000000 0.000000 0.000000</row0>
			<row1>0.000000 1.000000 0.000000</row1>
			<row2>0.000000 0.000000 1.000000</row2>
			<row3>0.000000 0.000000 0.000000</row3>
		</transform>
		<node>
			<identifier>Root</identifier>
			<transform>
				<row0>1.000000 0.000000 0.000000</row0>
				<row1>0.000000 1.000000 0.000000</row1>
				<row2>0.000000 0.000000 1.000000</row2>
				<row3>0.000000 0.000000 0.000000</row3>
			</transform>
			<node>
				<identifier>Sea_Lion_0_Root_M</identifier>
				<transform>
					<row0>-0.000000 0.038504 -0.999258</row0>
					<row1>-0.000000 -0.999258 -0.038504</row1>
					<row2>-1.000000 0.000000 0.000000</row2>
					<row3>0.000000 0.400000 0.000000</row3>
				</transform>
				<node>
					<identifier>Sea_Lion_0_R_Leg_1_L</identifier>
					<transform>
						<row0>0.841484 -0.014622 0.540084</row0>
						<row1>0.513129 -0.291284 -0.807374</row1>
						<row2>0.169123 0.956525 -0.237608</row2>
						<row3>-0.180408 0.020714 -0.105063</row3>
					</transform>
					<node>
						<identifier>Sea_Lion_0_R_Leg_2_L</identifier>
						<transform>
							<row0>0.977899 -0.209080 0.000000</row0>
							<row1>0.209080 0.977899 -0.000000</row1>
							<row2>-0.000000 0.000000 1.000000</row2>
							<row3>-0.290955 0.000000 0.000000</row3>
						</transform>
						<node>
							<identifier>Sea_Lion_0_R_Leg_3_L</identifier>
							<transform>
								<row0>0.998651 -0.051695 -0.004857</row0>
								<row1>-0.011548 -0.312349 0.949897</row1>
								<row2>-0.050622 -0.948560 -0.312525</row2>
								<row3>-0.275357 0.000000 -0.000000</row3>
							</transform>
							<node>
								<identifier>Sea_Lion_0_R_Leg_3_L_BlendBone</identifier>
								<transform>
									<row0>-0.732144 0.022413 -0.680781</row0>
									<row1>-0.030599 -0.999532 -0.000000</row1>
									<row2>0.680463 -0.020831 -0.732487</row2>
									<row3>0.766423 0.340620 -0.145985</row3>
								</transform>
							</node>
						</node>
						<node>
							<identifier>Sea_Lion_0_R_Leg_2_L_BlendBone</identifier>
							<transform>
								<row0>-0.696953 0.676609 0.237608</row0>
								<row1>-0.019015 0.313785 -0.949304</row1>
								<row2>0.716865 0.666138 0.205828</row2>
								<row3>0.493489 -0.007536 0.365455</row3>
							</transform>
						</node>
					</node>
					<node>
						<identifier>Sea_Lion_0_R_Leg_1_L_BlendBone</identifier>
						<transform>
							<row0>-0.540084 0.807374 0.237608</row0>
							<row1>0.047011 0.310825 -0.949304</row1>
							<row2>0.840297 0.501533 0.205828</row2>
							<row3>0.190052 -0.110548 0.365455</row3>
						</transform>
					</node>
				</node>
				<node>
					<identifier>Sea_Lion_0_R_Leg_1_R</identifier>
					<transform>
						<row0>-0.841484 0.014622 0.540084</row0>
						<row1>-0.513129 0.291284 -0.807374</row1>
						<row2>-0.169123 -0.956525 -0.237608</row2>
						<row3>-0.180408 0.020714 0.105063</row3>
					</transform>
					<node>
						<identifier>Sea_Lion_0_R_Leg_2_R</identifier>
						<transform>
							<row0>0.977899 -0.209080 0.000000</row0>
							<row1>0.209080 0.977899 -0.000000</row1>
							<row2>-0.000000 0.000000 1.000000</row2>
							<row3>0.290955 0.000000 0.000000</row3>
						</transform>
						<node>
							<identifier>Sea_Lion_0_R_Leg_3_R</identifier>
							<transform>
								<row0>0.998651 -0.051694 -0.004857</row0>
								<row1>-0.011548 -0.312349 0.949897</row1>
								<row2>-0.050622 -0.948560 -0.312525</row2>
								<row3>0.275357 -0.000000 0.000000</row3>
							</transform>
							<node>
								<identifier>Sea_Lion_0_R_Leg_3_R_BlendBone</identifier>
								<transform>
									<row0>-0.732144 0.022413 -0.680781</row0>
									<row1>0.030599 0.999532 -0.000000</row1>
									<row2>-0.680463 0.020831 0.732487</row2>
									<row3>-0.766423 -0.340620 0.145985</row3>
								</transform>
							</node>
						</node>
						<node>
							<identifier>Sea_Lion_0_R_Leg_2_R_BlendBone</identifier>
							<transform>
								<row0>-0.696952 0.676609 0.237608</row0>
								<row1>0.019015 -0.313785 0.949304</row1>
								<row2>-0.716865 -0.666138 -0.205827</row2>
								<row3>-0.493489 0.007536 -0.365455</row3>
							</transform>
						</node>
					</node>
					<node>
						<identifier>Sea_Lion_0_R_Leg_1_R_BlendBone</identifier>
						<transform>
							<row0>-0.540084 0.807374 0.237608</row0>
							<row1>-0.047011 -0.310825 0.949304</row1>
							<row2>-0.840297 -0.501533 -0.205828</row2>
							<row3>-0.190052 0.110548 -0.365455</row3>
						</transform>
					</node>
				</node>
				<node>
					<identifier>Sea_Lion_0_Spine1_M</identifier>
					<transform>
						<row0>0.996679 -0.081429 0.000000</row0>
						<row1>0.081429 0.996679 -0.000000</row1>
						<row2>0.000000 -0.000000 1.000000</row2>
						<row3>0.241259 0.000000 0.000000</row3>
					</transform>
					<node>
						<identifier>Sea_Lion_0_Spine2_M</identifier>
						<transform>
							<row0>0.999872 -0.016016 0.000000</row0>
							<row1>0.016016 0.999872 -0.000000</row1>
							<row2>-0.000000 -0.000000 1.000000</row2>
							<row3>0.276900 -0.000000 0.000000</row3>
						</transform>
						<node>
							<identifier>Sea_Lion_0_Spine3_M</identifier>
							<transform>
								<row0>0.999094 0.042550 0.000000</row0>
								<row1>-0.042550 0.999094 -0.000000</row1>
								<row2>-0.000000 -0.000000 1.000000</row2>
								<row3>0.364631 0.000000 0.000000</row3>
							</transform>
							<node>
								<identifier>Sea_Lion_0_Spine4_M</identifier>
								<transform>
									<row0>0.965813 0.259241 0.000000</row0>
									<row1>-0.259241 0.965813 -0.000000</row1>
									<row2>0.000000 -0.000000 1.000000</row2>
									<row3>0.438653 0.000000 0.000000</row3>
								</transform>
								<node>
									<identifier>Sea_Lion_0_Neck_1_M</identifier>
									<transform>
										<row0>0.999045 -0.043691 0.000000</row0>
										<row1>0.043691 0.999045 0.000000</row1>
										<row2>0.000000 0.000000 1.000000</row2>
										<row3>0.343066 0.000000 0.000000</row3>
									</transform>
									<node>
										<identifier>Sea_Lion_0_Neck_2_M</identifier>
										<transform>
											<row0>0.995689 -0.092755 0.000000</row0>
											<row1>0.092755 0.995689 -0.000000</row1>
											<row2>0.000000 -0.000000 1.000000</row2>
											<row3>0.313387 -0.000000 0.000000</row3>
										</transform>
										<node>
											<identifier>Sea_Lion_0_Head_1_M</identifier>
											<transform>
												<row0>0.998908 0.046710 0.000000</row0>
												<row1>-0.046710 0.998908 -0.000000</row1>
												<row2>0.000000 -0.000000 1.000000</row2>
												<row3>0.283781 0.000000 0.000000</row3>
											</transform>
											<node>
												<identifier>Sea_Lion_0_Head_1_M_BlendBone</identifier>
												<transform>
													<row0>-0.000000 -0.000000 -1.000000</row0>
													<row1>-0.078802 -0.996890 0.000000</row1>
													<row2>0.996890 -0.078802 -0.000000</row2>
													<row3>-2.206118 0.602743 -0.000000</row3>
												</transform>
											</node>
										</node>
										<node>
											<identifier>Sea_Lion_0_Neck_2_M_BlendBone</identifier>
											<transform>
												<row0>-0.000000 -0.000000 -1.000000</row0>
												<row1>-0.032151 -0.999483 0.000000</row1>
												<row2>0.999483 -0.032151 -0.000000</row2>
												<row3>-1.948083 0.499037 -0.000000</row3>
											</transform>
										</node>
									</node>
									<node>
										<identifier>Sea_Lion_0_Neck_1_M_BlendBone</identifier>
										<transform>
											<row0>-0.000000 -0.000000 -1.000000</row0>
											<row1>-0.124719 -0.992192 0.000000</row1>
											<row2>0.992192 -0.124719 -0.000000</row2>
											<row3>-1.580009 0.677581 -0.000000</row3>
										</transform>
									</node>
								</node>
								<node>
									<identifier>Sea_Lion_0_R_Arm_1_L</identifier>
									<transform>
										<row0>-0.071660 -0.544223 0.835875</row0>
										<row1>0.190447 0.815145 0.547054</row1>
										<row2>-0.979079 0.198392 0.045232</row2>
										<row3>-0.022361 0.062984 -0.172799</row3>
									</transform>
									<node>
										<identifier>Sea_Lion_0_R_Arm_2_L</identifier>
										<transform>
											<row0>0.885538 0.464568 0.000001</row0>
											<row1>-0.464568 0.885538 -0.000000</row1>
											<row2>-0.000000 -0.000000 1.000000</row2>
											<row3>-0.264123 0.000000 0.000000</row3>
										</transform>
										<node>
											<identifier>Sea_Lion_0_R_Arm_3_L</identifier>
											<transform>
												<row0>0.992411 0.074543 -0.097795</row0>
												<row1>0.072066 -0.996989 -0.028631</row1>
												<row2>-0.099635 0.021366 -0.994795</row2>
												<row3>-0.458526 0.000000 0.000000</row3>
											</transform>
											<node>
												<identifier>Sea_Lion_0_R_Arm_3_L_BlendBone</identifier>
												<transform>
													<row0>-0.989537 0.025464 0.142014</row0>
													<row1>0.025724 0.999669 0.000000</row1>
													<row2>0.141967 -0.003653 0.989865</row2>
													<row3>0.654889 -0.301845 -1.364529</row3>
												</transform>
											</node>
										</node>
										<node>
											<identifier>Sea_Lion_0_R_Arm_2_L_BlendBone</identifier>
											<transform>
												<row0>-0.994342 -0.096116 -0.045232</row0>
												<row1>0.097571 -0.994741 -0.031137</row1>
												<row2>0.042001 0.035374 -0.998491</row2>
												<row3>0.305594 0.320600 1.302023</row3>
											</transform>
										</node>
									</node>
									<node>
										<identifier>Sea_Lion_0_R_Arm_1_L_BlendBone</identifier>
										<transform>
											<row0>-0.835875 -0.547054 -0.045232</row0>
											<row1>0.548528 -0.835552 -0.031137</row1>
											<row2>0.020760 0.050838 -0.998491</row2>
											<row3>-0.142448 0.425873 1.302023</row3>
										</transform>
									</node>
								</node>
								<node>
									<identifier>Sea_Lion_0_R_Arm_1_R</identifier>
									<transform>
										<row0>0.071660 0.544223 0.835875</row0>
										<row1>-0.190447 -0.815146 0.547054</row1>
										<row2>0.979079 -0.198392 0.045232</row2>
										<row3>-0.022361 0.062984 0.172799</row3>
									</transform>
									<node>
										<identifier>Sea_Lion_0_R_Arm_2_R</identifier>
										<transform>
											<row0>0.885538 0.464568 0.000000</row0>
											<row1>-0.464568 0.885538 -0.000000</row1>
											<row2>-0.000000 0.000000 1.000000</row2>
											<row3>0.264123 0.000000 0.000000</row3>
										</transform>
										<node>
											<identifier>Sea_Lion_0_R_Arm_3_R</identifier>
											<transform>
												<row0>0.992411 0.074543 -0.097795</row0>
												<row1>0.072066 -0.996989 -0.028631</row1>
												<row2>-0.099635 0.021366 -0.994795</row2>
												<row3>0.458526 0.000000 0.000000</row3>
											</transform>
											<node>
												<identifier>Sea_Lion_0_R_Arm_4_R</identifier>
												<transform>
													<row0>1.000000 -0.000000 -0.000000</row0>
													<row1>-0.000000 1.000000 0.000000</row1>
													<row2>0.000000 0.000000 1.000000</row2>
													<row3>0.416452 -0.000000 -0.000000</row3>
												</transform>
												<node>
													<identifier>Sea_Lion_0_R_Arm_4_R_BlendBone</identifier>
													<transform>
														<row0>-0.989537 0.025464 0.142014</row0>
														<row1>-0.025724 -0.999669 -0.000000</row1>
														<row2>-0.141967 0.003653 -0.989865</row2>
														<row3>-1.071341 0.301845 1.364529</row3>
													</transform>
												</node>
											</node>
											<node>
												<identifier>Sea_Lion_0_R_Arm_3_R_BlendBone</identifier>
												<transform>
													<row0>-0.989537 0.025464 0.142014</row0>
													<row1>-0.025724 -0.999669 -0.000000</row1>
													<row2>-0.141967 0.003653 -0.989865</row2>
													<row3>-0.654889 0.301845 1.364529</row3>
												</transform>
											</node>
										</node>
										<node>
											<identifier>Sea_Lion_0_R_Arm_2_R_BlendBone</identifier>
											<transform>
												<row0>-0.994342 -0.096116 -0.045232</row0>
												<row1>-0.097571 0.994741 0.031137</row1>
												<row2>-0.042001 -0.035374 0.998491</row2>
												<row3>-0.305594 -0.320600 -1.302023</row3>
											</transform>
										</node>
									</node>
									<node>
										<identifier>Sea_Lion_0_R_Arm_1_R_BlendBone</identifier>
										<transform>
											<row0>-0.835875 -0.547054 -0.045232</row0>
											<row1>-0.548528 0.835552 0.031137</row1>
											<row2>-0.020760 -0.050838 0.998491</row2>
											<row3>0.142448 -0.425872 -1.302023</row3>
										</transform>
									</node>
								</node>
								<node>
									<identifier>Sea_Lion_0_Spine4_M_BlendBone</identifier>
									<transform>
										<row0>-0.000000 -0.000000 -1.000000</row0>
										<row1>-0.167950 -0.985795 0.000000</row1>
										<row2>0.985795 -0.167950 -0.000000</row2>
										<row3>-1.205830 0.745966 -0.000000</row3>
									</transform>
								</node>
							</node>
							<node>
								<identifier>Sea_Lion_0_Spine3_M_BlendBone</identifier>
								<transform>
									<row0>0.000000 -0.000000 -1.000000</row0>
									<row1>0.093351 -0.995633 0.000000</row1>
									<row2>0.995633 0.093351 -0.000000</row2>
									<row3>-0.919338 0.407862 -0.000000</row3>
								</transform>
							</node>
						</node>
						<node>
							<identifier>Sea_Lion_0_Spine2_M_BlendBone</identifier>
							<transform>
								<row0>0.000000 -0.000000 -1.000000</row0>
								<row1>0.135630 -0.990759 0.000000</row1>
								<row2>0.990759 0.135630 -0.000000</row2>
								<row3>-0.571229 0.368375 -0.000000</row3>
							</transform>
						</node>
					</node>
					<node>
						<identifier>Sea_Lion_0_Spine1_M_BlendBone</identifier>
						<transform>
							<row0>0.000000 -0.000000 -1.000000</row0>
							<row1>0.119745 -0.992805 0.000000</row1>
							<row2>0.992805 0.119745 -0.000000</row2>
							<row3>-0.288356 0.377476 -0.000000</row3>
						</transform>
					</node>
				</node>
				<node>
					<identifier>Sea_Lion_0_Root_M_BlendBone</identifier>
					<transform>
						<row0>-0.000000 -0.000000 -1.000000</row0>
						<row1>0.038504 -0.999258 0.000000</row1>
						<row2>0.999258 0.038504 -0.000000</row2>
						<row3>-0.015402 0.399703 -0.000000</row3>
					</transform>
				</node>
			</node>
			<node>
				<identifier>Sea_Lion_1_Root_M</identifier>
				<transform>
					<row0>-0.000000 0.038504 -0.999258</row0>
					<row1>-0.000000 -0.999258 -0.038504</row1>
					<row2>-1.000000 0.000000 0.000000</row2>
					<row3>2.700000 0.400000 0.000000</row3>
				</transform>
				<node>
					<identifier>Sea_Lion_1_R_Leg_1_L</identifier>
					<transform>
						<row0>0.841484 -0.014622 0.540084</row0>
						<row1>0.513129 -0.291284 -0.807374</row1>
						<row2>0.169123 0.956525 -0.237608</row2>
						<row3>-0.180408 0.020714 -0.105063</row3>
					</transform>
					<node>
						<identifier>Sea_Lion_1_R_Leg_2_L</identifier>
						<transform>
							<row0>0.977899 -0.209080 0.000000</row0>
							<row1>0.209080 0.977899 -0.000000</row1>
							<row2>0.000000 0.000000 1.000000</row2>
							<row3>-0.290955 0.000000 0.000000</row3>
						</transform>
						<node>
							<identifier>Sea_Lion_1_R_Leg_3_L</identifier>
							<transform>
								<row0>0.998651 -0.051695 -0.004858</row0>
								<row1>-0.011548 -0.312349 0.949897</row1>
								<row2>-0.050622 -0.948560 -0.312525</row2>
								<row3>-0.275357 0.000000 -0.000000</row3>
							</transform>
							<node>
								<identifier>Sea_Lion_1_R_Leg_4_L</identifier>
								<transform>
									<row0>1.000000 0.000000 0.000000</row0>
									<row1>-0.000000 1.000000 -0.000000</row1>
									<row2>0.000000 0.000000 1.000000</row2>
									<row3>-0.318291 0.000000 0.000000</row3>
								</transform>
								<node>
									<identifier>Sea_Lion_1_R_Leg_4_L_BlendBone</identifier>
									<transform>
										<row0>-0.732144 0.022413 -0.680781</row0>
										<row1>-0.030599 -0.999532 -0.000000</row1>
										<row2>0.680463 -0.020831 -0.732487</row2>
										<row3>3.061502 0.280104 1.692125</row3>
									</transform>
								</node>
							</node>
							<node>
								<identifier>Sea_Lion_1_R_Leg_3_L_BlendBone</identifier>
								<transform>
									<row0>-0.732144 0.022413 -0.680781</row0>
									<row1>-0.030599 -0.999532 -0.000000</row1>
									<row2>0.680463 -0.020831 -0.732487</row2>
									<row3>2.743211 0.280104 1.692125</row3>
								</transform>
							</node>
						</node>
						<node>
							<identifier>Sea_Lion_1_R_Leg_2_L_BlendBone</identifier>
							<transform>
								<row0>-0.696953 0.676609 0.237608</row0>
								<row1>-0.019015 0.313785 -0.949304</row1>
								<row2>0.716865 0.666138 0.205828</row2>
								<row3>2.375261 -1.834381 -0.276086</row3>
							</transform>
						</node>
					</node>
					<node>
						<identifier>Sea_Lion_1_R_Leg_1_L_BlendBone</identifier>
						<transform>
							<row0>-0.540084 0.807374 0.237608</row0>
							<row1>0.047011 0.310825 -0.949304</row1>
							<row2>0.840297 0.501533 0.205828</row2>
							<row3>1.648278 -2.290457 -0.276086</row3>
						</transform>
					</node>
				</node>
				<node>
					<identifier>Sea_Lion_1_R_Leg_1_R</identifier>
					<transform>
						<row0>-0.841484 0.014622 0.540084</row0>
						<row1>-0.513129 0.291284 -0.807374</row1>
						<row2>-0.169123 -0.956525 -0.237608</row2>
						<row3>-0.180408 0.020714 0.105063</row3>
					</transform>
					<node>
						<identifier>Sea_Lion_1_R_Leg_2_R</identifier>
						<transform>
							<row0>0.977899 -0.209080 0.000000</row0>
							<row1>0.209080 0.977899 0.000000</row1>
							<row2>0.000000 0.000000 1.000000</row2>
							<row3>0.290955 0.000000 -0.000000</row3>
						</transform>
						<node>
							<identifier>Sea_Lion_1_R_Leg_3_R</identifier>
							<transform>
								<row0>0.998651 -0.051694 -0.004858</row0>
								<row1>-0.011548 -0.312349 0.949897</row1>
								<row2>-0.050622 -0.948560 -0.312525</row2>
								<row3>0.275357 0.000000 0.000000</row3>
							</transform>
							<node>
								<identifier>Sea_Lion_1_R_Leg_4_R</identifier>
								<transform>
									<row0>1.000000 -0.000000 0.000000</row0>
									<row1>0.000000 1.000000 -0.000000</row1>
									<row2>-0.000000 0.000000 1.000000</row2>
									<row3>0.318291 0.000000 0.000000</row3>
								</transform>
								<node>
									<identifier>Sea_Lion_1_R_Leg_4_R_BlendBone</identifier>
									<transform>
										<row0>-0.732144 0.022413 -0.680781</row0>
										<row1>0.030599 0.999532 -0.000000</row1>
										<row2>-0.680463 0.020831 0.732487</row2>
										<row3>0.892073 -0.401136 1.984095</row3>
									</transform>
								</node>
							</node>
							<node>
								<identifier>Sea_Lion_1_R_Leg_3_R_BlendBone</identifier>
								<transform>
									<row0>-0.732144 0.022413 -0.680781</row0>
									<row1>0.030599 0.999532 -0.000000</row1>
									<row2>-0.680463 0.020831 0.732487</row2>
									<row3>1.210364 -0.401135 1.984095</row3>
								</transform>
							</node>
						</node>
						<node>
							<identifier>Sea_Lion_1_R_Leg_2_R_BlendBone</identifier>
							<transform>
								<row0>-0.696952 0.676609 0.237608</row0>
								<row1>0.019015 -0.313785 0.949304</row1>
								<row2>-0.716865 -0.666138 -0.205827</row2>
								<row3>1.388283 -1.819308 -1.006996</row3>
							</transform>
						</node>
					</node>
					<node>
						<identifier>Sea_Lion_1_R_Leg_1_R_BlendBone</identifier>
						<transform>
							<row0>-0.540084 0.807374 0.237608</row0>
							<row1>-0.047011 -0.310825 0.949304</row1>
							<row2>-0.840297 -0.501533 -0.205828</row2>
							<row3>1.268175 -2.069360 -1.006996</row3>
						</transform>
					</node>
				</node>
				<node>
					<identifier>Sea_Lion_1_Spine1_M</identifier>
					<transform>
						<row0>0.996679 -0.081429 0.000000</row0>
						<row1>0.081429 0.996679 -0.000000</row1>
						<row2>0.000000 -0.000000 1.000000</row2>
						<row3>0.241259 0.000000 0.000000</row3>
					</transform>
					<node>
						<identifier>Sea_Lion_1_Spine2_M</identifier>
						<transform>
							<row0>0.999872 -0.016016 0.000000</row0>
							<row1>0.016016 0.999872 -0.000000</row1>
							<row2>0.000000 -0.000000 1.000000</row2>
							<row3>0.276900 0.000000 0.000000</row3>
						</transform>
						<node>
							<identifier>Sea_Lion_1_Spine3_M</identifier>
							<transform>
								<row0>0.999094 0.042550 -0.000000</row0>
								<row1>-0.042550 0.999094 -0.000000</row1>
								<row2>-0.000000 -0.000000 1.000000</row2>
								<row3>0.364631 0.000000 0.000000</row3>
							</transform>
							<node>
								<identifier>Sea_Lion_1_Spine4_M</identifier>
								<transform>
									<row0>0.965813 0.259241 -0.000000</row0>
									<row1>-0.259241 0.965813 -0.000000</row1>
									<row2>-0.000000 -0.000000 1.000000</row2>
									<row3>0.438653 0.000000 0.000000</row3>
								</transform>
								<node>
									<identifier>Sea_Lion_1_Neck_1_M</identifier>
									<transform>
										<row0>0.999045 -0.043691 0.000000</row0>
										<row1>0.043691 0.999045 -0.000000</row1>
										<row2>-0.000000 -0.000000 1.000000</row2>
										<row3>0.343066 0.000000 0.000000</row3>
									</transform>
									<node>
										<identifier>Sea_Lion_1_Neck_2_M</identifier>
										<transform>
											<row0>0.995689 -0.092755 0.000000</row0>
											<row1>0.092755 0.995689 -0.000000</row1>
											<row2>0.000000 -0.000000 1.000000</row2>
											<row3>0.313387 0.000000 0.000000</row3>
										</transform>
										<node>
											<identifier>Sea_Lion_1_Head_1_M</identifier>
											<transform>
												<row0>0.998908 0.046710 0.000000</row0>
												<row1>-0.046710 0.998908 -0.000000</row1>
												<row2>-0.000000 -0.000000 1.000000</row2>
												<row3>0.283781 0.000000 0.000000</row3>
											</transform>
											<node>
												<identifier>Sea_Lion_1_Head_2_M</identifier>
												<transform>
													<row0>1.000000 0.000000 0.000000</row0>
													<row1>-0.000000 1.000000 0.000000</row1>
													<row2>-0.000000 -0.000000 1.000000</row2>
													<row3>0.438306 0.000000 0.000000</row3>
												</transform>
												<node>
													<identifier>Sea_Lion_1_Head_2_M_BlendBone</identifier>
													<transform>
														<row0>-0.000000 -0.000000 -1.000000</row0>
														<row1>-0.078802 -0.996890 0.000000</row1>
														<row2>0.996890 -0.078802 -0.000000</row2>
														<row3>-2.644424 0.602743 2.700000</row3>
													</transform>
												</node>
											</node>
											<node>
												<identifier>Sea_Lion_1_Head_1_M_BlendBone</identifier>
												<transform>
													<row0>-0.000000 -0.000000 -1.000000</row0>
													<row1>-0.078802 -0.996890 0.000000</row1>
													<row2>0.996890 -0.078802 -0.000000</row2>
													<row3>-2.206118 0.602743 2.700000</row3>
												</transform>
											</node>
										</node>
										<node>
											<identifier>Sea_Lion_1_Neck_2_M_BlendBone</identifier>
											<transform>
												<row0>-0.000000 -0.000000 -1.000000</row0>
												<row1>-0.032151 -0.999483 0.000000</row1>
												<row2>0.999483 -0.032151 -0.000000</row2>
												<row3>-1.948083 0.499037 2.700000</row3>
											</transform>
										</node>
									</node>
									<node>
										<identifier>Sea_Lion_1_Neck_1_M_BlendBone</identifier>
										<transform>
											<row0>-0.000000 -0.000000 -1.000000</row0>
											<row1>-0.124719 -0.992192 0.000000</row1>
											<row2>0.992192 -0.124719 -0.000000</row2>
											<row3>-1.580009 0.677581 2.700000</row3>
										</transform>
									</node>
								</node>
								<node>
									<identifier>Sea_Lion_1_R_Arm_1_L</identifier>
									<transform>
										<row0>-0.071660 -0.544223 0.835875</row0>
										<row1>0.190447 0.815146 0.547054</row1>
										<row2>-0.979079 0.198391 0.045232</row2>
										<row3>-0.022361 0.062984 -0.172799</row3>
									</transform>
									<node>
										<identifier>Sea_Lion_1_R_Arm_2_L</identifier>
										<transform>
											<row0>0.885538 0.464568 0.000000</row0>
											<row1>-0.464568 0.885538 -0.000000</row1>
											<row2>0.000000 0.000000 1.000000</row2>
											<row3>-0.264124 -0.000000 0.000000</row3>
										</transform>
										<node>
											<identifier>Sea_Lion_1_R_Arm_3_L</identifier>
											<transform>
												<row0>0.992411 0.074543 -0.097795</row0>
												<row1>0.072066 -0.996989 -0.028631</row1>
												<row2>-0.099635 0.021366 -0.994795</row2>
												<row3>-0.458527 -0.000000 0.000000</row3>
											</transform>
											<node>
												<identifier>Sea_Lion_1_R_Arm_4_L</identifier>
												<transform>
													<row0>1.000000 -0.000000 -0.000000</row0>
													<row1>-0.000000 1.000000 -0.000000</row1>
													<row2>-0.000000 0.000000 1.000000</row2>
													<row3>-0.416452 0.000000 0.000000</row3>
												</transform>
												<node>
													<identifier>Sea_Lion_1_R_Arm_4_L_BlendBone</identifier>
													<transform>
														<row0>-0.989537 0.025464 0.142014</row0>
														<row1>0.025724 0.999669 0.000000</row1>
														<row2>0.141967 -0.003653 0.989865</row2>
														<row3>3.743091 -0.370598 -1.747967</row3>
													</transform>
												</node>
											</node>
											<node>
												<identifier>Sea_Lion_1_R_Arm_3_L_BlendBone</identifier>
												<transform>
													<row0>-0.989537 0.025464 0.142014</row0>
													<row1>0.025724 0.999669 0.000000</row1>
													<row2>0.141967 -0.003653 0.989865</row2>
													<row3>3.326639 -0.370598 -1.747967</row3>
												</transform>
											</node>
										</node>
										<node>
											<identifier>Sea_Lion_1_R_Arm_2_L_BlendBone</identifier>
											<transform>
												<row0>-0.994342 -0.096116 -0.045232</row0>
												<row1>0.097571 -0.994741 -0.031137</row1>
												<row2>0.042001 0.035374 -0.998491</row2>
												<row3>2.990317 0.580114 1.424149</row3>
											</transform>
										</node>
									</node>
									<node>
										<identifier>Sea_Lion_1_R_Arm_1_L_BlendBone</identifier>
										<transform>
											<row0>-0.835875 -0.547054 -0.045232</row0>
											<row1>0.548528 -0.835552 -0.031137</row1>
											<row2>0.020760 0.050838 -0.998491</row2>
											<row3>2.114413 1.902918 1.424149</row3>
										</transform>
									</node>
								</node>
								<node>
									<identifier>Sea_Lion_1_R_Arm_1_R</identifier>
									<transform>
										<row0>0.071660 0.544223 0.835875</row0>
										<row1>-0.190447 -0.815146 0.547054</row1>
										<row2>0.979079 -0.198392 0.045232</row2>
										<row3>-0.022361 0.062984 0.172799</row3>
									</transform>
									<node>
										<identifier>Sea_Lion_1_R_Arm_2_R</identifier>
										<transform>
											<row0>0.885538 0.464568 0.000000</row0>
											<row1>-0.464568 0.885538 -0.000000</row1>
											<row2>-0.000000 -0.000000 1.000000</row2>
											<row3>0.264123 -0.000000 -0.000000</row3>
										</transform>
										<node>
											<identifier>Sea_Lion_1_R_Arm_3_R</identifier>
											<transform>
												<row0>0.992411 0.074543 -0.097795</row0>
												<row1>0.072066 -0.996989 -0.028631</row1>
												<row2>-0.099635 0.021366 -0.994795</row2>
												<row3>0.458526 -0.000000 -0.000000</row3>
											</transform>
											<node>
												<identifier>Sea_Lion_1_R_Arm_4_R</identifier>
												<transform>
													<row0>1.000000 0.000000 0.000000</row0>
													<row1>0.000000 1.000000 -0.000000</row1>
													<row2>-0.000000 0.000000 1.000000</row2>
													<row3>0.416452 0.000000 0.000000</row3>
												</transform>
												<node>
													<identifier>Sea_Lion_1_R_Arm_4_R_BlendBone</identifier>
													<transform>
														<row0>-0.989537 0.025464 0.142014</row0>
														<row1>-0.025724 -0.999669 -0.000000</row1>
														<row2>-0.141967 0.003653 -0.989865</row2>
														<row3>1.600410 0.233093 0.981091</row3>
													</transform>
												</node>
											</node>
											<node>
												<identifier>Sea_Lion_1_R_Arm_3_R_BlendBone</identifier>
												<transform>
													<row0>-0.989537 0.025464 0.142014</row0>
													<row1>-0.025724 -0.999669 -0.000000</row1>
													<row2>-0.141967 0.003653 -0.989865</row2>
													<row3>2.016862 0.233093 0.981091</row3>
												</transform>
											</node>
										</node>
										<node>
											<identifier>Sea_Lion_1_R_Arm_2_R_BlendBone</identifier>
											<transform>
												<row0>-0.994342 -0.096116 -0.045232</row0>
												<row1>-0.097571 0.994741 0.031137</row1>
												<row2>-0.042001 -0.035374 0.998491</row2>
												<row3>2.379129 -0.061086 -1.179897</row3>
											</transform>
										</node>
									</node>
									<node>
										<identifier>Sea_Lion_1_R_Arm_1_R_BlendBone</identifier>
										<transform>
											<row0>-0.835875 -0.547054 -0.045232</row0>
											<row1>-0.548528 0.835552 0.031137</row1>
											<row2>-0.020760 -0.050838 0.998491</row2>
											<row3>2.399310 1.051173 -1.179897</row3>
										</transform>
									</node>
								</node>
								<node>
									<identifier>Sea_Lion_1_Spine4_M_BlendBone</identifier>
									<transform>
										<row0>-0.000000 -0.000000 -1.000000</row0>
										<row1>-0.167950 -0.985795 0.000000</row1>
										<row2>0.985795 -0.167950 -0.000000</row2>
										<row3>-1.205830 0.745966 2.700000</row3>
									</transform>
								</node>
							</node>
							<node>
								<identifier>Sea_Lion_1_Spine3_M_BlendBone</identifier>
								<transform>
									<row0>0.000000 -0.000000 -1.000000</row0>
									<row1>0.093351 -0.995633 0.000000</row1>
									<row2>0.995633 0.093351 -0.000000</row2>
									<row3>-0.919338 0.407862 2.700000</row3>
								</transform>
							</node>
						</node>
						<node>
							<identifier>Sea_Lion_1_Spine2_M_BlendBone</identifier>
							<transform>
								<row0>0.000000 -0.000000 -1.000000</row0>
								<row1>0.135630 -0.990759 0.000000</row1>
								<row2>0.990759 0.135630 -0.000000</row2>
								<row3>-0.571229 0.368375 2.700000</row3>
							</transform>
						</node>
					</node>
					<node>
						<identifier>Sea_Lion_1_Spine1_M_BlendBone</identifier>
						<transform>
							<row0>0.000000 -0.000000 -1.000000</row0>
							<row1>0.119745 -0.992805 0.000000</row1>
							<row2>0.992805 0.119745 -0.000000</row2>
							<row3>-0.288356 0.377476 2.700000</row3>
						</transform>
					</node>
				</node>
				<node>
					<identifier>Sea_Lion_1_Root_M_BlendBone</identifier>
					<transform>
						<row0>-0.000000 -0.000000 -1.000000</row0>
						<row1>0.038504 -0.999258 0.000000</row1>
						<row2>0.999258 0.038504 -0.000000</row2>
						<row3>-0.015402 0.399703 2.700000</row3>
					</transform>
				</node>
			</node>
			<node>
				<identifier>Sea_Lion_2_Root_M</identifier>
				<transform>
					<row0>-0.000000 0.038504 -0.999258</row0>
					<row1>-0.000000 -0.999258 -0.038504</row1>
					<row2>-1.000000 0.000000 0.000000</row2>
					<row3>-2.700000 0.400000 0.000000</row3>
				</transform>
				<node>
					<identifier>Sea_Lion_2_R_Leg_1_L</identifier>
					<transform>
						<row0>0.841484 -0.014622 0.540084</row0>
						<row1>0.513129 -0.291284 -0.807374</row1>
						<row2>0.169123 0.956525 -0.237608</row2>
						<row3>-0.180408 0.020714 -0.105063</row3>
					</transform>
					<node>
						<identifier>Sea_Lion_2_R_Leg_2_L</identifier>
						<transform>
							<row0>0.977899 -0.209080 -0.000000</row0>
							<row1>0.209080 0.977899 0.000000</row1>
							<row2>0.000000 0.000000 1.000000</row2>
							<row3>-0.290955 0.000000 0.000000</row3>
						</transform>
						<node>
							<identifier>Sea_Lion_2_R_Leg_3_L</identifier>
							<transform>
								<row0>0.998651 -0.051694 -0.004858</row0>
								<row1>-0.011548 -0.312349 0.949897</row1>
								<row2>-0.050622 -0.948560 -0.312525</row2>
								<row3>-0.275357 0.000000 -0.000000</row3>
							</transform>
							<node>
								<identifier>Sea_Lion_2_R_Leg_4_L</identifier>
								<transform>
									<row0>1.000000 -0.000000 -0.000000</row0>
									<row1>0.000000 1.000000 -0.000000</row1>
									<row2>0.000000 0.000000 1.000000</row2>
									<row3>-0.318291 0.000000 0.000000</row3>
								</transform>
								<node>
									<identifier>Sea_Lion_2_R_Leg_4_L_BlendBone</identifier>
									<transform>
										<row0>-0.732144 0.022413 -0.680781</row0>
										<row1>-0.030599 -0.999532 -0.000000</row1>
										<row2>0.680463 -0.020831 -0.732487</row2>
										<row3>-0.892073 0.401136 -1.984095</row3>
									</transform>
								</node>
							</node>
							<node>
								<identifier>Sea_Lion_2_R_Leg_3_L_BlendBone</identifier>
								<transform>
									<row0>-0.732144 0.022413 -0.680781</row0>
									<row1>-0.030599 -0.999532 -0.000000</row1>
									<row2>0.680463 -0.020831 -0.732487</row2>
									<row3>-1.210364 0.401136 -1.984095</row3>
								</transform>
							</node>
						</node>
						<node>
							<identifier>Sea_Lion_2_R_Leg_2_L_BlendBone</identifier>
							<transform>
								<row0>-0.696953 0.676609 0.237608</row0>
								<row1>-0.019015 0.313785 -0.949304</row1>
								<row2>0.716865 0.666138 0.205828</row2>
								<row3>-1.388283 1.819308 1.006996</row3>
							</transform>
						</node>
					</node>
					<node>
						<identifier>Sea_Lion_2_R_Leg_1_L_BlendBone</identifier>
						<transform>
							<row0>-0.540084 0.807374 0.237608</row0>
							<row1>0.047011 0.310825 -0.949304</row1>
							<row2>0.840297 0.501533 0.205828</row2>
							<row3>-1.268175 2.069360 1.006996</row3>
						</transform>
					</node>
				</node>
				<node>
					<identifier>Sea_Lion_2_R_Leg_1_R</identifier>
					<transform>
						<row0>-0.841484 0.014622 0.540084</row0>
						<row1>-0.513129 0.291284 -0.807374</row1>
						<row2>-0.169123 -0.956525 -0.237608</row2>
						<row3>-0.180408 0.020714 0.105063</row3>
					</transform>
					<node>
						<identifier>Sea_Lion_2_R_Leg_2_R</identifier>
						<transform>
							<row0>0.977899 -0.209080 0.000000</row0>
							<row1>0.209080 0.977899 -0.000000</row1>
							<row2>0.000000 -0.000000 1.000000</row2>
							<row3>0.290955 -0.000000 -0.000000</row3>
						</transform>
						<node>
							<identifier>Sea_Lion_2_R_Leg_3_R</identifier>
							<transform>
								<row0>0.998651 -0.051695 -0.004858</row0>
								<row1>-0.011548 -0.312349 0.949897</row1>
								<row2>-0.050622 -0.948560 -0.312525</row2>
								<row3>0.275357 0.000000 0.000000</row3>
							</transform>
							<node>
								<identifier>Sea_Lion_2_R_Leg_4_R</identifier>
								<transform>
									<row0>1.000000 0.000000 0.000000</row0>
									<row1>-0.000000 1.000000 0.000000</row1>
									<row2>0.000000 0.000000 1.000000</row2>
									<row3>0.318291 0.000000 0.000000</row3>
								</transform>
								<node>
									<identifier>Sea_Lion_2_R_Leg_4_R_BlendBone</identifier>
									<transform>
										<row0>-0.732144 0.022413 -0.680781</row0>
										<row1>0.030599 0.999532 -0.000000</row1>
										<row2>-0.680463 0.020831 0.732487</row2>
										<row3>-3.061502 -0.280104 -1.692125</row3>
									</transform>
								</node>
							</node>
							<node>
								<identifier>Sea_Lion_2_R_Leg_3_R_BlendBone</identifier>
								<transform>
									<row0>-0.732144 0.022413 -0.680781</row0>
									<row1>0.030599 0.999532 -0.000000</row1>
									<row2>-0.680463 0.020831 0.732487</row2>
									<row3>-2.743211 -0.280104 -1.692125</row3>
								</transform>
							</node>
						</node>
						<node>
							<identifier>Sea_Lion_2_R_Leg_2_R_BlendBone</identifier>
							<transform>
								<row0>-0.696952 0.676609 0.237608</row0>
								<row1>0.019015 -0.313785 0.949304</row1>
								<row2>-0.716865 -0.666138 -0.205827</row2>
								<row3>-2.375261 1.834381 0.276086</row3>
							</transform>
						</node>
					</node>
					<node>
						<identifier>Sea_Lion_2_R_Leg_1_R_BlendBone</identifier>
						<transform>
							<row0>-0.540084 0.807374 0.237608</row0>
							<row1>-0.047011 -0.310825 0.949304</row1>
							<row2>-0.840297 -0.501533 -0.205828</row2>
							<row3>-1.648278 2.290457 0.276086</row3>
						</transform>
					</node>
				</node>
				<node>
					<identifier>Sea_Lion_2_Spine1_M</identifier>
					<transform>
						<row0>0.996679 -0.081429 0.000000</row0>
						<row1>0.081429 0.996679 -0.000000</row1>
						<row2>-0.000000 -0.000000 1.000000</row2>
						<row3>0.241259 0.000000 0.000000</row3>
					</transform>
					<node>
						<identifier>Sea_Lion_2_Spine2_M</identifier>
						<transform>
							<row0>0.999872 -0.016016 0.000000</row0>
							<row1>0.016016 0.999872 -0.000000</row1>
							<row2>-0.000000 -0.000000 1.000000</row2>
							<row3>0.276900 0.000000 0.000000</row3>
						</transform>
						<node>
							<identifier>Sea_Lion_2_Spine3_M</identifier>
							<transform>
								<row0>0.999094 0.042550 -0.000000</row0>
								<row1>-0.042550 0.999094 -0.000000</row1>
								<row2>0.000000 -0.000000 1.000000</row2>
								<row3>0.364631 0.000000 0.000000</row3>
							</transform>
							<node>
								<identifier>Sea_Lion_2_Spine4_M</identifier>
								<transform>
									<row0>0.965813 0.259241 0.000000</row0>
									<row1>-0.259241 0.965813 0.000000</row1>
									<row2>0.000000 0.000000 1.000000</row2>
									<row3>0.438653 0.000000 0.000000</row3>
								</transform>
								<node>
									<identifier>Sea_Lion_2_Neck_1_M</identifier>
									<transform>
										<row0>0.999045 -0.043691 0.000000</row0>
										<row1>0.043691 0.999045 0.000000</row1>
										<row2>-0.000000 -0.000000 1.000000</row2>
										<row3>0.343066 0.000000 0.000000</row3>
									</transform>
									<node>
										<identifier>Sea_Lion_2_Neck_2_M</identifier>
										<transform>
											<row0>0.995689 -0.092755 0.000000</row0>
											<row1>0.092755 0.995689 0.000000</row1>
											<row2>-0.000000 -0.000000 1.000000</row2>
											<row3>0.313387 0.000000 0.000000</row3>
										</transform>
										<node>
											<identifier>Sea_Lion_2_Head_1_M</identifier>
											<transform>
												<row0>0.998908 0.046710 0.000000</row0>
												<row1>-0.046710 0.998908 0.000000</row1>
												<row2>-0.000000 -0.000000 1.000000</row2>
												<row3>0.283781 0.000000 0.000000</row3>
											</transform>
											<node>
												<identifier>Sea_Lion_2_Head_2_M</identifier>
												<transform>
													<row0>1.000000 0.000000 0.000000</row0>
													<row1>0.000000 1.000000 0.000000</row1>
													<row2>-0.000000 -0.000000 1.000000</row2>
													<row3>0.438306 0.000000 0.000000</row3>
												</transform>
												<node>
													<identifier>Sea_Lion_2_Head_2_M_BlendBone</identifier>
													<transform>
														<row0>-0.000000 -0.000000 -1.000000</row0>
														<row1>-0.078802 -0.996890 0.000000</row1>
														<row2>0.996890 -0.078802 -0.000000</row2>
														<row3>-2.644424 0.602743 -2.700000</row3>
													</transform>
												</node>
											</node>
											<node>
												<identifier>Sea_Lion_2_Head_1_M_BlendBone</identifier>
												<transform>
													<row0>-0.000000 -0.000000 -1.000000</row0>
