<?xml version="1.0" encoding="utf-8"?>
<root>
	<node>
		<identifier>Scene Root</identifier>
		<transform>
			<row0>1.000000 0.000000 0.000000</row0>
			<row1>0.000000 1.000000 0.000000</row1>
			<row2>0.000000 0.000000 1.000000</row2>
			<row3>0.000000 0.000000 0.000000</row3>
		</transform>
		<node>
			<identifier>nodes_01</identifier>
			<transform>
				<row0>1.000000 0.000000 0.000000</row0>
				<row1>0.000000 1.000000 0.000000</row1>
				<row2>0.000000 0.000000 1.000000</row2>
				<row3>0.000000 0.000000 0.000000</row3>
			</transform>
			<node>
				<identifier>HP_Track_LFront</identifier>
				<transform>
					<row0>1.000000 0.000000 0.000000</row0>
					<row1>0.000000 0.993847 -0.110758</row1>
					<row2>0.000000 0.110758 0.993847</row2>
					<row3>-1.072870 0.000000 1.435850</row3>
				</transform>
			</node>
			<node>
				<identifier>HP_Track_LRear</identifier>
				<transform>
					<row0>-1.000000 0.000000 0.000000</row0>
					<row1>0.000000 0.994751 0.102324</row1>
					<row2>-0.000000 0.102324 -0.994751</row2>
					<row3>-1.072870 0.000000 -1.435846</row3>
				</transform>
			</node>
			<node>
				<identifier>HP_Track_RFront</identifier>
				<transform>
					<row0>1.000000 0.000000 0.000000</row0>
					<row1>0.000000 0.993847 -0.110758</row1>
					<row2>0.000000 0.110758 0.993847</row2>
					<row3>1.072871 0.000000 1.435850</row3>
				</transform>
			</node>
			<node>
				<identifier>HP_Track_RRear</identifier>
				<transform>
					<row0>-1.000000 0.000000 0.000000</row0>
					<row1>0.000000 0.994751 0.102324</row1>
					<row2>-0.000000 0.102324 -0.994751</row2>
					<row3>1.072871 0.000000 -1.435846</row3>
				</transform>
			</node>
			<node>
				<identifier>HP_gui</identifier>
				<transform>
					<row0>1.000000 0.000000 0.000000</row0>
					<row1>0.000000 0.000000 -1.000000</row1>
					<row2>0.000000 1.000000 0.000000</row2>
					<row3>0.000000 3.291720 0.000000</row3>
				</transform>
			</node>
			<node>
				<identifier>Tank</identifier>
				<transform>
					<row0>1.000000 0.000000 0.000000</row0>
					<row1>0.000000 1.000000 0.000000</row1>
					<row2>0.000000 0.000000 1.000000</row2>
					<row3>0.000000 0.500000 0.000000</row3>
				</transform>
				<node>
					<identifier>Track_L0</identifier>
					<transform>
						<row0>1.000000 0.000000 0.000000</row0>
						<row1>0.000000 1.000000 0.000000</row1>
						<row2>0.000000 0.000000 1.000000</row2>
						<row3>-1.072870 -0.500000 1.368138</row3>
					</transform>
					<node>
						<identifier>W_L0</identifier>
						<transform>
							<row0>1.000000 0.000000 0.000000</row0>
							<row1>-0.000000 0.991138 -0.132837</row1>
							<row2>0.000000 0.132837 0.991138</row2>
							<row3>0.000000 0.354150 0.000000</row3>
						</transform>
						<node>
							<identifier>W_L0_BlendBone</identifier>
							<transform>
								<row0>1.000000 0.000000 0.000000</row0>
								<row1>0.000000 0.991138 0.132837</row1>
								<row2>0.000000 0.132837 -0.991138</row2>
								<row3>1.072870 -0.169272 -1.403058</row3>
							</transform>
						</node>
					</node>
					<node>
						<identifier>Track_L0_BlendBone</identifier>
						<transform>
							<row0>1.000000 0.000000 0.000000</row0>
							<row1>0.000000 1.000000 0.000000</row1>
							<row2>0.000000 0.000000 -1.000000</row2>
							<row3>1.072870 0.000000 -1.368138</row3>
						</transform>
					</node>
				</node>
				<node>
					<identifier>Track_L1</identifier>
					<transform>
						<row0>1.000000 0.000000 0.000000</row0>
						<row1>0.000000 1.000000 0.000000</row1>
						<row2>0.000000 0.000000 1.000000</row2>
						<row3>-1.072870 -0.500000 0.649741</row3>
					</transform>
					<node>
						<identifier>W_L1</identifier>
						<transform>
							<row0>1.000000 0.000000 0.000000</row0>
							<row1>0.000000 0.991138 -0.132837</row1>
							<row2>0.000000 0.132837 0.991138</row2>
							<row3>0.000000 0.354150 0.000000</row3>
						</transform>
						<node>
							<identifier>W_L1_BlendBone</identifier>
							<transform>
								<row0>1.000000 0.000000 0.000000</row0>
								<row1>0.000000 0.991138 0.132837</row1>
								<row2>0.000000 0.132837 -0.991138</row2>
								<row3>1.072870 -0.264702 -0.691027</row3>
							</transform>
						</node>
					</node>
					<node>
						<identifier>Track_L1_BlendBone</identifier>
						<transform>
							<row0>1.000000 0.000000 0.000000</row0>
							<row1>0.000000 1.000000 0.000000</row1>
							<row2>0.000000 0.000000 -1.000000</row2>
							<row3>1.072870 0.000000 -0.649741</row3>
						</transform>
					</node>
				</node>
				<node>
					<identifier>Track_L2</identifier>
					<transform>
						<row0>1.000000 0.000000 0.000000</row0>
						<row1>0.000000 1.000000 0.000000</row1>
						<row2>0.000000 0.000000 1.000000</row2>
						<row3>-1.072870 -0.500000 -0.031896</row3>
					</transform>
					<node>
						<identifier>W_L2</identifier>
						<transform>
							<row0>1.000000 0.000000 0.000000</row0>
							<row1>0.000000 0.991138 -0.132837</row1>
							<row2>0.000000 0.132837 0.991138</row2>
							<row3>0.000000 0.354150 0.000000</row3>
						</transform>
						<node>
							<identifier>W_L2_BlendBone</identifier>
							<transform>
								<row0>1.000000 0.000000 0.000000</row0>
								<row1>0.000000 0.991138 0.132837</row1>
								<row2>0.000000 0.132837 -0.991138</row2>
								<row3>1.072870 -0.355249 -0.015431</row3>
							</transform>
						</node>
					</node>
					<node>
						<identifier>Track_L2_BlendBone</identifier>
						<transform>
							<row0>1.000000 0.000000 0.000000</row0>
							<row1>0.000000 1.000000 0.000000</row1>
							<row2>0.000000 0.000000 -1.000000</row2>
							<row3>1.072870 0.000000 0.031896</row3>
						</transform>
					</node>
				</node>
				<node>
					<identifier>Track_L3</identifier>
					<transform>
						<row0>1.000000 0.000000 0.000000</row0>
						<row1>0.000000 1.000000 0.000000</row1>
						<row2>0.000000 0.000000 1.000000</row2>
						<row3>-1.072870 -0.500000 -0.732918</row3>
					</transform>
					<node>
						<identifier>W_L3</identifier>
						<transform>
							<row0>1.000000 0.000000 0.000000</row0>
							<row1>0.000000 0.991138 -0.132837</row1>
							<row2>0.000000 0.132837 0.991138</row2>
							<row3>0.000000 0.354150 0.000000</row3>
						</transform>
						<node>
							<identifier>W_L3_BlendBone</identifier>
							<transform>
								<row0>1.000000 0.000000 0.000000</row0>
								<row1>0.000000 0.991138 0.132837</row1>
								<row2>0.000000 0.132837 -0.991138</row2>
								<row3>1.072870 -0.448370 0.679378</row3>
							</transform>
						</node>
					</node>
					<node>
						<identifier>Track_L3_BlendBone</identifier>
						<transform>
							<row0>1.000000 0.000000 0.000000</row0>
							<row1>0.000000 1.000000 0.000000</row1>
							<row2>0.000000 0.000000 -1.000000</row2>
							<row3>1.072870 0.000000 0.732918</row3>
						</transform>
					</node>
				</node>
				<node>
					<identifier>Track_L4</identifier>
					<transform>
						<row0>1.000000 0.000000 0.000000</row0>
						<row1>0.000000 1.000000 0.000000</row1>
						<row2>0.000000 0.000000 1.000000</row2>
						<row3>-1.072870 -0.500000 -1.431990</row3>
					</transform>
					<node>
						<identifier>W_L4</identifier>
						<transform>
							<row0>1.000000 0.000000 0.000000</row0>
							<row1>0.000000 0.991138 -0.132837</row1>
							<row2>0.000000 0.132837 0.991138</row2>
							<row3>0.000000 0.354150 0.000000</row3>
						</transform>
						<node>
							<identifier>W_L4_BlendBone</identifier>
							<transform>
								<row0>1.000000 0.000000 0.000000</row0>
								<row1>0.000000 0.991138 0.132837</row1>
								<row2>0.000000 0.132837 -0.991138</row2>
								<row3>1.072870 -0.541233 1.372255</row3>
							</transform>
						</node>
					</node>
					<node>
						<identifier>Track_L4_BlendBone</identifier>
						<transform>
							<row0>1.000000 0.000000 0.000000</row0>
							<row1>0.000000 1.000000 0.000000</row1>
							<row2>0.000000 0.000000 -1.000000</row2>
							<row3>1.072870 0.000000 1.431990</row3>
						</transform>
					</node>
				</node>
				<node>
					<identifier>Track_R0</identifier>
					<transform>
						<row0>1.000000 0.000000 0.000000</row0>
						<row1>0.000000 1.000000 0.000000</row1>
						<row2>0.000000 0.000000 1.000000</row2>
						<row3>1.072871 -0.500000 1.368138</row3>
					</transform>
					<node>
						<identifier>W_R0</identifier>
						<transform>
							<row0>1.000000 0.000000 0.000000</row0>
							<row1>0.000000 0.991138 -0.132837</row1>
							<row2>0.000000 0.132837 0.991138</row2>
							<row3>0.000000 0.354150 0.000000</row3>
						</transform>
						<node>
							<identifier>W_R0_BlendBone</identifier>
							<transform>
								<row0>1.000000 0.000000 0.000000</row0>
								<row1>0.000000 0.991138 0.132837</row1>
								<row2>0.000000 0.132837 -0.991138</row2>
								<row3>-1.072871 -0.169272 -1.403058</row3>
							</transform>
						</node>
					</node>
					<node>
						<identifier>Track_R0_BlendBone</identifier>
						<transform>
							<row0>1.000000 0.000000 0.000000</row0>
							<row1>0.000000 1.000000 0.000000</row1>
							<row2>0.000000 0.000000 -1.000000</row2>
							<row3>-1.072871 0.000000 -1.368138</row3>
						</transform>
					</node>
				</node>
				<node>
					<identifier>Track_R1</identifier>
					<transform>
						<row0>1.000000 0.000000 0.000000</row0>
						<row1>0.000000 1.000000 0.000000</row1>
						<row2>0.000000 0.000000 1.000000</row2>
						<row3>1.072871 -0.500000 0.649741</row3>
					</transform>
					<node>
						<identifier>W_R1</identifier>
						<transform>
							<row0>1.000000 0.000000 0.000000</row0>
							<row1>0.000000 0.991138 -0.132837</row1>
							<row2>0.000000 0.132837 0.991138</row2>
							<row3>0.000000 0.354150 0.000000</row3>
						</transform>
						<node>
							<identifier>W_R1_BlendBone</identifier>
							<transform>
								<row0>1.000000 0.000000 0.000000</row0>
								<row1>0.000000 0.991138 0.132837</row1>
								<row2>0.000000 0.132837 -0.991138</row2>
								<row3>-1.072871 -0.264702 -0.691027</row3>
							</transform>
						</node>
					</node>
					<node>
						<identifier>Track_R1_BlendBone</identifier>
						<transform>
							<row0>1.000000 0.000000 0.000000</row0>
							<row1>0.000000 1.000000 0.000000</row1>
							<row2>0.000000 0.000000 -1.000000</row2>
							<row3>-1.072871 0.000000 -0.649741</row3>
						</transform>
					</node>
				</node>
				<node>
					<identifier>Track_R2</identifier>
					<transform>
						<row0>1.000000 0.000000 0.000000</row0>
						<row1>0.000000 1.000000 0.000000</row1>
						<row2>0.000000 0.000000 1.000000</row2>
						<row3>1.072871 -0.500000 -0.031896</row3>
					</transform>
					<node>
						<identifier>W_R2</identifier>
						<transform>
							<row0>1.000000 0.000000 0.000000</row0>
							<row1>0.000000 0.991138 -0.132837</row1>
							<row2>0.000000 0.132837 0.991138</row2>
							<row3>0.000000 0.354150 0.000000</row3>
						</transform>
						<node>
							<identifier>W_R2_BlendBone</identifier>
							<transform>
								<row0>1.000000 0.000000 0.000000</row0>
								<row1>0.000000 0.991138 0.132837</row1>
								<row2>0.000000 0.132837 -0.991138</row2>
								<row3>-1.072871 -0.355249 -0.015431</row3>
							</transform>
						</node>
					</node>
					<node>
						<identifier>Track_R2_BlendBone</identifier>
						<transform>
							<row0>1.000000 0.000000 0.000000</row0>
							<row1>0.000000 1.000000 0.000000</row1>
							<row2>0.000000 0.000000 -1.000000</row2>
							<row3>-1.072871 0.000000 0.031896</row3>
						</transform>
					</node>
				</node>
				<node>
					<identifier>Track_R3</identifier>
					<transform>
						<row0>1.000000 0.000000 0.000000</row0>
						<row1>0.000000 1.000000 0.000000</row1>
						<row2>0.000000 0.000000 1.000000</row2>
						<row3>1.072871 -0.500000 -0.732918</row3>
					</transform>
					<node>
						<identifier>W_R3</identifier>
						<transform>
							<row0>1.000000 0.000000 0.000000</row0>
							<row1>0.000000 0.991138 -0.132837</row1>
							<row2>0.000000 0.132837 0.991138</row2>
							<row3>0.000000 0.354150 0.000000</row3>
						</transform>
						<node>
							<identifier>W_R3_BlendBone</identifier>
							<transform>
								<row0>1.000000 0.000000 0.000000</row0>
								<row1>0.000000 0.991138 0.132837</row1>
								<row2>0.000000 0.132837 -0.991138</row2>
								<row3>-1.072871 -0.448370 0.679378</row3>
							</transform>
						</node>
					</node>
					<node>
						<identifier>Track_R3_BlendBone</identifier>
						<transform>
							<row0>1.000000 0.000000 0.000000</row0>
							<row1>0.000000 1.000000 0.000000</row1>
							<row2>0.000000 0.000000 -1.000000</row2>
							<row3>-1.072871 0.000000 0.732918</row3>
						</transform>
					</node>
				</node>
				<node>
					<identifier>Track_R4</identifier>
					<transform>
						<row0>1.000000 0.000000 0.000000</row0>
						<row1>0.000000 1.000000 0.000000</row1>
						<row2>0.000000 0.000000 1.000000</row2>
						<row3>1.072871 -0.500000 -1.431990</row3>
					</transform>
					<node>
						<identifier>W_R4</identifier>
						<transform>
							<row0>1.000000 0.000000 0.000000</row0>
							<row1>0.000000 0.991138 -0.132837</row1>
							<row2>0.000000 0.132837 0.991138</row2>
							<row3>0.000000 0.354150 0.000000</row3>
						</transform>
						<node>
							<identifier>W_R4_BlendBone</identifier>
							<transform>
								<row0>1.000000 0.000000 0.000000</row0>
								<row1>0.000000 0.991138 0.132837</row1>
								<row2>0.000000 0.132837 -0.991138</row2>
								<row3>-1.072871 -0.541233 1.372255</row3>
							</transform>
						</node>
					</node>
					<node>
						<identifier>Track_R4_BlendBone</identifier>
						<transform>
							<row0>1.000000 0.000000 0.000000</row0>
							<row1>0.000000 1.000000 0.000000</row1>
							<row2>0.000000 0.000000 -1.000000</row2>
							<row3>-1.072871 0.000000 1.431990</row3>
						</transform>
					</node>
				</node>
				<node>
					<identifier>V</identifier>
					<transform>
						<row0>1.000000 0.000000 0.000000</row0>
						<row1>0.000000 1.000000 0.000000</row1>
						<row2>0.000000 0.000000 1.000000</row2>
						<row3>0.000000 0.397572 0.000000</row3>
					</transform>
					<node>
						<identifier>Track_VD_L0</identifier>
						<transform>
							<row0>1.000000 0.000000 0.000000</row0>
							<row1>0.000000 1.000000 0.000000</row1>
							<row2>0.000000 0.000000 1.000000</row2>
							<row3>-1.072870 -0.651243 1.900286</row3>
						</transform>
						<node>
							<identifier>Track_VD_L0_BlendBone</identifier>
							<transform>
								<row0>1.000000 0.000000 0.000000</row0>
								<row1>0.000000 1.000000 0.000000</row1>
								<row2>0.000000 0.000000 -1.000000</row2>
								<row3>1.072870 -0.246329 -1.900286</row3>
							</transform>
						</node>
					</node>
					<node>
						<identifier>Track_VD_L1</identifier>
						<transform>
							<row0>1.000000 0.000000 0.000000</row0>
							<row1>0.000000 1.000000 0.000000</row1>
							<row2>0.000000 0.000000 1.000000</row2>
							<row3>-1.072870 -0.737729 -1.870260</row3>
						</transform>
						<node>
							<identifier>Track_VD_L1_BlendBone</identifier>
							<transform>
								<row0>1.000000 0.000000 0.000000</row0>
								<row1>0.000000 1.000000 0.000000</row1>
								<row2>0.000000 0.000000 -1.000000</row2>
								<row3>1.072870 -0.159843 1.870260</row3>
							</transform>
						</node>
					</node>
					<node>
						<identifier>Track_VD_R0</identifier>
						<transform>
							<row0>1.000000 0.000000 0.000000</row0>
							<row1>0.000000 1.000000 0.000000</row1>
							<row2>0.000000 0.000000 1.000000</row2>
							<row3>1.072871 -0.651243 1.900286</row3>
						</transform>
						<node>
							<identifier>Track_VD_R0_BlendBone</identifier>
							<transform>
								<row0>1.000000 0.000000 0.000000</row0>
								<row1>0.000000 1.000000 0.000000</row1>
								<row2>0.000000 0.000000 -1.000000</row2>
								<row3>-1.072871 -0.246329 -1.900286</row3>
							</transform>
						</node>
					</node>
					<node>
						<identifier>Track_VD_R1</identifier>
						<transform>
							<row0>1.000000 0.000000 0.000000</row0>
							<row1>0.000000 1.000000 0.000000</row1>
							<row2>0.000000 0.000000 1.000000</row2>
							<row3>1.072871 -0.737729 -1.870260</row3>
						</transform>
						<node>
							<identifier>Track_VD_R1_BlendBone</identifier>
							<transform>
								<row0>1.000000 0.000000 0.000000</row0>
								<row1>0.000000 1.000000 0.000000</row1>
								<row2>0.000000 0.000000 -1.000000</row2>
								<row3>-1.072871 -0.159843 1.870260</row3>
							</transform>
						</node>
					</node>
					<node>
						<identifier>Track_VT_L0</identifier>
						<transform>
							<row0>1.000000 0.000000 0.000000</row0>
							<row1>0.000000 1.000000 0.000000</row1>
							<row2>0.000000 0.000000 1.000000</row2>
							<row3>-1.072870 0.040476 1.573827</row3>
						</transform>
						<node>
							<identifier>Track_VT_L0_BlendBone</identifier>
							<transform>
								<row0>1.000000 0.000000 0.000000</row0>
								<row1>0.000000 1.000000 0.000000</row1>
								<row2>0.000000 0.000000 -1.000000</row2>
								<row3>1.072870 -0.938048 -1.573827</row3>
							</transform>
						</node>
					</node>
					<node>
						<identifier>Track_VT_L1</identifier>
						<transform>
							<row0>1.000000 0.000000 0.000000</row0>
							<row1>0.000000 1.000000 0.000000</row1>
							<row2>0.000000 0.000000 1.000000</row2>
							<row3>-1.072870 -0.019164 0.312996</row3>
						</transform>
						<node>
							<identifier>Track_VT_L1_BlendBone</identifier>
							<transform>
								<row0>1.000000 0.000000 0.000000</row0>
								<row1>0.000000 1.000000 0.000000</row1>
								<row2>0.000000 0.000000 -1.000000</row2>
								<row3>1.072870 -0.878408 -0.312996</row3>
							</transform>
						</node>
					</node>
					<node>
						<identifier>Track_VT_L2</identifier>
						<transform>
							<row0>1.000000 0.000000 0.000000</row0>
							<row1>0.000000 1.000000 0.000000</row1>
							<row2>0.000000 0.000000 1.000000</row2>
							<row3>-1.072870 -0.087468 -1.241706</row3>
						</transform>
						<node>
							<identifier>Track_VT_L2_BlendBone</identifier>
							<transform>
								<row0>1.000000 0.000000 0.000000</row0>
								<row1>0.000000 1.000000 0.000000</row1>
								<row2>0.000000 0.000000 -1.000000</row2>
								<row3>1.072870 -0.810104 1.241706</row3>
							</transform>
						</node>
					</node>
					<node>
						<identifier>Track_VT_R0</identifier>
						<transform>
							<row0>1.000000 0.000000 0.000000</row0>
							<row1>0.000000 1.000000 0.000000</row1>
							<row2>0.000000 0.000000 1.000000</row2>
							<row3>1.072871 0.040475 1.573827</row3>
						</transform>
						<node>
							<identifier>Track_VT_R0_BlendBone</identifier>
							<transform>
								<row0>1.000000 0.000000 0.000000</row0>
								<row1>0.000000 1.000000 0.000000</row1>
								<row2>0.000000 0.000000 -1.000000</row2>
								<row3>-1.072871 -0.938048 -1.573827</row3>
							</transform>
						</node>
					</node>
					<node>
						<identifier>Track_VT_R1</identifier>
						<transform>
							<row0>1.000000 0.000000 0.000000</row0>
							<row1>0.000000 1.000000 0.000000</row1>
							<row2>0.000000 0.000000 1.000000</row2>
							<row3>1.072871 -0.019164 0.312996</row3>
						</transform>
						<node>
							<identifier>Track_VT_R1_BlendBone</identifier>
							<transform>
								<row0>1.000000 0.000000 0.000000</row0>
								<row1>0.000000 1.000000 0.000000</row1>
								<row2>0.000000 0.000000 -1.000000</row2>
								<row3>-1.072871 -0.878408 -0.312996</row3>
							</transform>
						</node>
					</node>
					<node>
						<identifier>Track_VT_R2</identifier>
						<transform>
							<row0>1.000000 0.000000 0.000000</row0>
							<row1>0.000000 1.000000 0.000000</row1>
							<row2>0.000000 0.000000 1.000000</row2>
							<row3>1.072871 -0.087468 -1.241706</row3>
						</transform>
						<node>
							<identifier>Track_VT_R2_BlendBone</identifier>
							<transform>
								<row0>1.000000 0.000000 0.000000</row0>
								<row1>0.000000 1.000000 0.000000</row1>
								<row2>0.000000 0.000000 -1.000000</row2>
								<row3>-1.072871 -0.810104 1.241706</row3>
							</transform>
						</node>
					</node>
					<node>
						<identifier>WD_L0</identifier>
						<transform>
							<row0>1.000000 0.000000 0.000000</row0>
							<row1>0.000000 0.991138 -0.132837</row1>
							<row2>0.000000 0.132837 0.991138</row2>
							<row3>-1.072870 -0.193000 2.116585</row3>
						</transform>
						<node>
							<identifier>WD_L0_BlendBone</identifier>
							<transform>
								<row0>1.000000 0.000000 0.000000</row0>
								<row1>0.000000 0.991138 0.132837</row1>
								<row2>0.000000 0.132837 -0.991138</row2>
								<row3>1.072870 -0.417166 -2.191420</row3>
							</transform>
						</node>
					</node>
					<node>
						<identifier>WD_L1</identifier>
						<transform>
							<row0>1.000000 0.000000 0.000000</row0>
							<row1>0.000000 0.991138 -0.132837</row1>
							<row2>0.000000 0.132837 0.991138</row2>
							<row3>-1.072870 -0.116899 1.031070</row3>
						</transform>
						<node>
							<identifier>WD_L1_BlendBone</identifier>
							<transform>
								<row0>1.000000 0.000000 0.000000</row0>
								<row1>0.000000 0.991138 0.132837</row1>
								<row2>0.000000 0.132837 -0.991138</row2>
								<row3>1.072870 -0.636790 -1.125635</row3>
							</transform>
						</node>
					</node>
					<node>
						<identifier>WD_L2</identifier>
						<transform>
							<row0>1.000000 0.000000 0.000000</row0>
							<row1>0.000000 0.991138 -0.132837</row1>
							<row2>0.000000 0.132837 0.991138</row2>
							<row3>-1.072870 -0.171020 -0.405078</row3>
						</transform>
						<node>
							<identifier>WD_L2_BlendBone</identifier>
							<transform>
								<row0>1.000000 0.000000 0.000000</row0>
								<row1>0.000000 0.991138 0.132837</row1>
								<row2>0.000000 0.132837 -0.991138</row2>
								<row3>1.072870 -0.773923 0.304974</row3>
							</transform>
						</node>
					</node>
					<node>
						<identifier>WD_L3</identifier>
						<transform>
							<row0>1.000000 0.000000 0.000000</row0>
							<row1>0.000000 0.991138 -0.132837</row1>
							<row2>0.000000 0.132837 0.991138</row2>
							<row3>-1.072870 -0.365819 -2.078334</row3>
						</transform>
						<node>
							<identifier>WD_L3_BlendBone</identifier>
							<transform>
								<row0>1.000000 0.000000 0.000000</row0>
								<row1>0.000000 0.991138 0.132837</row1>
								<row2>0.000000 0.132837 -0.991138</row2>
								<row3>1.072870 -0.803121 1.989279</row3>
							</transform>
						</node>
					</node>
					<node>
						<identifier>WD_R0</identifier>
						<transform>
							<row0>1.000000 0.000000 0.000000</row0>
							<row1>0.000000 0.974370 -0.224951</row1>
							<row2>0.000000 0.224951 0.974370</row2>
							<row3>1.072871 -0.193000 2.116585</row3>
						</transform>
						<node>
							<identifier>WD_R0_BlendBone</identifier>
							<transform>
								<row0>1.000000 0.000000 0.000000</row0>
								<row1>0.000000 0.974370 0.224951</row1>
								<row2>0.000000 0.224951 -0.974370</row2>
								<row3>-1.072871 -0.210386 -2.220831</row3>
							</transform>
						</node>
					</node>
					<node>
						<identifier>WD_R1</identifier>
						<transform>
							<row0>1.000000 0.000000 0.000000</row0>
							<row1>0.000000 0.991138 -0.132837</row1>
							<row2>0.000000 0.132837 0.991138</row2>
							<row3>1.072871 -0.116899 1.031070</row3>
						</transform>
						<node>
							<identifier>WD_R1_BlendBone</identifier>
							<transform>
								<row0>1.000000 0.000000 0.000000</row0>
								<row1>0.000000 0.991138 0.132837</row1>
								<row2>0.000000 0.132837 -0.991138</row2>
								<row3>-1.072871 -0.636790 -1.125635</row3>
							</transform>
						</node>
					</node>
					<node>
						<identifier>WD_R2</identifier>
						<transform>
							<row0>1.000000 0.000000 0.000000</row0>
							<row1>0.000000 0.991138 -0.132837</row1>
							<row2>0.000000 0.132837 0.991138</row2>
							<row3>1.072871 -0.171020 -0.405078</row3>
						</transform>
						<node>
							<identifier>WD_R2_BlendBone</identifier>
							<transform>
								<row0>1.000000 0.000000 0.000000</row0>
								<row1>0.000000 0.991138 0.132837</row1>
								<row2>0.000000 0.132837 -0.991138</row2>
								<row3>-1.072871 -0.773923 0.304974</row3>
							</transform>
						</node>
					</node>
					<node>
						<identifier>WD_R3</identifier>
						<transform>
							<row0>1.000000 0.000000 0.000000</row0>
							<row1>0.000000 0.991138 -0.132837</row1>
							<row2>0.000000 0.132837 0.991138</row2>
							<row3>1.072871 -0.365819 -2.078334</row3>
						</transform>
						<node>
							<identifier>WD_R3_BlendBone</identifier>
							<transform>
								<row0>1.000000 0.000000 0.000000</row0>
								<row1>0.000000 0.991138 0.132837</row1>
								<row2>0.000000 0.132837 -0.991138</row2>
								<row3>-1.072871 -0.803121 1.989279</row3>
							</transform>
						</node>
					</node>
					<node>
						<identifier>V_BlendBone</identifier>
						<transform>
							<row0>1.000000 0.000000 0.000000</row0>
							<row1>0.000000 1.000000 0.000000</row1>
							<row2>0.000000 0.000000 -1.000000</row2>
							<row3>0.000000 -0.897572 0.000000</row3>
						</transform>
					</node>
				</node>
			</node>
		</node>
	</node>
	<renderSet>
		<treatAsWorldSpaceObject>true</treatAsWorldSpaceObject>
		<node>Track_R0_BlendBone</node>
		<node>Track_R1_BlendBone</node>
		<node>V_BlendBone</node>
		<node>Track_R4_BlendBone</node>
		<node>Track_R3_BlendBone</node>
		<node>Track_R2_BlendBone</node>
		<node>Track_VT_R0_BlendBone</node>
		<node>Track_VT_R1_BlendBone</node>
		<node>Track_VT_R2_BlendBone</node>
		<node>Track_VD_R1_BlendBone</node>
		<node>Track_VD_R0_BlendBone</node>
		<geometry>
			<vertices>track_R_Shape.vertices</vertices>
			<stream>track_R_Shape.uv2</stream>
			<primitive>track_R_Shape.indices</primitive>
			<primitiveGroup>
				0
				<material>
					<identifier>track_mat_R_skinned</identifier>
					<collisionFlags>0</collisionFlags>
					<materialKind>0</materialKind>
					<fx>shaders/std_effects/PBS_tank_uvtransform_skinned_ao.fx</fx>
					<property>
						metallicGlossMap
						<Texture>vehicles/french/tracks/AMX13_75_track_GMM.dds</Texture>
					</property>
					<property>
						normalMap
						<Texture>vehicles/french/tracks/AMX13_75_track_ANM.dds</Texture>
					</property>
					<property>
						diffuseMap
						<Texture>vehicles/french/tracks/AMX13_75_track_AM.dds</Texture>
					</property>
					<property>
						alphaReference
						<Int>64</Int>
					</property>
					<property>
						alphaTestEnable
						<Bool>true</Bool>
					</property>
					<property>
						doubleSided
						<Bool>true</Bool>
					</property>
					<property>
						g_useDetailMetallic
						<Bool>true</Bool>
					</property>
					<property>
						metallicDetailMap
						<Texture>vehicles/russian/Tank_detail/Details_map.dds</Texture>
					</property>
					<property>
						g_detailUVTiling
						<Vector4>2.805480 0.701370 0.000000 0.000000</Vector4>
					</property>
				</material>
				<groupOrigin>1.072870 0.528207 -0.027680</groupOrigin>
			</primitiveGroup>
		</geometry>
	</renderSet>
	<renderSet>
		<treatAsWorldSpaceObject>true</treatAsWorldSpaceObject>
		<node>Track_L0_BlendBone</node>
		<node>Track_L1_BlendBone</node>
		<node>V_BlendBone</node>
		<node>Track_L4_BlendBone</node>
		<node>Track_L3_BlendBone</node>
		<node>Track_L2_BlendBone</node>
		<node>Track_VT_L0_BlendBone</node>
		<node>Track_VT_L1_BlendBone</node>
		<node>Track_VT_L2_BlendBone</node>
		<node>Track_VD_L1_BlendBone</node>
		<node>Track_VD_L0_BlendBone</node>
		<geometry>
			<vertices>track_L_Shape.vertices</vertices>
			<stream>track_L_Shape.uv2</stream>
			<primitive>track_L_Shape.indices</primitive>
			<primitiveGroup>
				0
				<material>
					<identifier>track_mat_L_skinned</identifier>
					<collisionFlags>0</collisionFlags>
					<materialKind>0</materialKind>
					<fx>shaders/std_effects/PBS_tank_uvtransform_skinned_ao.fx</fx>
					<property>
						metallicGlossMap
						<Texture>vehicles/french/tracks/AMX13_75_track_GMM.dds</Texture>
					</property>
					<property>
						normalMap
						<Texture>vehicles/french/tracks/AMX13_75_track_ANM.dds</Texture>
					</property>
					<property>
						diffuseMap
						<Texture>vehicles/french/tracks/AMX13_75_track_AM.dds</Texture>
					</property>
					<property>
						alphaReference
						<Int>64</Int>
					</property>
					<property>
						alphaTestEnable
						<Bool>true</Bool>
					</property>
					<property>
						doubleSided
						<Bool>true</Bool>
					</property>
					<property>
						g_useDetailMetallic
						<Bool>true</Bool>
					</property>
					<property>
						metallicDetailMap
						<Texture>vehicles/russian/Tank_detail/Details_map.dds</Texture>
					</property>
					<property>
						g_detailUVTiling
						<Vector4>2.805480 0.701370 0.000000 0.000000</Vector4>
					</property>
				</material>
				<groupOrigin>-1.072870 0.528207 -0.027680</groupOrigin>
			</primitiveGroup>
		</geometry>
	</renderSet>
	<renderSet>
		<treatAsWorldSpaceObject>true</treatAsWorldSpaceObject>
		<node>Track_L4_BlendBone</node>
		<node>V_BlendBone</node>
		<node>Track_L3_BlendBone</node>
		<node>Track_L2_BlendBone</node>
		<node>Track_L1_BlendBone</node>
		<node>Track_L0_BlendBone</node>
		<node>W_L0_BlendBone</node>
		<node>W_L1_BlendBone</node>
		<node>W_L2_BlendBone</node>
		<node>WD_L0_BlendBone</node>
		<node>WD_L1_BlendBone</node>
		<node>WD_L2_BlendBone</node>
		<node>WD_L3_BlendBone</node>
		<node>W_L4_BlendBone</node>
		<node>W_L3_BlendBone</node>
		<geometry>
			<vertices>exportChassL1_Shape.vertices</vertices>
			<primitive>exportChassL1_Shape.indices</primitive>
			<primitiveGroup>
				0
				<material>
					<identifier>tank_chassis_01_skinned</identifier>
					<collisionFlags>0</collisionFlags>
					<materialKind>0</materialKind>
					<fx>shaders/std_effects/PBS_tank_skinned.fx</fx>
					<property>
						metallicGlossMap
						<Texture>vehicles/french/F124_AMX_13FL11/AMX_13FL11_chassis_01_GMM.dds</Texture>
					</property>
					<property>
						normalMap
						<Texture>vehicles/french/F124_AMX_13FL11/AMX_13FL11_chassis_01_ANM.dds</Texture>
					</property>
					<property>
						diffuseMap
						<Texture>vehicles/french/F124_AMX_13FL11/AMX_13FL11_chassis_01_AM.dds</Texture>
					</property>
					<property>
						excludeMaskAndAOMap
						<Texture>vehicles/french/F124_AMX_13FL11/AMX_13FL11_chassis_01_AO.dds</Texture>
					</property>
					<property>
						colorIdMap
						<Texture>vehicles/russian/common/common_ID.dds</Texture>
					</property>
					<property>
						g_useDetailMetallic
						<Bool>true</Bool>
					</property>
					<property>
						metallicDetailMap
						<Texture>vehicles/russian/Tank_detail/Details_map.dds</Texture>
					</property>
					<property>
						g_detailUVTiling
						<Vector4>2.805480 1.402740 0.000000 0.000000</Vector4>
					</property>
				</material>
				<groupOrigin>-1.028849 0.538387 -0.041388</groupOrigin>
			</primitiveGroup>
		</geometry>
	</renderSet>
	<renderSet>
		<treatAsWorldSpaceObject>true</treatAsWorldSpaceObject>
		<node>Track_R4_BlendBone</node>
		<node>V_BlendBone</node>
		<node>Track_R3_BlendBone</node>
		<node>Track_R2_BlendBone</node>
		<node>Track_R1_BlendBone</node>
		<node>Track_R0_BlendBone</node>
		<node>W_R0_BlendBone</node>
		<node>W_R1_BlendBone</node>
		<node>W_R2_BlendBone</node>
		<node>WD_R0_BlendBone</node>
		<node>WD_R1_BlendBone</node>
		<node>WD_R2_BlendBone</node>
		<node>WD_R3_BlendBone</node>
		<node>W_R4_BlendBone</node>
		<node>W_R3_BlendBone</node>
		<geometry>
			<vertices>exportChassR1_Shape.vertices</vertices>
			<primitive>exportChassR1_Shape.indices</primitive>
			<primitiveGroup>
				0
				<material>
					<identifier>tank_chassis_01_skinned</identifier>
					<collisionFlags>0</collisionFlags>
					<materialKind>0</materialKind>
					<fx>shaders/std_effects/PBS_tank_skinned.fx</fx>
					<property>
						metallicGlossMap
						<Texture>vehicles/french/F124_AMX_13FL11/AMX_13FL11_chassis_01_GMM.dds</Texture>
					</property>
					<property>
						normalMap
						<Texture>vehicles/french/F124_AMX_13FL11/AMX_13FL11_chassis_01_ANM.dds</Texture>
					</property>
					<property>
						diffuseMap
						<Texture>vehicles/french/F124_AMX_13FL11/AMX_13FL11_chassis_01_AM.dds</Texture>
					</property>
					<property>
						excludeMaskAndAOMap
						<Texture>vehicles/french/F124_AMX_13FL11/AMX_13FL11_chassis_01_AO.dds</Texture>
					</property>
					<property>
						colorIdMap
						<Texture>vehicles/russian/common/common_ID.dds</Texture>
					</property>
					<property>
						g_useDetailMetallic
						<Bool>true</Bool>
					</property>
					<property>
						metallicDetailMap
						<Texture>vehicles/russian/Tank_detail/Details_map.dds</Texture>
					</property>
					<property>
						g_detailUVTiling
						<Vector4>2.805480 1.402740 0.000000 0.000000</Vector4>
					</property>
				</material>
				<groupOrigin>1.030178 0.538595 -0.041506</groupOrigin>
			</primitiveGroup>
		</geometry>
	</renderSet>
	<constraints/>
	<boundingBox>
		<min>-1.247927 0.000445 -2.409930</min>
		<max>1.247927 1.055968 2.465290</max>
	</boundingBox>
	<geometrySize>413896</geometrySize>
	<minUVDensity>0.032062</minUVDensity>
</root>
