<?xml version="1.0" encoding="utf-8"?>
<root>
	<node>
		<identifier>Scene Root</identifier>
		<transform>
			<row0>1.000000 0.000000 0.000000</row0>
			<row1>0.000000 1.000000 0.000000</row1>
			<row2>0.000000 0.000000 1.000000</row2>
			<row3>0.000000 0.000000 0.000000</row3>
		</transform>
		<node>
			<identifier>Group</identifier>
			<transform>
				<row0>1.000000 0.000000 0.000000</row0>
				<row1>0.000000 1.000000 0.000000</row1>
				<row2>0.000000 0.000000 1.000000</row2>
				<row3>0.000000 0.000000 0.000000</row3>
			</transform>
			<node>
				<identifier>DeformationSystem</identifier>
				<transform>
					<row0>1.000000 0.000000 0.000000</row0>
					<row1>0.000000 1.000000 0.000000</row1>
					<row2>0.000000 0.000000 1.000000</row2>
					<row3>0.000000 0.000000 0.000000</row3>
				</transform>
				<node>
					<identifier>Root_M</identifier>
					<transform>
						<row0>-0.000000 1.000000 0.000000</row0>
						<row1>0.000000 0.000000 -1.000000</row1>
						<row2>-1.000000 -0.000000 -0.000000</row2>
						<row3>-0.000882 0.513045 -0.213541</row3>
					</transform>
					<node>
						<identifier>Body_M</identifier>
						<transform>
							<row0>1.000000 -0.000000 0.000000</row0>
							<row1>0.000000 1.000000 0.000000</row1>
							<row2>-0.000000 0.000000 1.000000</row2>
							<row3>0.185720 -0.213541 -0.000883</row3>
						</transform>
						<node>
							<identifier>Body_M_BlendBone</identifier>
							<transform>
								<row0>-0.000000 0.000000 -1.000000</row0>
								<row1>1.000000 0.000000 -0.000000</row1>
								<row2>-0.000000 1.000000 0.000000</row2>
								<row3>-0.698765 -0.000000 0.000000</row3>
							</transform>
						</node>
					</node>
					<node>
						<identifier>backWheel_L</identifier>
						<transform>
							<row0>0.000000 0.000000 1.000000</row0>
							<row1>-0.992179 0.124825 0.000000</row1>
							<row2>-0.124825 -0.992179 0.000000</row2>
							<row3>-0.107985 -1.471399 -0.610430</row3>
						</transform>
						<node>
							<identifier>backWheel_L_BlendBone</identifier>
							<transform>
								<row0>-1.000000 -0.000000 -0.000000</row0>
								<row1>0.000000 -0.992179 -0.124825</row1>
								<row2>0.000000 0.124825 -0.992179</row2>
								<row3>0.609547 0.558905 -1.197458</row3>
							</transform>
						</node>
					</node>
					<node>
						<identifier>backWheel_R</identifier>
						<transform>
							<row0>0.000000 0.000000 1.000000</row0>
							<row1>0.991425 0.130680 -0.000000</row1>
							<row2>-0.130680 0.991425 0.000000</row2>
							<row3>-0.107984 -1.471399 0.608664</row3>
						</transform>
						<node>
							<identifier>backWheelEnd_R</identifier>
							<transform>
								<row0>1.000000 -0.000000 0.000000</row0>
								<row1>-0.000000 1.000000 0.000000</row1>
								<row2>0.000000 0.000000 1.000000</row2>
								<row3>0.386452 -0.000000 0.000000</row3>
							</transform>
							<node>
								<identifier>backWheelEnd_R_BlendBone</identifier>
								<transform>
									<row0>-1.000000 0.000000 0.000000</row0>
									<row1>0.000000 0.991425 -0.130680</row1>
									<row2>0.000000 0.130680 0.991425</row2>
									<row3>-0.995999 -0.237210 1.300005</row3>
								</transform>
							</node>
						</node>
						<node>
							<identifier>backWheel_R_BlendBone</identifier>
							<transform>
								<row0>-1.000000 0.000000 0.000000</row0>
								<row1>0.000000 0.991425 -0.130680</row1>
								<row2>0.000000 0.130680 0.991425</row2>
								<row3>-0.609547 -0.237210 1.300005</row3>
							</transform>
						</node>
					</node>
					<node>
						<identifier>frontWheel_L</identifier>
						<transform>
							<row0>0.000000 0.000000 1.000000</row0>
							<row1>-0.992862 0.119265 0.000000</row1>
							<row2>-0.119265 -0.992862 0.000000</row2>
							<row3>-0.089004 1.868564 -0.669896</row3>
						</transform>
						<node>
							<identifier>frontWheelEnd_L</identifier>
							<transform>
								<row0>1.000000 -0.000000 -0.000000</row0>
								<row1>0.000000 1.000000 -0.000000</row1>
								<row2>0.000000 0.000000 1.000000</row2>
								<row3>-0.121091 -0.000000 0.000000</row3>
							</transform>
							<node>
								<identifier>frontWheelEnd_L_BlendBone</identifier>
								<transform>
									<row0>-1.000000 -0.000000 -0.000000</row0>
									<row1>0.000000 -0.992862 -0.119265</row1>
									<row2>-0.000000 0.119265 -0.992862</row2>
									<row3>0.790104 0.172693 2.117817</row3>
								</transform>
							</node>
						</node>
						<node>
							<identifier>frontWheel_L_BlendBone</identifier>
							<transform>
								<row0>-1.000000 -0.000000 -0.000000</row0>
								<row1>0.000000 -0.992862 -0.119265</row1>
								<row2>0.000000 0.119265 -0.992862</row2>
								<row3>0.669013 0.172693 2.117817</row3>
							</transform>
						</node>
					</node>
					<node>
						<identifier>frontWheel_R</identifier>
						<transform>
							<row0>0.000000 0.000000 1.000000</row0>
							<row1>0.998071 0.062090 -0.000000</row1>
							<row2>-0.062090 0.998071 0.000000</row2>
							<row3>-0.089004 1.868564 0.668131</row3>
						</transform>
						<node>
							<identifier>frontWheelEnd_R</identifier>
							<transform>
								<row0>1.000000 -0.000000 0.000000</row0>
								<row1>-0.000000 1.000000 0.000000</row1>
								<row2>-0.000000 -0.000000 1.000000</row2>
								<row3>0.121090 0.000000 -0.000000</row3>
							</transform>
							<node>
								<identifier>frontWheelEnd_R_BlendBone</identifier>
								<transform>
									<row0>-1.000000 0.000000 0.000000</row0>
									<row1>0.000000 0.998071 -0.062090</row1>
									<row2>0.000000 0.062090 0.998071</row2>
									<row3>-0.790104 -0.552500 -2.051759</row3>
								</transform>
							</node>
						</node>
						<node>
							<identifier>frontWheel_R_BlendBone</identifier>
							<transform>
								<row0>-1.000000 0.000000 0.000000</row0>
								<row1>0.000000 0.998071 -0.062090</row1>
								<row2>0.000000 0.062090 0.998071</row2>
								<row3>-0.669014 -0.552500 -2.051759</row3>
							</transform>
						</node>
					</node>
					<node>
						<identifier>Root_M_BlendBone</identifier>
						<transform>
							<row0>-0.000000 0.000000 -1.000000</row0>
							<row1>1.000000 0.000000 -0.000000</row1>
							<row2>-0.000000 1.000000 0.000000</row2>
							<row3>-0.513045 -0.213541 -0.000882</row3>
						</transform>
					</node>
				</node>
			</node>
		</node>
	</node>
	<renderSet>
		<treatAsWorldSpaceObject>true</treatAsWorldSpaceObject>
		<node>Body_M_BlendBone</node>
		<node>backWheel_L_BlendBone</node>
		<node>backWheel_R_BlendBone</node>
		<node>frontWheel_R_BlendBone</node>
		<node>frontWheel_L_BlendBone</node>
		<geometry>
			<vertices>sShape0.vertices</vertices>
			<primitive>sShape0.indices</primitive>
			<primitiveGroup>
				0
				<material>
					<identifier>s_nd0_skinned</identifier>
					<fx>shaders/std_effects/PBS_ext_skinned.fx</fx>
					<materialKind>0</materialKind>
					<collisionFlags>255</collisionFlags>
					<property>
						diffuseMap
						<Texture>content/Hangars/h24_winter_hangar/Cars/hd_h24_GazMM_AM.dds</Texture>
					</property>
					<property>
						g_enableAO
						<Bool>true</Bool>
					</property>
					<property>
						metallicGlossMap
						<Texture>content/Hangars/h24_winter_hangar/Cars/hd_h24_GazMM_GMM.dds</Texture>
					</property>
					<property>
						normalMap
						<Texture>content/Hangars/h24_winter_hangar/Cars/hd_h24_GazMM_ANM.dds</Texture>
					</property>
				</material>
				<groupOrigin>0.000094 1.320449 0.008226</groupOrigin>
			</primitiveGroup>
		</geometry>
	</renderSet>
	<constraints/>
	<boundingBox>
		<min>-1.057775 -0.007789 -2.662380</min>
		<max>1.057963 2.648688 2.645928</max>
	</boundingBox>
	<geometrySize>241482</geometrySize>
	<minUVDensity>0.005053</minUVDensity>
</root>
