<?xml version="1.0" encoding="utf-8"?>
<root>
	<node>
		<identifier>Scene Root</identifier>
		<transform>
			<row0>1.000000 0.000000 0.000000</row0>
			<row1>0.000000 1.000000 0.000000</row1>
			<row2>0.000000 0.000000 1.000000</row2>
			<row3>0.000000 0.000000 0.000000</row3>
		</transform>
		<node>
			<identifier>Gun_Root</identifier>
			<transform>
				<row0>1.000000 0.000000 0.000000</row0>
				<row1>0.000000 1.000000 0.000000</row1>
				<row2>0.000000 0.000000 1.000000</row2>
				<row3>0.000000 0.000000 0.000000</row3>
			</transform>
			<node>
				<identifier>L_1</identifier>
				<transform>
					<row0>0.802281 -0.596946 0.000000</row0>
					<row1>0.596946 0.802281 0.000000</row1>
					<row2>0.000000 0.000000 1.000000</row2>
					<row3>-0.286948 0.163996 1.409521</row3>
				</transform>
				<node>
					<identifier>L_1_1</identifier>
					<transform>
						<row0>0.982863 0.071045 -0.170094</row0>
						<row1>-0.078801 0.996116 -0.039281</row1>
						<row2>0.166643 0.052012 0.984645</row2>
						<row3>-0.054494 -0.003472 -0.178372</row3>
					</transform>
					<node>
						<identifier>L_1_1_BlendBone</identifier>
						<transform>
							<row0>0.830943 0.531407 0.164743</row0>
							<row1>-0.529718 0.846205 -0.057749</row1>
							<row2>0.170094 0.039281 -0.984645</row2>
							<row3>0.588527 0.061238 -1.146240</row3>
						</transform>
					</node>
				</node>
				<node>
					<identifier>L_1_BlendBone</identifier>
					<transform>
						<row0>0.802281 0.596946 0.000000</row0>
						<row1>-0.596946 0.802281 0.000000</row1>
						<row2>0.000000 0.000000 -1.000000</row2>
						<row3>0.328110 0.039722 -1.409521</row3>
					</transform>
				</node>
			</node>
			<node>
				<identifier>L_1_2</identifier>
				<transform>
					<row0>0.851026 -0.505564 -0.141984</row0>
					<row1>0.504796 0.862113 -0.044080</row1>
					<row2>0.144692 -0.034160 0.988887</row2>
					<row3>-0.358384 0.202403 1.085698</row3>
				</transform>
				<node>
					<identifier>L_1_2_BlendBone</identifier>
					<transform>
						<row0>0.851026 0.504796 0.144692</row0>
						<row1>-0.505564 0.862113 -0.034160</row1>
						<row2>0.141984 0.044080 -0.988887</row2>
						<row3>0.561474 0.054274 -1.014863</row3>
					</transform>
				</node>
			</node>
			<node>
				<identifier>L_2</identifier>
				<transform>
					<row0>0.992861 -0.119267 -0.001730</row0>
					<row1>0.119113 0.990609 0.067121</row1>
					<row2>-0.006291 -0.066848 0.997743</row2>
					<row3>-0.346761 0.038756 1.409053</row3>
				</transform>
				<node>
					<identifier>L_2_1</identifier>
					<transform>
						<row0>0.991354 0.068177 -0.112111</row0>
						<row1>-0.076507 0.994483 -0.071759</row1>
						<row2>0.106600 0.079716 0.991101</row2>
						<row3>-0.050791 -0.006080 -0.178518</row3>
					</transform>
					<node>
						<identifier>L_2_1_BlendBone</identifier>
						<transform>
							<row0>0.993103 0.042947 0.109099</row0>
							<row1>-0.043205 0.999066 0.000000</row1>
							<row2>0.108997 0.004714 -0.994031</row2>
							<row3>0.530379 -0.027835 -1.179982</row3>
						</transform>
					</node>
				</node>
				<node>
					<identifier>L_2_BlendBone</identifier>
					<transform>
						<row0>0.992861 0.119113 -0.006291</row0>
						<row1>-0.119267 0.990609 -0.066848</row1>
						<row2>0.001730 -0.067121 -0.997743</row2>
						<row3>0.351346 -0.091665 -1.405464</row3>
					</transform>
				</node>
			</node>
			<node>
				<identifier>L_2_2</identifier>
				<transform>
					<row0>0.991126 -0.072966 -0.111111</row0>
					<row1>0.072593 0.997334 -0.007406</row1>
					<row2>0.111355 -0.000725 0.993780</row2>
					<row3>-0.413381 0.054236 1.084189</row3>
				</transform>
				<node>
					<identifier>L_2_2_BlendBone</identifier>
					<transform>
						<row0>0.991126 0.072593 0.111355</row0>
						<row1>-0.072966 0.997334 -0.000725</row1>
						<row2>0.111111 0.007406 -0.993780</row2>
						<row3>0.534135 -0.016053 -1.031375</row3>
					</transform>
				</node>
			</node>
			<node>
				<identifier>L_3</identifier>
				<transform>
					<row0>0.786056 -0.618156 -0.000427</row0>
					<row1>0.616034 0.783300 0.083331</row1>
					<row2>-0.051177 -0.065766 0.996522</row2>
					<row3>-0.368137 0.458741 -0.067912</row3>
				</transform>
				<node>
					<identifier>L_3_1</identifier>
					<transform>
						<row0>0.946920 0.123130 -0.296953</row0>
						<row1>-0.129450 0.991585 -0.001632</row1>
						<row2>0.294253 0.039986 0.954891</row2>
						<row3>-0.043197 -0.002904 -0.203337</row3>
					</transform>
					<node>
						<identifier>L_3_1_BlendBone</identifier>
						<transform>
							<row0>0.835381 0.509178 0.207063</row0>
							<row1>-0.469367 0.856835 -0.213372</row1>
							<row2>0.286064 -0.081058 -0.954776</row2>
							<row3>0.484306 -0.203157 0.445942</row3>
						</transform>
					</node>
				</node>
				<node>
					<identifier>L_3_BlendBone</identifier>
					<transform>
						<row0>0.786056 0.616034 -0.051177</row0>
						<row1>-0.618156 0.783300 -0.065766</row1>
						<row2>0.000427 -0.083331 -0.996522</row2>
						<row3>0.572921 -0.126887 0.079005</row3>
					</transform>
				</node>
			</node>
			<node>
				<identifier>L_3_2</identifier>
				<transform>
					<row0>0.857046 -0.508804 -0.081177</row0>
					<row1>0.513790 0.855769 0.060651</row1>
					<row2>0.038609 -0.093689 0.994853</row2>
					<row3>-0.398675 0.511789 -0.434142</row3>
				</transform>
				<node>
					<identifier>L_3_2_BlendBone</identifier>
					<transform>
						<row0>0.857047 0.513791 0.038609</row0>
						<row1>-0.508804 0.855769 -0.093689</row1>
						<row2>0.081177 -0.060651 -0.994853</row2>
						<row3>0.566842 -0.206807 0.495248</row3>
					</transform>
				</node>
			</node>
			<node>
				<identifier>L_4</identifier>
				<transform>
					<row0>0.927595 -0.373588 -0.000472</row0>
					<row1>0.373251 0.926704 0.043635</row1>
					<row2>-0.015865 -0.040652 0.999047</row2>
					<row3>-0.455960 0.314238 -0.075185</row3>
				</transform>
				<node>
					<identifier>L_4_1</identifier>
					<transform>
						<row0>0.989498 0.072005 -0.125333</row0>
						<row1>-0.078593 0.995730 -0.048432</row1>
						<row2>0.121311 0.057774 0.990932</row2>
						<row3>-0.020554 -0.006036 -0.206693</row3>
					</transform>
					<node>
						<identifier>L_4_1_BlendBone</identifier>
						<transform>
							<row0>0.946718 0.299524 0.118370</row0>
							<row1>-0.297843 0.954076 -0.032064</row1>
							<row2>0.122538 0.004900 -0.992452</row2>
							<row3>0.510913 -0.169221 0.346326</row3>
						</transform>
					</node>
				</node>
				<node>
					<identifier>L_4_BlendBone</identifier>
					<transform>
						<row0>0.927595 0.373251 -0.015865</row0>
						<row1>-0.373588 0.926704 -0.040652</row1>
						<row2>0.000472 -0.043635 -0.999048</row2>
						<row3>0.540306 -0.117738 0.080654</row3>
					</transform>
				</node>
			</node>
			<node>
				<identifier>L_4_2</identifier>
				<transform>
					<row0>0.959618 -0.281308 -0.000000</row0>
					<row1>0.281308 0.959618 0.000000</row1>
					<row2>0.000000 -0.000000 1.000000</row2>
					<row3>-0.473042 0.322400 -0.446084</row3>
				</transform>
				<node>
					<identifier>L_4_2_BlendBone</identifier>
					<transform>
						<row0>0.959618 0.281308 0.000000</row0>
						<row1>-0.281308 0.959618 -0.000000</row1>
						<row2>0.000000 0.000000 -1.000000</row2>
						<row3>0.544633 -0.176311 0.446084</row3>
					</transform>
				</node>
			</node>
			<node>
				<identifier>R_1</identifier>
				<transform>
					<row0>0.802281 0.596946 -0.000000</row0>
					<row1>0.596946 -0.802281 0.000000</row1>
					<row2>0.000000 -0.000000 -1.000000</row2>
					<row3>0.286948 0.164000 1.409520</row3>
				</transform>
				<node>
					<identifier>R_1_1</identifier>
					<transform>
						<row0>0.982863 0.071045 -0.170095</row0>
						<row1>-0.078801 0.996116 -0.039281</row1>
						<row2>0.166643 0.052012 0.984644</row2>
						<row3>0.054491 0.003476 0.178370</row3>
					</transform>
					<node>
						<identifier>R_1_1_BlendBone</identifier>
						<transform>
							<row0>0.830943 0.531407 0.164743</row0>
							<row1>0.529718 -0.846205 0.057749</row1>
							<row2>-0.170094 -0.039281 0.984645</row2>
							<row3>-0.588527 -0.061238 1.146240</row3>
						</transform>
					</node>
				</node>
				<node>
					<identifier>R_1_BlendBone</identifier>
					<transform>
						<row0>0.802281 0.596946 0.000000</row0>
						<row1>0.596946 -0.802281 -0.000000</row1>
						<row2>0.000000 -0.000000 1.000000</row2>
						<row3>-0.328112 -0.039719 1.409520</row3>
					</transform>
				</node>
			</node>
			<node>
				<identifier>R_1_2</identifier>
				<transform>
					<row0>0.851026 0.505564 0.141984</row0>
					<row1>0.504796 -0.862113 0.044080</row1>
					<row2>0.144692 0.034160 -0.988887</row2>
					<row3>0.358384 0.202400 1.085700</row3>
				</transform>
				<node>
					<identifier>R_1_2_BlendBone</identifier>
					<transform>
						<row0>0.851026 0.504796 0.144692</row0>
						<row1>0.505564 -0.862113 0.034160</row1>
						<row2>-0.141984 -0.044080 0.988887</row2>
						<row3>-0.561472 -0.054277 1.014866</row3>
					</transform>
				</node>
			</node>
			<node>
				<identifier>R_2</identifier>
				<transform>
					<row0>0.992861 0.119267 0.001730</row0>
					<row1>0.119113 -0.990609 -0.067121</row1>
					<row2>-0.006291 0.066848 -0.997743</row2>
					<row3>0.346761 0.038760 1.409050</row3>
				</transform>
				<node>
					<identifier>R_2_1</identifier>
					<transform>
						<row0>0.991354 0.068177 -0.112111</row0>
						<row1>-0.076507 0.994483 -0.071759</row1>
						<row2>0.106600 0.079716 0.991101</row2>
						<row3>0.050790 0.006088 0.178512</row3>
					</transform>
					<node>
						<identifier>R_2_1_BlendBone</identifier>
						<transform>
							<row0>0.993103 0.042947 0.109099</row0>
							<row1>0.043205 -0.999066 0.000000</row1>
							<row2>-0.108997 -0.004714 0.994031</row2>
							<row3>-0.530379 0.027831 1.179985</row3>
						</transform>
					</node>
				</node>
				<node>
					<identifier>R_2_BlendBone</identifier>
					<transform>
						<row0>0.992861 0.119113 -0.006291</row0>
						<row1>0.119267 -0.990609 0.066848</row1>
						<row2>-0.001730 0.067121 0.997743</row2>
						<row3>-0.351346 0.091669 1.405461</row3>
					</transform>
				</node>
			</node>
			<node>
				<identifier>R_2_2</identifier>
				<transform>
					<row0>0.991126 0.072966 0.111111</row0>
					<row1>0.072593 -0.997334 0.007406</row1>
					<row2>0.111355 0.000725 -0.993780</row2>
					<row3>0.413381 0.054240 1.084190</row3>
				</transform>
				<node>
					<identifier>R_2_2_BlendBone</identifier>
					<transform>
						<row0>0.991126 0.072593 0.111355</row0>
						<row1>0.072966 -0.997334 0.000725</row1>
						<row2>-0.111111 -0.007406 0.993780</row2>
						<row3>-0.534136 0.016057 1.031376</row3>
					</transform>
				</node>
			</node>
			<node>
				<identifier>R_3</identifier>
				<transform>
					<row0>0.786056 0.618156 0.000427</row0>
					<row1>0.616034 -0.783300 -0.083331</row1>
					<row2>-0.051177 0.065766 -0.996522</row2>
					<row3>0.368137 0.458740 -0.067911</row3>
				</transform>
				<node>
					<identifier>R_3_1</identifier>
					<transform>
						<row0>0.946920 0.123130 -0.296953</row0>
						<row1>-0.129450 0.991585 -0.001632</row1>
						<row2>0.294253 0.039986 0.954891</row2>
						<row3>0.043197 0.002905 0.203338</row3>
					</transform>
					<node>
						<identifier>R_3_1_BlendBone</identifier>
						<transform>
							<row0>0.835381 0.509178 0.207063</row0>
							<row1>0.469367 -0.856835 0.213372</row1>
							<row2>-0.286064 0.081058 0.954776</row2>
							<row3>-0.484306 0.203156 -0.445942</row3>
						</transform>
					</node>
				</node>
				<node>
					<identifier>R_3_BlendBone</identifier>
					<transform>
						<row0>0.786056 0.616034 -0.051177</row0>
						<row1>0.618156 -0.783300 0.065766</row1>
						<row2>-0.000427 0.083331 0.996522</row2>
						<row3>-0.572920 0.126887 -0.079004</row3>
					</transform>
				</node>
			</node>
			<node>
				<identifier>R_3_2</identifier>
				<transform>
					<row0>0.857046 0.508804 0.081177</row0>
					<row1>0.513790 -0.855769 -0.060651</row1>
					<row2>0.038609 0.093689 -0.994853</row2>
					<row3>0.398675 0.511790 -0.434142</row3>
				</transform>
				<node>
					<identifier>R_3_2_BlendBone</identifier>
					<transform>
						<row0>0.857047 0.513791 0.038609</row0>
						<row1>0.508804 -0.855769 0.093689</row1>
						<row2>-0.081177 0.060651 0.994853</row2>
						<row3>-0.566842 0.206807 -0.495249</row3>
					</transform>
				</node>
			</node>
			<node>
				<identifier>R_4</identifier>
				<transform>
					<row0>0.927595 0.373588 0.000472</row0>
					<row1>0.373251 -0.926704 -0.043635</row1>
					<row2>-0.015865 0.040652 -0.999047</row2>
					<row3>0.455960 0.314240 -0.075185</row3>
				</transform>
				<node>
					<identifier>R_4_1</identifier>
					<transform>
						<row0>0.989498 0.072005 -0.125333</row0>
						<row1>-0.078593 0.995730 -0.048432</row1>
						<row2>0.121311 0.057774 0.990932</row2>
						<row3>0.020554 0.006034 0.206693</row3>
					</transform>
					<node>
						<identifier>R_4_1_BlendBone</identifier>
						<transform>
							<row0>0.946718 0.299524 0.118370</row0>
							<row1>0.297843 -0.954076 0.032064</row1>
							<row2>-0.122538 -0.004900 0.992452</row2>
							<row3>-0.510914 0.169225 -0.346327</row3>
						</transform>
					</node>
				</node>
				<node>
					<identifier>R_4_BlendBone</identifier>
					<transform>
						<row0>0.927595 0.373251 -0.015865</row0>
						<row1>0.373588 -0.926704 0.040652</row1>
						<row2>-0.000472 0.043635 0.999048</row2>
						<row3>-0.540307 0.117739 -0.080654</row3>
					</transform>
				</node>
			</node>
			<node>
				<identifier>R_4_2</identifier>
				<transform>
					<row0>0.959618 0.281308 0.000000</row0>
					<row1>0.281308 -0.959618 -0.000000</row1>
					<row2>0.000000 0.000000 -1.000000</row2>
					<row3>0.473042 0.322400 -0.446084</row3>
				</transform>
				<node>
					<identifier>R_4_2_BlendBone</identifier>
					<transform>
						<row0>0.959618 0.281308 0.000000</row0>
						<row1>0.281308 -0.959618 0.000000</row1>
						<row2>-0.000000 0.000000 1.000000</row2>
						<row3>-0.544633 0.176310 -0.446084</row3>
					</transform>
				</node>
			</node>
		</node>
	</node>
	<renderSet>
		<treatAsWorldSpaceObject>true</treatAsWorldSpaceObject>
		<node>L_2_BlendBone</node>
		<node>R_2_BlendBone</node>
		<node>R_2_1_BlendBone</node>
		<node>L_3_BlendBone</node>
		<node>L_3_1_BlendBone</node>
		<node>L_3_2_BlendBone</node>
		<node>L_4_BlendBone</node>
		<node>L_4_1_BlendBone</node>
		<node>L_4_2_BlendBone</node>
		<node>R_3_BlendBone</node>
		<node>R_4_BlendBone</node>
		<node>R_3_1_BlendBone</node>
		<node>R_3_2_BlendBone</node>
		<node>L_1_BlendBone</node>
		<node>R_4_1_BlendBone</node>
		<node>R_4_2_BlendBone</node>
		<node>R_1_BlendBone</node>
		<node>R_1_1_BlendBone</node>
		<node>R_1_2_BlendBone</node>
		<geometry>
			<vertices>gun_01anim_Shape.vertices</vertices>
			<primitive>gun_01anim_Shape.indices</primitive>
			<primitiveGroup>
				0
				<material>
					<identifier>tank_guns_skinned</identifier>
					<fx>shaders/std_effects/PBS_tank_skinned.fx</fx>
					<materialKind>0</materialKind>
					<collisionFlags>0</collisionFlags>
					<property>
						diffuseMap
						<Texture>vehicles/american/A143_M_V_Y/_skins/A143_M_V_Y_3DSt/M_V_Y_3DSt_guns_AM.dds</Texture>
					</property>
					<property>
						excludeMaskAndAOMap
						<Texture>vehicles/american/A143_M_V_Y/_skins/A143_M_V_Y_3DSt/M_V_Y_3DSt_guns_AO.dds</Texture>
					</property>
					<property>
						metallicGlossMap
						<Texture>vehicles/american/A143_M_V_Y/_skins/A143_M_V_Y_3DSt/M_V_Y_3DSt_guns_GMM.dds</Texture>
					</property>
					<property>
						normalMap
						<Texture>vehicles/american/A143_M_V_Y/_skins/A143_M_V_Y_3DSt/M_V_Y_3DSt_guns_ANM.dds</Texture>
					</property>
				</material>
				<groupOrigin>0.000000 0.298084 -0.450493</groupOrigin>
			</primitiveGroup>
		</geometry>
	</renderSet>
	<constraints/>
	<boundingBox>
		<min>-0.535925 -0.006399 -0.512483</min>
		<max>0.535925 0.602568 1.413469</max>
	</boundingBox>
	<geometrySize>12012</geometrySize>
	<minUVDensity>0.025109</minUVDensity>
</root>
