<?xml version="1.0" encoding="utf-8"?>
<root>
	<node>
		<identifier>Scene Root</identifier>
		<transform>
			<row0>1.000000 0.000000 0.000000</row0>
			<row1>0.000000 1.000000 0.000000</row1>
			<row2>0.000000 0.000000 1.000000</row2>
			<row3>0.000000 0.000000 0.000000</row3>
		</transform>
		<node>
			<identifier>nodes_01</identifier>
			<transform>
				<row0>1.000000 0.000000 0.000000</row0>
				<row1>0.000000 1.000000 0.000000</row1>
				<row2>0.000000 0.000000 1.000000</row2>
				<row3>0.000000 0.000000 0.000000</row3>
			</transform>
			<node>
				<identifier>HP_Fire_1</identifier>
				<transform>
					<row0>1.000000 0.000000 0.000000</row0>
					<row1>0.000000 1.000000 0.000000</row1>
					<row2>0.000000 0.000000 1.000000</row2>
					<row3>0.000000 -0.149640 -2.099614</row3>
				</transform>
			</node>
			<node>
				<identifier>HP_Fire_2</identifier>
				<transform>
					<row0>1.000000 0.000000 0.000000</row0>
					<row1>0.000000 1.000000 0.000000</row1>
					<row2>0.000000 0.000000 1.000000</row2>
					<row3>0.000000 -0.149640 1.699358</row3>
				</transform>
			</node>
			<node>
				<identifier>HP_TrackUp_LFront</identifier>
				<transform>
					<row0>1.000000 0.000000 0.000000</row0>
					<row1>0.000000 0.610714 0.791852</row1>
					<row2>0.000000 -0.791852 0.610714</row2>
					<row3>-1.281209 0.125484 3.388992</row3>
				</transform>
			</node>
			<node>
				<identifier>HP_TrackUp_LRear</identifier>
				<transform>
					<row0>-1.000000 0.000000 0.000000</row0>
					<row1>0.000000 0.718115 -0.695925</row1>
					<row2>-0.000000 -0.695925 -0.718115</row2>
					<row3>-1.281209 -0.414621 -3.281630</row3>
				</transform>
			</node>
			<node>
				<identifier>HP_TrackUp_RFront</identifier>
				<transform>
					<row0>1.000000 0.000000 0.000000</row0>
					<row1>0.000000 0.610714 0.791852</row1>
					<row2>0.000000 -0.791852 0.610714</row2>
					<row3>1.280872 0.125484 3.388993</row3>
				</transform>
			</node>
			<node>
				<identifier>HP_TrackUp_RRear</identifier>
				<transform>
					<row0>-1.000000 0.000000 0.000000</row0>
					<row1>0.000000 0.718115 -0.695925</row1>
					<row2>-0.000000 -0.695925 -0.718115</row2>
					<row3>1.280872 -0.415023 -3.281171</row3>
				</transform>
			</node>
			<node>
				<identifier>HP_Track_Exhaus_1</identifier>
				<transform>
					<row0>-0.000000 0.876297 0.481771</row0>
					<row1>1.000000 0.000000 0.000000</row1>
					<row2>-0.000000 0.481771 -0.876297</row2>
					<row3>-0.610101 -0.076207 -3.587492</row3>
				</transform>
			</node>
			<node>
				<identifier>HP_Track_Exhaus_2</identifier>
				<transform>
					<row0>-0.000000 0.876297 0.481771</row0>
					<row1>1.000000 0.000000 0.000000</row1>
					<row2>-0.000000 0.481771 -0.876297</row2>
					<row3>0.609791 -0.076207 -3.587492</row3>
				</transform>
			</node>
			<node>
				<identifier>HP_turretJoint</identifier>
				<transform>
					<row0>1.000000 0.000000 0.000000</row0>
					<row1>0.000000 1.000000 0.000000</row1>
					<row2>0.000000 0.000000 1.000000</row2>
					<row3>-0.000000 0.508101 0.805154</row3>
				</transform>
			</node>
		</node>
	</node>
	<renderSet>
		<treatAsWorldSpaceObject>false</treatAsWorldSpaceObject>
		<node>Scene Root</node>
		<geometry>
			<vertices>vertices</vertices>
			<primitive>indices</primitive>
			<primitiveGroup>
				0
				<material>
					<identifier>tank_hull_01</identifier>
					<property>
						selfIllumination
						<Float>0.000000</Float>
					</property>
					<collisionFlags>0</collisionFlags>
					<materialKind>0</materialKind>
					<fx>shaders/std_effects/PBS_tank.fx</fx>
					<property>
						metallicGlossMap
						<Texture>vehicles/czech/Cz20_ShPTK_TVP_100_mm/_skins/Cz20_ShPTK_TVP_100_mm_3DSt_22MM/ShPTK_TVP_3DSt_hull_01_GMM.dds</Texture>
					</property>
					<property>
						normalMap
						<Texture>vehicles/czech/Cz20_ShPTK_TVP_100_mm/_skins/Cz20_ShPTK_TVP_100_mm_3DSt_22MM/ShPTK_TVP_3DSt_hull_01_ANM.dds</Texture>
					</property>
					<property>
						diffuseMap
						<Texture>vehicles/czech/Cz20_ShPTK_TVP_100_mm/_skins/Cz20_ShPTK_TVP_100_mm_3DSt_22MM/ShPTK_TVP_3DSt_hull_01_AM.dds</Texture>
					</property>
					<property>
						excludeMaskAndAOMap
						<Texture>vehicles/czech/Cz20_ShPTK_TVP_100_mm/_skins/Cz20_ShPTK_TVP_100_mm_3DSt_22MM/ShPTK_TVP_3DSt_hull_01_AO.dds</Texture>
					</property>
				</material>
				<groupOrigin>0.004695 -0.110127 -0.085837</groupOrigin>
			</primitiveGroup>
			<primitiveGroup>
				1
				<material>
					<identifier>tank_hull_01_2</identifier>
					<property>
						selfIllumination
						<Float>0.000000</Float>
					</property>
					<collisionFlags>0</collisionFlags>
					<materialKind>0</materialKind>
					<fx>shaders/std_effects/PBS_tank.fx</fx>
					<property>
						metallicGlossMap
						<Texture>vehicles/czech/Cz20_ShPTK_TVP_100_mm/_skins/Cz20_ShPTK_TVP_100_mm_3DSt_22MM/ShPTK_TVP_3DSt_hull_01_2_GMM.dds</Texture>
					</property>
					<property>
						normalMap
						<Texture>vehicles/czech/Cz20_ShPTK_TVP_100_mm/_skins/Cz20_ShPTK_TVP_100_mm_3DSt_22MM/ShPTK_TVP_3DSt_hull_01_2_ANM.dds</Texture>
					</property>
					<property>
						diffuseMap
						<Texture>vehicles/czech/Cz20_ShPTK_TVP_100_mm/_skins/Cz20_ShPTK_TVP_100_mm_3DSt_22MM/ShPTK_TVP_3DSt_hull_01_2_AM.dds</Texture>
					</property>
					<property>
						excludeMaskAndAOMap
						<Texture>vehicles/czech/Cz20_ShPTK_TVP_100_mm/_skins/Cz20_ShPTK_TVP_100_mm_3DSt_22MM/ShPTK_TVP_3DSt_hull_01_2_AO.dds</Texture>
					</property>
				</material>
				<groupOrigin>-0.012067 0.066104 -0.027100</groupOrigin>
			</primitiveGroup>
			<primitiveGroup>
				2
				<material>
					<identifier>tank_hull_01_3</identifier>
					<property>
						alphaReference
						<Int>64</Int>
					</property>
					<property>
						doubleSided
						<Bool>true</Bool>
					</property>
					<property>
						selfIllumination
						<Float>0.000000</Float>
					</property>
					<collisionFlags>0</collisionFlags>
					<materialKind>0</materialKind>
					<fx>shaders/std_effects/PBS_tank.fx</fx>
					<property>
						metallicGlossMap
						<Texture>vehicles/czech/Cz20_ShPTK_TVP_100_mm/_skins/Cz20_ShPTK_TVP_100_mm_3DSt_22MM/ShPTK_TVP_3DSt_hull_01_3_GMM.dds</Texture>
					</property>
					<property>
						normalMap
						<Texture>vehicles/czech/Cz20_ShPTK_TVP_100_mm/_skins/Cz20_ShPTK_TVP_100_mm_3DSt_22MM/ShPTK_TVP_3DSt_hull_01_3_ANM.dds</Texture>
					</property>
					<property>
						diffuseMap
						<Texture>vehicles/czech/Cz20_ShPTK_TVP_100_mm/_skins/Cz20_ShPTK_TVP_100_mm_3DSt_22MM/ShPTK_TVP_3DSt_hull_01_3_AM.dds</Texture>
					</property>
					<property>
						excludeMaskAndAOMap
						<Texture>vehicles/czech/Cz20_ShPTK_TVP_100_mm/_skins/Cz20_ShPTK_TVP_100_mm_3DSt_22MM/ShPTK_TVP_3DSt_hull_01_3_AO.dds</Texture>
					</property>
					<property>
						alphaTestEnable
						<Bool>true</Bool>
					</property>
				</material>
				<groupOrigin>0.035072 0.276538 -0.105427</groupOrigin>
			</primitiveGroup>
		</geometry>
	</renderSet>
	<boundingBox>
		<min>-1.676643 -0.890155 -3.632007</min>
		<max>1.717407 0.719018 3.472778</max>
	</boundingBox>
	<geometrySize>89808</geometrySize>
	<minUVDensity>0.002526</minUVDensity>
</root>
