<?xml version="1.0" encoding="utf-8"?>
<root>
	<node>
		<identifier>Scene Root</identifier>
		<transform>
			<row0>1.000000 0.000000 0.000000</row0>
			<row1>0.000000 1.000000 0.000000</row1>
			<row2>0.000000 0.000000 1.000000</row2>
			<row3>0.000000 0.000000 0.000000</row3>
		</transform>
		<node>
			<identifier>nodes_01</identifier>
			<transform>
				<row0>1.000000 0.000000 0.000000</row0>
				<row1>0.000000 1.000000 0.000000</row1>
				<row2>0.000000 0.000000 1.000000</row2>
				<row3>0.000000 0.000000 0.000000</row3>
			</transform>
			<node>
				<identifier>HP_Track_LFront</identifier>
				<transform>
					<row0>1.000000 0.000000 0.000000</row0>
					<row1>0.000000 0.993847 -0.110758</row1>
					<row2>0.000000 0.110758 0.993847</row2>
					<row3>-1.298901 0.000000 2.187855</row3>
				</transform>
			</node>
			<node>
				<identifier>HP_Track_LRear</identifier>
				<transform>
					<row0>-1.000000 0.000000 0.000000</row0>
					<row1>0.000000 0.994751 0.102324</row1>
					<row2>-0.000000 0.102324 -0.994751</row2>
					<row3>-1.298901 0.000942 -2.116951</row3>
				</transform>
			</node>
			<node>
				<identifier>HP_Track_RFront</identifier>
				<transform>
					<row0>1.000000 0.000000 0.000000</row0>
					<row1>0.000000 0.993847 -0.110758</row1>
					<row2>0.000000 0.110758 0.993847</row2>
					<row3>1.298901 0.000000 2.187855</row3>
				</transform>
			</node>
			<node>
				<identifier>HP_Track_RRear</identifier>
				<transform>
					<row0>-1.000000 0.000000 0.000000</row0>
					<row1>0.000000 0.994751 0.102324</row1>
					<row2>-0.000000 0.102324 -0.994751</row2>
					<row3>1.298901 0.000942 -2.116951</row3>
				</transform>
			</node>
			<node>
				<identifier>HP_gui</identifier>
				<transform>
					<row0>1.000000 0.000000 0.000000</row0>
					<row1>0.000000 0.000000 -1.000000</row1>
					<row2>0.000000 1.000000 0.000000</row2>
					<row3>0.000000 3.364254 0.000063</row3>
				</transform>
			</node>
			<node>
				<identifier>Tank</identifier>
				<transform>
					<row0>1.000000 0.000000 0.000000</row0>
					<row1>0.000000 1.000000 0.000000</row1>
					<row2>0.000000 0.000000 1.000000</row2>
					<row3>0.000000 0.000000 0.670756</row3>
				</transform>
				<node>
					<identifier>V</identifier>
					<transform>
						<row0>1.000000 0.000000 0.000000</row0>
						<row1>0.000000 1.000000 0.000000</row1>
						<row2>0.000000 0.000000 1.000000</row2>
						<row3>0.000000 0.503458 0.003473</row3>
					</transform>
					<node>
						<identifier>Lever_Start_L0</identifier>
						<transform>
							<row0>1.000000 -0.000000 0.000000</row0>
							<row1>0.000000 0.990059 -0.140654</row1>
							<row2>-0.000000 0.140654 0.990059</row2>
							<row3>-1.298901 0.053105 2.115063</row3>
						</transform>
						<node>
							<identifier>Lever_Joint_L0</identifier>
							<transform>
								<row0>1.000000 0.000000 -0.000000</row0>
								<row1>-0.000000 0.989958 0.141364</row1>
								<row2>-0.000000 -0.141364 0.989958</row2>
								<row3>0.000000 0.000000 -0.604994</row3>
							</transform>
							<node>
								<identifier>Track_L0</identifier>
								<transform>
									<row0>1.000000 -0.000000 -0.000000</row0>
									<row1>0.000000 1.000000 0.000000</row1>
									<row2>-0.000000 0.000000 1.000000</row2>
									<row3>0.000000 -0.471631 0.000040</row3>
								</transform>
								<node>
									<identifier>Track_L0_BlendBone</identifier>
									<transform>
										<row0>1.000000 0.000000 -0.000000</row0>
										<row1>-0.000000 1.000000 -0.000718</row1>
										<row2>-0.000000 -0.000718 -1.000000</row2>
										<row3>1.298901 -0.001410 -2.190014</row3>
									</transform>
								</node>
							</node>
							<node>
								<identifier>W_L0</identifier>
								<transform>
									<row0>1.000000 -0.000000 -0.000000</row0>
									<row1>0.000000 1.000000 0.000000</row1>
									<row2>-0.000000 0.000000 1.000000</row2>
									<row3>0.000000 0.000000 0.000000</row3>
								</transform>
								<node>
									<identifier>W_L0_BlendBone</identifier>
									<transform>
										<row0>1.000000 0.000000 -0.000000</row0>
										<row1>-0.000000 1.000000 -0.000718</row1>
										<row2>-0.000000 -0.000718 -1.000000</row2>
										<row3>1.298901 -0.473040 -2.189974</row3>
									</transform>
								</node>
							</node>
						</node>
						<node>
							<identifier>Lever_Start_L0_BlendBone</identifier>
							<transform>
								<row0>1.000000 0.000000 -0.000000</row0>
								<row1>-0.000000 0.990059 0.140654</row1>
								<row2>-0.000000 0.140654 -0.990059</row2>
								<row3>1.298901 -0.158706 -2.839846</row3>
							</transform>
						</node>
					</node>
					<node>
						<identifier>Lever_Start_L1</identifier>
						<transform>
							<row0>1.000000 -0.000000 0.000000</row0>
							<row1>0.000000 0.996881 -0.078921</row1>
							<row2>-0.000000 0.078921 0.996881</row2>
							<row3>-1.298901 0.003128 1.094664</row3>
						</transform>
						<node>
							<identifier>Lever_Joint_L1</identifier>
							<transform>
								<row0>1.000000 -0.000000 0.000000</row0>
								<row1>-0.000000 0.996873 0.079024</row1>
								<row2>-0.000000 -0.079024 0.996873</row2>
								<row3>0.000000 0.000000 -0.438664</row3>
							</transform>
							<node>
								<identifier>Track_L1</identifier>
								<transform>
									<row0>1.000000 0.000000 0.000000</row0>
									<row1>0.000000 1.000000 0.000000</row1>
									<row2>0.000000 -0.000000 1.000000</row2>
									<row3>0.000000 -0.471631 0.000040</row3>
								</transform>
								<node>
									<identifier>Track_L1_BlendBone</identifier>
									<transform>
										<row0>1.000000 0.000000 -0.000000</row0>
										<row1>-0.000000 1.000000 -0.000103</row1>
										<row2>-0.000000 -0.000103 -1.000000</row2>
										<row3>1.298901 -0.000472 -1.331588</row3>
									</transform>
								</node>
							</node>
							<node>
								<identifier>W_L1</identifier>
								<transform>
									<row0>1.000000 0.000000 0.000000</row0>
									<row1>0.000000 1.000000 0.000000</row1>
									<row2>0.000000 -0.000000 1.000000</row2>
									<row3>0.000000 -0.000000 0.000000</row3>
								</transform>
								<node>
									<identifier>W_L1_BlendBone</identifier>
									<transform>
										<row0>1.000000 0.000000 -0.000000</row0>
										<row1>-0.000000 1.000000 -0.000103</row1>
										<row2>-0.000000 -0.000103 -1.000000</row2>
										<row3>1.298901 -0.472103 -1.331548</row3>
									</transform>
								</node>
							</node>
						</node>
						<node>
							<identifier>Lever_Start_L1_BlendBone</identifier>
							<transform>
								<row0>1.000000 0.000000 -0.000000</row0>
								<row1>-0.000000 0.996881 0.078921</row1>
								<row2>-0.000000 0.078921 -0.996881</row2>
								<row3>1.298901 -0.365402 -1.803355</row3>
							</transform>
						</node>
					</node>
					<node>
						<identifier>Lever_Start_L2</identifier>
						<transform>
							<row0>1.000000 0.000000 0.000000</row0>
							<row1>-0.000000 0.996665 -0.081599</row1>
							<row2>-0.000000 0.081599 0.996665</row2>
							<row3>-1.298901 0.003485 0.234664</row3>
						</transform>
						<node>
							<identifier>Lever_Joint_L2</identifier>
							<transform>
								<row0>1.000000 -0.000000 0.000000</row0>
								<row1>-0.000000 0.996227 0.086784</row1>
								<row2>-0.000000 -0.086784 0.996227</row2>
								<row3>-0.000000 0.000000 -0.438674</row3>
							</transform>
							<node>
								<identifier>Track_L2</identifier>
								<transform>
									<row0>1.000000 -0.000000 -0.000000</row0>
									<row1>0.000000 1.000000 0.000000</row1>
									<row2>-0.000000 -0.000000 1.000000</row2>
									<row3>0.000000 -0.471631 -0.000099</row3>
								</transform>
								<node>
									<identifier>Track_L2_BlendBone</identifier>
									<transform>
										<row0>1.000000 -0.000000 -0.000000</row0>
										<row1>0.000000 0.999986 -0.005204</row1>
										<row2>-0.000000 -0.005204 -0.999986</row2>
										<row3>1.298901 -0.001965 -0.469123</row3>
									</transform>
								</node>
							</node>
							<node>
								<identifier>W_L2</identifier>
								<transform>
									<row0>1.000000 -0.000000 -0.000000</row0>
									<row1>0.000000 1.000000 0.000000</row1>
									<row2>-0.000000 -0.000000 1.000000</row2>
									<row3>0.000000 0.000000 0.000000</row3>
								</transform>
								<node>
									<identifier>W_L2_BlendBone</identifier>
									<transform>
										<row0>1.000000 -0.000000 -0.000000</row0>
										<row1>0.000000 0.999986 -0.005204</row1>
										<row2>-0.000000 -0.005204 -0.999986</row2>
										<row3>1.298901 -0.473595 -0.469222</row3>
									</transform>
								</node>
							</node>
						</node>
						<node>
							<identifier>Lever_Start_L2_BlendBone</identifier>
							<transform>
								<row0>1.000000 -0.000000 -0.000000</row0>
								<row1>0.000000 0.996665 0.081599</row1>
								<row2>-0.000000 0.081599 -0.996665</row2>
								<row3>1.298901 -0.431087 -0.947227</row3>
							</transform>
						</node>
					</node>
					<node>
						<identifier>Lever_Start_L3</identifier>
						<transform>
							<row0>1.000000 0.000000 0.000000</row0>
							<row1>-0.000000 0.996675 -0.081483</row1>
							<row2>-0.000000 0.081483 0.996675</row2>
							<row3>-1.298901 0.003485 -0.625337</row3>
						</transform>
						<node>
							<identifier>Lever_Joint_L3</identifier>
							<transform>
								<row0>1.000000 -0.000000 0.000000</row0>
								<row1>0.000000 0.996297 0.085975</row1>
								<row2>0.000000 -0.085975 0.996297</row2>
								<row3>-0.000000 -0.000000 -0.438686</row3>
							</transform>
							<node>
								<identifier>Track_L3</identifier>
								<transform>
									<row0>1.000000 -0.000000 -0.000000</row0>
									<row1>0.000000 1.000000 0.000000</row1>
									<row2>0.000000 0.000000 1.000000</row2>
									<row3>0.000000 -0.471631 -0.000099</row3>
								</transform>
								<node>
									<identifier>Track_L3_BlendBone</identifier>
									<transform>
										<row0>1.000000 -0.000000 -0.000000</row0>
										<row1>0.000000 0.999990 -0.004508</row1>
										<row2>-0.000000 -0.004508 -0.999990</row2>
										<row3>1.298902 0.002188 0.390554</row3>
									</transform>
								</node>
							</node>
							<node>
								<identifier>W_L3</identifier>
								<transform>
									<row0>1.000000 -0.000000 -0.000000</row0>
									<row1>0.000000 1.000000 0.000000</row1>
									<row2>0.000000 0.000000 1.000000</row2>
									<row3>0.000000 0.000000 0.000000</row3>
								</transform>
								<node>
									<identifier>W_L3_BlendBone</identifier>
									<transform>
										<row0>1.000000 -0.000000 -0.000000</row0>
										<row1>0.000000 0.999990 -0.004508</row1>
										<row2>-0.000000 -0.004508 -0.999990</row2>
										<row3>1.298901 -0.469442 0.390455</row3>
									</transform>
								</node>
							</node>
						</node>
						<node>
							<identifier>Lever_Start_L3_BlendBone</identifier>
							<transform>
								<row0>1.000000 -0.000000 -0.000000</row0>
								<row1>0.000000 0.996675 0.081483</row1>
								<row2>-0.000000 0.081483 -0.996675</row2>
								<row3>1.298901 -0.501273 -0.090037</row3>
							</transform>
						</node>
					</node>
					<node>
						<identifier>Lever_Start_L4</identifier>
						<transform>
							<row0>1.000000 0.000000 0.000000</row0>
							<row1>-0.000000 0.996762 -0.080406</row1>
							<row2>-0.000000 0.080406 0.996762</row2>
							<row3>-1.298901 0.003485 -1.503336</row3>
						</transform>
						<node>
							<identifier>Lever_Joint_L4</identifier>
							<transform>
								<row0>1.000000 -0.000000 0.000000</row0>
								<row1>0.000000 0.996404 0.084731</row1>
								<row2>0.000000 -0.084731 0.996404</row2>
								<row3>-0.000000 0.000000 -0.438610</row3>
							</transform>
							<node>
								<identifier>Track_L4</identifier>
								<transform>
									<row0>1.000000 -0.000000 -0.000000</row0>
									<row1>0.000000 1.000000 0.000000</row1>
									<row2>0.000000 0.000000 1.000000</row2>
									<row3>0.000000 -0.471631 -0.000099</row3>
								</transform>
								<node>
									<identifier>Track_L4_BlendBone</identifier>
									<transform>
										<row0>1.000000 -0.000000 -0.000000</row0>
										<row1>0.000000 0.999991 -0.004340</row1>
										<row2>-0.000000 -0.004340 -0.999991</row2>
										<row3>1.298902 0.005455 1.268432</row3>
									</transform>
								</node>
							</node>
							<node>
								<identifier>W_L4</identifier>
								<transform>
									<row0>1.000000 -0.000000 -0.000000</row0>
									<row1>0.000000 1.000000 0.000000</row1>
									<row2>0.000000 0.000000 1.000000</row2>
									<row3>0.000000 -0.000000 0.000000</row3>
								</transform>
								<node>
									<identifier>W_L4_BlendBone</identifier>
									<transform>
										<row0>1.000000 -0.000000 -0.000000</row0>
										<row1>0.000000 0.999991 -0.004340</row1>
										<row2>-0.000000 -0.004340 -0.999991</row2>
										<row3>1.298902 -0.466176 1.268333</row3>
									</transform>
								</node>
							</node>
						</node>
						<node>
							<identifier>Lever_Start_L4_BlendBone</identifier>
							<transform>
								<row0>1.000000 -0.000000 -0.000000</row0>
								<row1>0.000000 0.996762 0.080406</row1>
								<row2>-0.000000 0.080406 -0.996762</row2>
								<row3>1.298901 -0.571967 0.785662</row3>
							</transform>
						</node>
					</node>
					<node>
						<identifier>Lever_Start_L5</identifier>
						<transform>
							<row0>1.000000 0.000000 0.000000</row0>
							<row1>-0.000000 0.998335 -0.057682</row1>
							<row2>-0.000000 0.057682 0.998335</row2>
							<row3>-1.298901 0.003485 -2.197948</row3>
						</transform>
						<node>
							<identifier>Lever_Joint_L5</identifier>
							<transform>
								<row0>1.000000 -0.000000 0.000000</row0>
								<row1>0.000000 0.998207 0.059863</row1>
								<row2>0.000000 -0.059863 0.998207</row2>
								<row3>-0.000000 -0.000001 -0.603995</row3>
							</transform>
							<node>
								<identifier>Track_L5</identifier>
								<transform>
									<row0>1.000000 0.000000 0.000000</row0>
									<row1>-0.000000 1.000000 0.000000</row1>
									<row2>0.000000 0.000000 1.000000</row2>
									<row3>0.000000 -0.471631 -0.000099</row3>
								</transform>
								<node>
									<identifier>Track_L5_BlendBone</identifier>
									<transform>
										<row0>1.000000 -0.000000 -0.000000</row0>
										<row1>0.000000 0.999998 -0.002184</row1>
										<row2>-0.000000 -0.002184 -0.999998</row2>
										<row3>1.298902 0.004174 2.127834</row3>
									</transform>
								</node>
							</node>
							<node>
								<identifier>W_L5</identifier>
								<transform>
									<row0>1.000000 0.000000 0.000000</row0>
									<row1>-0.000000 1.000000 0.000000</row1>
									<row2>0.000000 0.000000 1.000000</row2>
									<row3>0.000000 -0.000000 0.000000</row3>
								</transform>
								<node>
									<identifier>W_L5_BlendBone</identifier>
									<transform>
										<row0>1.000000 -0.000000 -0.000000</row0>
										<row1>0.000000 0.999998 -0.002184</row1>
										<row2>-0.000000 -0.002184 -0.999998</row2>
										<row3>1.298902 -0.467456 2.127735</row3>
									</transform>
								</node>
							</node>
						</node>
						<node>
							<identifier>Lever_Start_L5_BlendBone</identifier>
							<transform>
								<row0>1.000000 -0.000000 -0.000000</row0>
								<row1>0.000000 0.998335 0.057682</row1>
								<row2>-0.000000 0.057682 -0.998335</row2>
								<row3>1.298902 -0.593990 1.491941</row3>
							</transform>
						</node>
					</node>
					<node>
						<identifier>Lever_Start_R0</identifier>
						<transform>
							<row0>1.000000 -0.000000 -0.000000</row0>
							<row1>0.000000 0.990088 -0.140449</row1>
							<row2>0.000000 0.140449 0.990088</row2>
							<row3>1.298901 0.053105 2.115064</row3>
						</transform>
						<node>
							<identifier>Lever_Joint_R0</identifier>
							<transform>
								<row0>1.000000 -0.000000 -0.000000</row0>
								<row1>0.000000 0.993467 0.114119</row1>
								<row2>0.000000 -0.114119 0.993467</row2>
								<row3>0.000000 0.000000 -0.605139</row3>
							</transform>
							<node>
								<identifier>Track_R0</identifier>
								<transform>
									<row0>1.000000 -0.000000 -0.000000</row0>
									<row1>0.000000 1.000000 0.000000</row1>
									<row2>-0.000000 -0.000000 1.000000</row2>
									<row3>-0.000000 -0.471344 -0.012013</row3>
								</transform>
								<node>
									<identifier>Track_R0_BlendBone</identifier>
									<transform>
										<row0>1.000000 0.000000 0.000000</row0>
										<row1>-0.000000 0.999648 0.026544</row1>
										<row2>0.000000 0.026544 -0.999648</row2>
										<row3>-1.298901 0.058074 -2.189885</row3>
									</transform>
								</node>
							</node>
							<node>
								<identifier>W_R0</identifier>
								<transform>
									<row0>1.000000 -0.000000 -0.000000</row0>
									<row1>0.000000 1.000000 0.000000</row1>
									<row2>-0.000000 -0.000000 1.000000</row2>
									<row3>-0.000000 -0.000000 -0.000000</row3>
								</transform>
								<node>
									<identifier>W_R0_BlendBone</identifier>
									<transform>
										<row0>1.000000 0.000000 0.000000</row0>
										<row1>-0.000000 0.999648 0.026544</row1>
										<row2>0.000000 0.026544 -0.999648</row2>
										<row3>-1.298901 -0.413270 -2.201898</row3>
									</transform>
								</node>
							</node>
							<node>
								<identifier>Lever_Joint_R0_BlendBone</identifier>
								<transform>
									<row0>1.000000 0.000000 0.000000</row0>
									<row1>-0.000000 0.999648 0.026544</row1>
									<row2>0.000000 0.026544 -0.999648</row2>
									<row3>-1.298901 -0.413270 -2.201898</row3>
								</transform>
							</node>
						</node>
						<node>
							<identifier>Lever_Start_R0_BlendBone</identifier>
							<transform>
								<row0>1.000000 0.000000 0.000000</row0>
								<row1>-0.000000 0.990088 0.140449</row1>
								<row2>0.000000 0.140449 -0.990088</row2>
								<row3>-1.298900 -0.159292 -2.839813</row3>
							</transform>
						</node>
					</node>
					<node>
						<identifier>Lever_Start_R1</identifier>
						<transform>
							<row0>1.000000 -0.000000 0.000000</row0>
							<row1>0.000000 0.996881 -0.078921</row1>
							<row2>-0.000000 0.078921 0.996881</row2>
							<row3>1.298901 0.003128 1.094664</row3>
						</transform>
						<node>
							<identifier>Lever_Joint_R1</identifier>
							<transform>
								<row0>1.000000 0.000000 -0.000000</row0>
								<row1>-0.000000 0.996873 0.079024</row1>
								<row2>-0.000000 -0.079024 0.996873</row2>
								<row3>0.000000 0.000000 -0.438664</row3>
							</transform>
							<node>
								<identifier>Track_R1</identifier>
								<transform>
									<row0>1.000000 -0.000000 -0.000000</row0>
									<row1>0.000000 1.000000 -0.000000</row1>
									<row2>0.000000 -0.000000 1.000000</row2>
									<row3>0.000000 -0.471631 0.000040</row3>
								</transform>
								<node>
									<identifier>Track_R1_BlendBone</identifier>
									<transform>
										<row0>1.000000 0.000000 -0.000000</row0>
										<row1>-0.000000 1.000000 -0.000103</row1>
										<row2>-0.000000 -0.000103 -1.000000</row2>
										<row3>-1.298902 -0.000472 -1.331587</row3>
									</transform>
								</node>
							</node>
							<node>
								<identifier>W_R1</identifier>
								<transform>
									<row0>1.000000 -0.000000 -0.000000</row0>
									<row1>0.000000 1.000000 -0.000000</row1>
									<row2>0.000000 -0.000000 1.000000</row2>
									<row3>0.000000 0.000000 0.000000</row3>
								</transform>
								<node>
									<identifier>W_R1_BlendBone</identifier>
									<transform>
										<row0>1.000000 0.000000 -0.000000</row0>
										<row1>-0.000000 1.000000 -0.000103</row1>
										<row2>-0.000000 -0.000103 -1.000000</row2>
										<row3>-1.298902 -0.472103 -1.331547</row3>
									</transform>
								</node>
							</node>
							<node>
								<identifier>Lever_Joint_R1_BlendBone</identifier>
								<transform>
									<row0>1.000000 0.000000 -0.000000</row0>
									<row1>-0.000000 1.000000 -0.000103</row1>
									<row2>-0.000000 -0.000103 -1.000000</row2>
									<row3>-1.298902 -0.472103 -1.331547</row3>
								</transform>
							</node>
						</node>
						<node>
							<identifier>Lever_Start_R1_BlendBone</identifier>
							<transform>
								<row0>1.000000 0.000000 -0.000000</row0>
								<row1>-0.000000 0.996881 0.078921</row1>
								<row2>-0.000000 0.078921 -0.996881</row2>
								<row3>-1.298902 -0.365402 -1.803355</row3>
							</transform>
						</node>
					</node>
					<node>
						<identifier>Lever_Start_R2</identifier>
						<transform>
							<row0>1.000000 -0.000000 -0.000000</row0>
							<row1>0.000000 0.996665 -0.081599</row1>
							<row2>0.000000 0.081599 0.996665</row2>
							<row3>1.298901 0.003485 0.234664</row3>
						</transform>
						<node>
							<identifier>Lever_Joint_R2</identifier>
							<transform>
								<row0>1.000000 0.000000 0.000000</row0>
								<row1>-0.000000 0.996227 0.086784</row1>
								<row2>0.000000 -0.086784 0.996227</row2>
								<row3>0.000000 0.000000 -0.438674</row3>
							</transform>
							<node>
								<identifier>Track_R2</identifier>
								<transform>
									<row0>1.000000 -0.000000 0.000000</row0>
									<row1>-0.000000 1.000000 0.000000</row1>
									<row2>0.000000 0.000000 1.000000</row2>
									<row3>0.000000 -0.471631 -0.000099</row3>
								</transform>
								<node>
									<identifier>Track_R2_BlendBone</identifier>
									<transform>
										<row0>1.000000 0.000000 0.000000</row0>
										<row1>-0.000000 0.999986 -0.005204</row1>
										<row2>0.000000 -0.005204 -0.999986</row2>
										<row3>-1.298901 -0.001965 -0.469123</row3>
									</transform>
								</node>
							</node>
							<node>
								<identifier>W_R2</identifier>
								<transform>
									<row0>1.000000 -0.000000 0.000000</row0>
									<row1>-0.000000 1.000000 0.000000</row1>
									<row2>0.000000 0.000000 1.000000</row2>
									<row3>0.000000 0.000000 0.000000</row3>
								</transform>
								<node>
									<identifier>W_R2_BlendBone</identifier>
									<transform>
										<row0>1.000000 0.000000 0.000000</row0>
										<row1>-0.000000 0.999986 -0.005204</row1>
										<row2>0.000000 -0.005204 -0.999986</row2>
										<row3>-1.298901 -0.473595 -0.469222</row3>
									</transform>
								</node>
							</node>
							<node>
								<identifier>Lever_Joint_R2_BlendBone</identifier>
								<transform>
									<row0>1.000000 0.000000 0.000000</row0>
									<row1>-0.000000 0.999986 -0.005204</row1>
									<row2>0.000000 -0.005204 -0.999986</row2>
									<row3>-1.298901 -0.473595 -0.469222</row3>
								</transform>
							</node>
						</node>
						<node>
							<identifier>Lever_Start_R2_BlendBone</identifier>
							<transform>
								<row0>1.000000 0.000000 0.000000</row0>
								<row1>-0.000000 0.996665 0.081599</row1>
								<row2>0.000000 0.081599 -0.996665</row2>
								<row3>-1.298901 -0.431087 -0.947227</row3>
							</transform>
						</node>
					</node>
					<node>
						<identifier>Lever_Start_R3</identifier>
						<transform>
							<row0>1.000000 -0.000000 -0.000000</row0>
							<row1>0.000000 0.996675 -0.081483</row1>
							<row2>0.000000 0.081483 0.996675</row2>
							<row3>1.298901 0.003485 -0.625337</row3>
						</transform>
						<node>
							<identifier>Lever_Joint_R3</identifier>
							<transform>
								<row0>1.000000 0.000000 0.000000</row0>
								<row1>-0.000000 0.996297 0.085975</row1>
								<row2>0.000000 -0.085975 0.996297</row2>
								<row3>0.000000 0.000000 -0.438686</row3>
							</transform>
							<node>
								<identifier>Track_R3</identifier>
								<transform>
									<row0>1.000000 0.000000 0.000000</row0>
									<row1>-0.000000 1.000000 -0.000000</row1>
									<row2>0.000000 0.000000 1.000000</row2>
									<row3>0.000000 -0.471631 -0.000099</row3>
								</transform>
								<node>
									<identifier>Track_R3_BlendBone</identifier>
									<transform>
										<row0>1.000000 0.000000 0.000000</row0>
										<row1>-0.000000 0.999990 -0.004508</row1>
										<row2>0.000000 -0.004508 -0.999990</row2>
										<row3>-1.298902 0.002189 0.390554</row3>
									</transform>
								</node>
							</node>
							<node>
								<identifier>W_R3</identifier>
								<transform>
									<row0>1.000000 0.000000 0.000000</row0>
									<row1>-0.000000 1.000000 -0.000000</row1>
									<row2>0.000000 0.000000 1.000000</row2>
									<row3>0.000000 0.000000 0.000000</row3>
								</transform>
								<node>
									<identifier>W_R3_BlendBone</identifier>
									<transform>
										<row0>1.000000 0.000000 0.000000</row0>
										<row1>-0.000000 0.999990 -0.004508</row1>
										<row2>0.000000 -0.004508 -0.999990</row2>
										<row3>-1.298901 -0.469442 0.390455</row3>
									</transform>
								</node>
							</node>
							<node>
								<identifier>Lever_Joint_R3_BlendBone</identifier>
								<transform>
									<row0>1.000000 0.000000 0.000000</row0>
									<row1>-0.000000 0.999990 -0.004508</row1>
									<row2>0.000000 -0.004508 -0.999990</row2>
									<row3>-1.298901 -0.469442 0.390455</row3>
								</transform>
							</node>
						</node>
						<node>
							<identifier>Lever_Start_R3_BlendBone</identifier>
							<transform>
								<row0>1.000000 0.000000 0.000000</row0>
								<row1>-0.000000 0.996675 0.081483</row1>
								<row2>0.000000 0.081483 -0.996675</row2>
								<row3>-1.298901 -0.501273 -0.090036</row3>
							</transform>
						</node>
					</node>
					<node>
						<identifier>Lever_Start_R4</identifier>
						<transform>
							<row0>1.000000 -0.000000 -0.000000</row0>
							<row1>0.000000 0.996762 -0.080406</row1>
							<row2>0.000000 0.080406 0.996762</row2>
							<row3>1.298901 0.003485 -1.503336</row3>
						</transform>
						<node>
							<identifier>Lever_Joint_R4</identifier>
							<transform>
								<row0>1.000000 0.000000 -0.000000</row0>
								<row1>-0.000000 0.996404 0.084731</row1>
								<row2>-0.000000 -0.084731 0.996404</row2>
								<row3>0.000000 0.000000 -0.438610</row3>
							</transform>
							<node>
								<identifier>Track_R4</identifier>
								<transform>
									<row0>1.000000 -0.000000 0.000000</row0>
									<row1>-0.000000 1.000000 0.000000</row1>
									<row2>-0.000000 0.000000 1.000000</row2>
									<row3>0.000000 -0.471631 -0.000099</row3>
								</transform>
								<node>
									<identifier>Track_R4_BlendBone</identifier>
									<transform>
										<row0>1.000000 0.000000 0.000000</row0>
										<row1>-0.000000 0.999991 -0.004340</row1>
										<row2>0.000000 -0.004340 -0.999991</row2>
										<row3>-1.298902 0.005455 1.268432</row3>
									</transform>
								</node>
							</node>
							<node>
								<identifier>W_R4</identifier>
								<transform>
									<row0>1.000000 -0.000000 0.000000</row0>
									<row1>-0.000000 1.000000 0.000000</row1>
									<row2>-0.000000 0.000000 1.000000</row2>
									<row3>0.000000 0.000000 -0.000000</row3>
								</transform>
								<node>
									<identifier>W_R4_BlendBone</identifier>
									<transform>
										<row0>1.000000 0.000000 0.000000</row0>
										<row1>-0.000000 0.999991 -0.004340</row1>
										<row2>0.000000 -0.004340 -0.999991</row2>
										<row3>-1.298902 -0.466176 1.268333</row3>
									</transform>
								</node>
							</node>
							<node>
								<identifier>Lever_Joint_R4_BlendBone</identifier>
								<transform>
									<row0>1.000000 0.000000 0.000000</row0>
									<row1>-0.000000 0.999991 -0.004340</row1>
									<row2>0.000000 -0.004340 -0.999991</row2>
									<row3>-1.298902 -0.466176 1.268333</row3>
								</transform>
							</node>
						</node>
						<node>
							<identifier>Lever_Start_R4_BlendBone</identifier>
							<transform>
								<row0>1.000000 0.000000 0.000000</row0>
								<row1>-0.000000 0.996762 0.080406</row1>
								<row2>0.000000 0.080406 -0.996762</row2>
								<row3>-1.298901 -0.571967 0.785662</row3>
							</transform>
						</node>
					</node>
					<node>
						<identifier>Lever_Start_R5</identifier>
						<transform>
							<row0>1.000000 -0.000000 -0.000000</row0>
							<row1>0.000000 0.998335 -0.057682</row1>
							<row2>0.000000 0.057682 0.998335</row2>
							<row3>1.298901 0.003485 -2.197948</row3>
						</transform>
						<node>
							<identifier>Lever_Joint_R5</identifier>
							<transform>
								<row0>1.000000 0.000000 -0.000000</row0>
								<row1>0.000000 0.998207 0.059863</row1>
								<row2>0.000000 -0.059863 0.998206</row2>
								<row3>0.000000 -0.000001 -0.603995</row3>
							</transform>
							<node>
								<identifier>Track_R5</identifier>
								<transform>
									<row0>1.000000 -0.000000 -0.000000</row0>
									<row1>0.000000 1.000000 -0.000000</row1>
									<row2>0.000000 0.000000 1.000000</row2>
									<row3>0.000000 -0.471631 -0.000099</row3>
								</transform>
								<node>
									<identifier>Track_R5_BlendBone</identifier>
									<transform>
										<row0>1.000000 0.000000 0.000000</row0>
										<row1>-0.000000 0.999998 -0.002184</row1>
										<row2>0.000000 -0.002184 -0.999998</row2>
										<row3>-1.298902 0.004175 2.127834</row3>
									</transform>
								</node>
							</node>
							<node>
								<identifier>W_R5</identifier>
								<transform>
									<row0>1.000000 -0.000000 -0.000000</row0>
									<row1>0.000000 1.000000 -0.000000</row1>
									<row2>0.000000 0.000000 1.000000</row2>
									<row3>0.000000 -0.000000 0.000000</row3>
								</transform>
								<node>
									<identifier>W_R5_BlendBone</identifier>
									<transform>
										<row0>1.000000 0.000000 0.000000</row0>
										<row1>-0.000000 0.999998 -0.002184</row1>
										<row2>0.000000 -0.002184 -0.999998</row2>
										<row3>-1.298902 -0.467456 2.127735</row3>
									</transform>
								</node>
							</node>
							<node>
								<identifier>Lever_Joint_R5_BlendBone</identifier>
								<transform>
									<row0>1.000000 0.000000 0.000000</row0>
									<row1>-0.000000 0.999998 -0.002184</row1>
									<row2>0.000000 -0.002184 -0.999998</row2>
									<row3>-1.298902 -0.467456 2.127735</row3>
								</transform>
							</node>
						</node>
						<node>
							<identifier>Lever_Start_R5_BlendBone</identifier>
							<transform>
								<row0>1.000000 0.000000 0.000000</row0>
								<row1>-0.000000 0.998335 0.057682</row1>
								<row2>0.000000 0.057682 -0.998335</row2>
								<row3>-1.298902 -0.593990 1.491941</row3>
							</transform>
						</node>
					</node>
					<node>
						<identifier>Track_VD_L0</identifier>
						<transform>
							<row0>1.000000 0.000000 0.000000</row0>
							<row1>0.000000 1.000000 0.000000</row1>
							<row2>-0.000000 -0.000000 1.000000</row2>
							<row3>-1.296531 -0.113888 2.061756</row3>
						</transform>
						<node>
							<identifier>Track_VD_L0_BlendBone</identifier>
							<transform>
								<row0>1.000000 0.000000 0.000000</row0>
								<row1>0.000000 1.000000 0.000000</row1>
								<row2>0.000000 0.000000 -1.000000</row2>
								<row3>1.296531 -0.389570 -2.735984</row3>
							</transform>
						</node>
					</node>
					<node>
						<identifier>Track_VD_L1</identifier>
						<transform>
							<row0>1.000000 0.000000 0.000000</row0>
							<row1>0.000000 1.000000 0.000000</row1>
							<row2>-0.000000 -0.000000 1.000000</row2>
							<row3>-1.296531 -0.105116 -3.359120</row3>
						</transform>
						<node>
							<identifier>Track_VD_L1_BlendBone</identifier>
							<transform>
								<row0>1.000000 0.000000 0.000000</row0>
								<row1>0.000000 1.000000 0.000000</row1>
								<row2>0.000000 0.000000 -1.000000</row2>
								<row3>1.296531 -0.398342 2.684892</row3>
							</transform>
						</node>
					</node>
					<node>
						<identifier>Track_VD_R0</identifier>
						<transform>
							<row0>1.000000 0.000000 0.000000</row0>
							<row1>0.000000 1.000000 0.000000</row1>
							<row2>-0.000000 -0.000000 1.000000</row2>
							<row3>1.296529 -0.113888 2.061756</row3>
						</transform>
						<node>
							<identifier>Track_VD_R0_BlendBone</identifier>
							<transform>
								<row0>1.000000 0.000000 0.000000</row0>
								<row1>0.000000 1.000000 0.000000</row1>
								<row2>0.000000 0.000000 -1.000000</row2>
								<row3>-1.296529 -0.389570 -2.735984</row3>
							</transform>
						</node>
					</node>
					<node>
						<identifier>Track_VD_R1</identifier>
						<transform>
							<row0>1.000000 0.000000 0.000000</row0>
							<row1>0.000000 1.000000 0.000000</row1>
							<row2>-0.000000 -0.000000 1.000000</row2>
							<row3>1.296529 -0.105116 -3.359120</row3>
						</transform>
						<node>
							<identifier>Track_VD_R1_BlendBone</identifier>
							<transform>
								<row0>1.000000 0.000000 0.000000</row0>
								<row1>0.000000 1.000000 0.000000</row1>
								<row2>0.000000 0.000000 -1.000000</row2>
								<row3>-1.296529 -0.398342 2.684892</row3>
							</transform>
						</node>
					</node>
					<node>
						<identifier>Track_VT_L0</identifier>
						<transform>
							<row0>1.000000 0.000000 0.000000</row0>
							<row1>0.000000 1.000000 0.000000</row1>
							<row2>-0.000000 -0.000000 1.000000</row2>
							<row3>-1.296531 0.675229 1.663927</row3>
						</transform>
						<node>
							<identifier>Track_VT_L0_BlendBone</identifier>
							<transform>
								<row0>1.000000 0.000000 0.000000</row0>
								<row1>0.000000 1.000000 0.000000</row1>
								<row2>0.000000 0.000000 -1.000000</row2>
								<row3>1.296531 -1.178686 -2.338155</row3>
							</transform>
						</node>
					</node>
					<node>
						<identifier>Track_VT_L1</identifier>
						<transform>
							<row0>1.000000 0.000000 0.000000</row0>
							<row1>0.000000 1.000000 0.000000</row1>
							<row2>-0.000000 -0.000000 1.000000</row2>
							<row3>-1.296531 0.734453 0.248633</row3>
						</transform>
						<node>
							<identifier>Track_VT_L1_BlendBone</identifier>
							<transform>
								<row0>1.000000 0.000000 0.000000</row0>
								<row1>0.000000 1.000000 0.000000</row1>
								<row2>0.000000 0.000000 -1.000000</row2>
								<row3>1.296531 -1.237911 -0.922861</row3>
							</transform>
						</node>
					</node>
					<node>
						<identifier>Track_VT_L2</identifier>
						<transform>
							<row0>1.000000 0.000000 0.000000</row0>
							<row1>0.000000 1.000000 0.000000</row1>
							<row2>-0.000000 -0.000000 1.000000</row2>
							<row3>-1.296531 0.734082 -1.451894</row3>
						</transform>
						<node>
							<identifier>Track_VT_L2_BlendBone</identifier>
							<transform>
								<row0>1.000000 0.000000 0.000000</row0>
								<row1>0.000000 1.000000 0.000000</row1>
								<row2>0.000000 0.000000 -1.000000</row2>
								<row3>1.296531 -1.237540 0.777666</row3>
							</transform>
						</node>
					</node>
					<node>
						<identifier>Track_VT_L3</identifier>
						<transform>
							<row0>1.000000 0.000000 0.000000</row0>
							<row1>0.000000 1.000000 0.000000</row1>
							<row2>-0.000000 -0.000000 1.000000</row2>
							<row3>-1.296531 0.721653 -2.896481</row3>
						</transform>
						<node>
							<identifier>Track_VT_L3_BlendBone</identifier>
							<transform>
								<row0>1.000000 0.000000 0.000000</row0>
								<row1>0.000000 1.000000 0.000000</row1>
								<row2>0.000000 0.000000 -1.000000</row2>
								<row3>1.296531 -1.225110 2.222253</row3>
							</transform>
						</node>
					</node>
					<node>
						<identifier>Track_VT_R0</identifier>
						<transform>
							<row0>1.000000 0.000000 0.000000</row0>
							<row1>0.000000 1.000000 0.000000</row1>
							<row2>-0.000000 -0.000000 1.000000</row2>
							<row3>1.296529 0.675229 1.663927</row3>
						</transform>
						<node>
							<identifier>Track_VT_R0_BlendBone</identifier>
							<transform>
								<row0>1.000000 0.000000 0.000000</row0>
								<row1>0.000000 1.000000 0.000000</row1>
								<row2>0.000000 0.000000 -1.000000</row2>
								<row3>-1.296529 -1.178686 -2.338155</row3>
							</transform>
						</node>
					</node>
					<node>
						<identifier>Track_VT_R1</identifier>
						<transform>
							<row0>1.000000 0.000000 0.000000</row0>
							<row1>0.000000 1.000000 0.000000</row1>
							<row2>-0.000000 -0.000000 1.000000</row2>
							<row3>1.296529 0.734453 0.248633</row3>
						</transform>
						<node>
							<identifier>Track_VT_R1_BlendBone</identifier>
							<transform>
								<row0>1.000000 0.000000 0.000000</row0>
								<row1>0.000000 1.000000 0.000000</row1>
								<row2>0.000000 0.000000 -1.000000</row2>
								<row3>-1.296529 -1.237911 -0.922861</row3>
							</transform>
						</node>
					</node>
					<node>
						<identifier>Track_VT_R2</identifier>
						<transform>
							<row0>1.000000 0.000000 0.000000</row0>
							<row1>0.000000 1.000000 0.000000</row1>
							<row2>-0.000000 -0.000000 1.000000</row2>
							<row3>1.296529 0.734082 -1.451894</row3>
						</transform>
						<node>
							<identifier>Track_VT_R2_BlendBone</identifier>
							<transform>
								<row0>1.000000 0.000000 0.000000</row0>
								<row1>0.000000 1.000000 0.000000</row1>
								<row2>0.000000 0.000000 -1.000000</row2>
								<row3>-1.296529 -1.237540 0.777666</row3>
							</transform>
						</node>
					</node>
					<node>
						<identifier>Track_VT_R3</identifier>
						<transform>
							<row0>1.000000 0.000000 0.000000</row0>
							<row1>0.000000 1.000000 0.000000</row1>
							<row2>-0.000000 -0.000000 1.000000</row2>
							<row3>1.296529 0.721653 -2.896481</row3>
						</transform>
						<node>
							<identifier>Track_VT_R3_BlendBone</identifier>
							<transform>
								<row0>1.000000 0.000000 0.000000</row0>
								<row1>0.000000 1.000000 0.000000</row1>
								<row2>0.000000 0.000000 -1.000000</row2>
								<row3>-1.296529 -1.225111 2.222253</row3>
							</transform>
						</node>
					</node>
					<node>
						<identifier>WD_L0</identifier>
						<transform>
							<row0>1.000000 0.000000 0.000000</row0>
							<row1>0.000000 1.000000 0.000000</row1>
							<row2>-0.000000 -0.000000 1.000000</row2>
							<row3>-1.298901 0.338171 2.166084</row3>
						</transform>
						<node>
							<identifier>WD_L0_BlendBone</identifier>
							<transform>
								<row0>1.000000 0.000000 0.000000</row0>
								<row1>0.000000 1.000000 0.000000</row1>
								<row2>0.000000 0.000000 -1.000000</row2>
								<row3>1.298901 -0.841629 -2.840312</row3>
							</transform>
						</node>
					</node>
					<node>
						<identifier>WD_L1</identifier>
						<transform>
							<row0>1.000000 0.000000 0.000000</row0>
							<row1>0.000000 1.000000 0.000000</row1>
							<row2>-0.000000 -0.000000 1.000000</row2>
							<row3>-1.298901 0.587169 1.116089</row3>
						</transform>
						<node>
							<identifier>WD_L1_BlendBone</identifier>
							<transform>
								<row0>1.000000 0.000000 0.000000</row0>
								<row1>0.000000 1.000000 0.000000</row1>
								<row2>0.000000 0.000000 -1.000000</row2>
								<row3>1.298901 -1.090627 -1.790318</row3>
							</transform>
						</node>
					</node>
					<node>
						<identifier>WD_L2</identifier>
						<transform>
							<row0>1.000000 0.000000 0.000000</row0>
							<row1>0.000000 1.000000 0.000000</row1>
							<row2>-0.000000 -0.000000 1.000000</row2>
							<row3>-1.298901 0.587169 -0.603911</row3>
						</transform>
						<node>
							<identifier>WD_L2_BlendBone</identifier>
							<transform>
								<row0>1.000000 0.000000 0.000000</row0>
								<row1>0.000000 1.000000 0.000000</row1>
