<?xml version="1.0" encoding="utf-8"?>
<root>
	<node>
		<identifier>Scene Root</identifier>
		<transform>
			<row0>1.000000 0.000000 0.000000</row0>
			<row1>0.000000 1.000000 0.000000</row1>
			<row2>0.000000 0.000000 1.000000</row2>
			<row3>0.000000 0.000000 0.000000</row3>
		</transform>
		<node>
			<identifier>HP_Fire_1</identifier>
			<transform>
				<row0>1.000000 0.000000 0.000000</row0>
				<row1>0.000000 1.000000 0.000000</row1>
				<row2>0.000000 0.000000 1.000000</row2>
				<row3>0.000000 0.044133 -1.500000</row3>
			</transform>
		</node>
		<node>
			<identifier>HP_Fire_2</identifier>
			<transform>
				<row0>1.000000 0.000000 0.000000</row0>
				<row1>0.000000 1.000000 0.000000</row1>
				<row2>0.000000 0.000000 1.000000</row2>
				<row3>0.000000 0.044133 1.500000</row3>
			</transform>
		</node>
		<node>
			<identifier>HP_TrackUp_LFront</identifier>
			<transform>
				<row0>1.000000 0.000000 0.000000</row0>
				<row1>0.000000 0.978148 0.207912</row1>
				<row2>0.000000 -0.207912 0.978148</row2>
				<row3>-1.366900 0.129531 3.033230</row3>
			</transform>
		</node>
		<node>
			<identifier>HP_TrackUp_LRear</identifier>
			<transform>
				<row0>-1.000000 0.000000 0.000000</row0>
				<row1>0.000000 0.990268 -0.139173</row1>
				<row2>-0.000000 -0.139173 -0.990268</row2>
				<row3>-1.366900 -0.153543 -2.886150</row3>
			</transform>
		</node>
		<node>
			<identifier>HP_TrackUp_RFront</identifier>
			<transform>
				<row0>1.000000 0.000000 0.000000</row0>
				<row1>0.000000 0.978148 0.207912</row1>
				<row2>0.000000 -0.207912 0.978148</row2>
				<row3>1.366020 0.129531 3.033230</row3>
			</transform>
		</node>
		<node>
			<identifier>HP_TrackUp_RRear</identifier>
			<transform>
				<row0>-1.000000 0.000000 0.000000</row0>
				<row1>0.000000 0.990268 -0.139173</row1>
				<row2>-0.000000 -0.139173 -0.990268</row2>
				<row3>1.366020 -0.153543 -2.886150</row3>
			</transform>
		</node>
		<node>
			<identifier>HP_Track_Exhaus_1</identifier>
			<transform>
				<row0>1.000000 0.000000 0.000000</row0>
				<row1>0.000000 -0.496216 -0.868199</row1>
				<row2>0.000000 0.868199 -0.496216</row2>
				<row3>-0.370906 0.439520 -3.684370</row3>
			</transform>
		</node>
		<node>
			<identifier>HP_Track_Exhaus_2</identifier>
			<transform>
				<row0>1.000000 0.000000 0.000000</row0>
				<row1>0.000000 -0.496216 -0.868199</row1>
				<row2>0.000000 0.868199 -0.496216</row2>
				<row3>0.369332 0.439558 -3.684410</row3>
			</transform>
		</node>
		<node>
			<identifier>HP_turretJoint</identifier>
			<transform>
				<row0>1.000000 0.000000 0.000000</row0>
				<row1>0.000000 1.000000 0.000000</row1>
				<row2>0.000000 0.000000 1.000000</row2>
				<row3>-0.000000 0.671004 -0.146280</row3>
			</transform>
		</node>
	</node>
	<renderSet>
		<treatAsWorldSpaceObject>false</treatAsWorldSpaceObject>
		<node>Scene Root</node>
		<geometry>
			<vertices>vertices</vertices>
			<primitive>indices</primitive>
			<primitiveGroup>
				0
				<material>
					<identifier>tank_hull_01</identifier>
					<fx>shaders/std_effects/PBS_tank.fx</fx>
					<collisionFlags>0</collisionFlags>
					<materialKind>0</materialKind>
					<property>
						g_detailUVTiling
						<Vector4>
							7.0137 7.0137 0.000000 0.000000
							<!--BW_String-->
						</Vector4>
					</property>
					<property>
						g_detailPowerGloss
						<Float>
							0.35
							<!--BW_String-->
						</Float>
					</property>
					<property>
						g_detailPowerAlbedo
						<Float>
							0.11
							<!--BW_String-->
						</Float>
					</property>
					<property>
						g_maskBias
						<Float>
							0.22
							<!--BW_String-->
						</Float>
					</property>
					<property>
						g_detailPower
						<Float>5</Float>
					</property>
					<property>
						metallicDetailMap
						<Texture>vehicles/russian/Tank_detail/Details_map.dds</Texture>
					</property>
					<property>
						g_useDetailMetallic
						<Bool>true</Bool>
					</property>
					<property>
						g_useNormalPackDXT1
						<Bool>false</Bool>
					</property>
					<property>
						excludeMaskAndAOMap
						<Texture>vehicles/german/G118_VK4503/VK4503_hull_01_AO.dds</Texture>
					</property>
					<property>
						colorIdMap
						<Texture>vehicles/russian/common/common_ID.dds</Texture>
					</property>
					<property>
						metallicGlossMap
						<Texture>vehicles/german/G118_VK4503/VK4503_hull_01_GMM.dds</Texture>
					</property>
					<property>
						normalMap
						<Texture>vehicles/german/G118_VK4503/VK4503_hull_01_ANM.dds</Texture>
					</property>
					<property>
						diffuseMap
						<Texture>vehicles/german/G118_VK4503/VK4503_hull_01_AM.dds</Texture>
					</property>
					<property>
						alphaReference
						<Int>128</Int>
					</property>
					<property>
						alphaTestEnable
						<Bool>true</Bool>
					</property>
				</material>
				<groupOrigin>-0.000784 0.044133 -0.267888</groupOrigin>
			</primitiveGroup>
		</geometry>
	</renderSet>
	<boundingBox>
		<min>-1.636314 -0.705084 -3.869704</min>
		<max>1.634746 0.793350 3.333928</max>
	</boundingBox>
	<geometrySize>714662</geometrySize>
	<minUVDensity>0.001598</minUVDensity>
</root>
