<?xml version="1.0" encoding="utf-8"?>
<root>
	<node>
		<identifier>Scene Root</identifier>
		<transform>
			<row0>1.000000 0.000000 0.000000</row0>
			<row1>0.000000 1.000000 0.000000</row1>
			<row2>0.000000 0.000000 1.000000</row2>
			<row3>0.000000 0.000000 0.000000</row3>
		</transform>
		<node>
			<identifier>HP_Fire_1</identifier>
			<transform>
				<row0>1.000000 0.000000 0.000000</row0>
				<row1>0.000000 1.000000 0.000000</row1>
				<row2>0.000000 0.000000 1.000000</row2>
				<row3>0.000000 0.246694 -1.864324</row3>
			</transform>
		</node>
		<node>
			<identifier>HP_Fire_2</identifier>
			<transform>
				<row0>1.000000 0.000000 0.000000</row0>
				<row1>0.000000 1.000000 0.000000</row1>
				<row2>0.000000 0.000000 1.000000</row2>
				<row3>-0.448884 0.071394 1.283022</row3>
			</transform>
		</node>
		<node>
			<identifier>HP_TrackUp_LFront</identifier>
			<transform>
				<row0>0.983361 -0.179189 -0.029878</row0>
				<row1>0.166472 0.823021 0.543068</row1>
				<row2>-0.072722 -0.539006 0.839157</row2>
				<row3>-1.242856 0.114645 2.821942</row3>
			</transform>
		</node>
		<node>
			<identifier>HP_TrackUp_LRear</identifier>
			<transform>
				<row0>-0.999832 0.010731 0.014881</row0>
				<row1>0.003652 0.911280 -0.411772</row1>
				<row2>-0.017979 -0.411648 -0.911165</row2>
				<row3>-1.242856 0.126091 -2.845071</row3>
			</transform>
		</node>
		<node>
			<identifier>HP_TrackUp_RFront</identifier>
			<transform>
				<row0>0.983361 -0.179189 -0.029878</row0>
				<row1>0.166472 0.823021 0.543068</row1>
				<row2>-0.072722 -0.539006 0.839157</row2>
				<row3>1.242856 0.114645 2.821942</row3>
			</transform>
		</node>
		<node>
			<identifier>HP_TrackUp_RRear</identifier>
			<transform>
				<row0>-0.999832 0.010731 0.014881</row0>
				<row1>0.003652 0.911280 -0.411772</row1>
				<row2>-0.017979 -0.411648 -0.911165</row2>
				<row3>1.242856 0.126091 -2.845071</row3>
			</transform>
		</node>
		<node>
			<identifier>HP_Track_Exhaus_1</identifier>
			<transform>
				<row0>1.000000 0.000000 0.000000</row0>
				<row1>0.000000 -0.144173 0.989552</row1>
				<row2>0.000000 -0.989552 -0.144173</row2>
				<row3>0.593408 0.077891 -2.858715</row3>
			</transform>
		</node>
		<node>
			<identifier>HP_Track_Exhaus_2</identifier>
			<transform>
				<row0>1.000000 0.000000 0.000000</row0>
				<row1>0.000000 -0.144173 0.989552</row1>
				<row2>0.000000 -0.989552 -0.144173</row2>
				<row3>-0.593408 0.077891 -2.858715</row3>
			</transform>
		</node>
		<node>
			<identifier>HP_turretJoint</identifier>
			<transform>
				<row0>1.000000 0.000000 0.000000</row0>
				<row1>0.000000 1.000000 0.000000</row1>
				<row2>0.000000 0.000000 1.000000</row2>
				<row3>0.000000 0.922264 -0.168500</row3>
			</transform>
		</node>
	</node>
	<renderSet>
		<treatAsWorldSpaceObject>false</treatAsWorldSpaceObject>
		<node>Scene Root</node>
		<geometry>
			<vertices>vertices</vertices>
			<primitive>indices</primitive>
			<primitiveGroup>
				0
				<material>
					<identifier>tank_hull_01</identifier>
					<fx>shaders/std_effects/PBS_tank.fx</fx>
					<collisionFlags>0</collisionFlags>
					<materialKind>0</materialKind>
					<property>
						normalMap
						<Texture>vehicles/american/A78_M4_Improved/M4_Improved_hull_01_ANM.dds</Texture>
					</property>
					<property>
						metallicGlossMap
						<Texture>vehicles/american/A78_M4_Improved/M4_Improved_hull_01_GMM.dds</Texture>
					</property>
					<property>
						g_useNormalPackDXT1
						<Bool>false</Bool>
					</property>
					<property>
						excludeMaskAndAOMap
						<Texture>vehicles/american/A78_M4_Improved/M4_Improved_hull_01_AO.dds</Texture>
					</property>
					<property>
						colorIdMap
						<Texture>vehicles/russian/common/common_ID.dds</Texture>
					</property>
					<property>
						diffuseMap
						<Texture>vehicles/american/A78_M4_Improved/M4_Improved_hull_01_AM.dds</Texture>
					</property>
				</material>
				<groupOrigin>-0.008379 0.242799 -0.140760</groupOrigin>
			</primitiveGroup>
		</geometry>
	</renderSet>
	<boundingBox>
		<min>-1.620331 -0.543852 -3.221206</min>
		<max>1.603573 1.029451 2.939686</max>
	</boundingBox>
	<geometrySize>167134</geometrySize>
	<minUVDensity>0.004634</minUVDensity>
</root>
