<?xml version="1.0" encoding="utf-8"?>
<root>
	<node>
		<identifier>Scene Root</identifier>
		<transform>
			<row0>1.000000 0.000000 0.000000</row0>
			<row1>0.000000 1.000000 0.000000</row1>
			<row2>0.000000 0.000000 1.000000</row2>
			<row3>0.000000 0.000000 0.000000</row3>
		</transform>
		<node>
			<identifier>nodes_01</identifier>
			<transform>
				<row0>1.000000 0.000000 0.000000</row0>
				<row1>0.000000 1.000000 0.000000</row1>
				<row2>0.000000 0.000000 1.000000</row2>
				<row3>0.000000 0.000000 0.000000</row3>
			</transform>
			<node>
				<identifier>HP_Fire_1</identifier>
				<transform>
					<row0>1.000000 0.000000 0.000000</row0>
					<row1>0.000000 1.000000 0.000000</row1>
					<row2>0.000000 0.000000 1.000000</row2>
					<row3>0.000000 -0.318275 -1.356773</row3>
				</transform>
			</node>
			<node>
				<identifier>HP_Fire_2</identifier>
				<transform>
					<row0>1.000000 0.000000 0.000000</row0>
					<row1>0.000000 1.000000 0.000000</row1>
					<row2>0.000000 0.000000 1.000000</row2>
					<row3>0.000000 -0.075964 1.016075</row3>
				</transform>
			</node>
			<node>
				<identifier>HP_TrackUp_LFront</identifier>
				<transform>
					<row0>1.000000 0.000000 0.000000</row0>
					<row1>0.000000 0.302158 0.953258</row1>
					<row2>0.000000 -0.953258 0.302158</row2>
					<row3>-1.318270 -0.389829 2.323523</row3>
				</transform>
			</node>
			<node>
				<identifier>HP_TrackUp_LRear</identifier>
				<transform>
					<row0>-1.000000 0.000000 0.000000</row0>
					<row1>0.000000 0.472707 -0.881220</row1>
					<row2>-0.000000 -0.881220 -0.472707</row2>
					<row3>-1.269477 -0.388204 -2.725716</row3>
				</transform>
			</node>
			<node>
				<identifier>HP_TrackUp_RFront</identifier>
				<transform>
					<row0>1.000000 0.000000 0.000000</row0>
					<row1>0.000000 0.302158 0.953258</row1>
					<row2>0.000000 -0.953258 0.302158</row2>
					<row3>1.318270 -0.389829 2.323523</row3>
				</transform>
			</node>
			<node>
				<identifier>HP_TrackUp_RRear</identifier>
				<transform>
					<row0>-1.000000 0.000000 0.000000</row0>
					<row1>0.000000 0.472707 -0.881220</row1>
					<row2>-0.000000 -0.881220 -0.472707</row2>
					<row3>1.269477 -0.388204 -2.725716</row3>
				</transform>
			</node>
			<node>
				<identifier>HP_Track_Exhaus_1</identifier>
				<transform>
					<row0>1.000000 0.000000 0.000000</row0>
					<row1>0.000000 -0.999942 -0.010785</row1>
					<row2>0.000000 0.010785 -0.999942</row2>
					<row3>0.000000 -0.221744 -2.380666</row3>
				</transform>
			</node>
			<node>
				<identifier>HP_effect_center</identifier>
				<transform>
					<row0>1.000000 0.000000 0.000000</row0>
					<row1>0.000000 -1.000000 -0.000000</row1>
					<row2>0.000000 0.000000 -1.000000</row2>
					<row3>0.000000 0.558028 -2.313685</row3>
				</transform>
			</node>
			<node>
				<identifier>HP_effect_left</identifier>
				<transform>
					<row0>1.000000 0.000000 0.000000</row0>
					<row1>0.000000 -1.000000 -0.000000</row1>
					<row2>0.000000 0.000000 -1.000000</row2>
					<row3>-0.906472 0.393957 -2.346946</row3>
				</transform>
			</node>
			<node>
				<identifier>HP_effect_right</identifier>
				<transform>
					<row0>1.000000 0.000000 0.000000</row0>
					<row1>0.000000 -1.000000 -0.000000</row1>
					<row2>0.000000 0.000000 -1.000000</row2>
					<row3>0.906472 0.393957 -2.346946</row3>
				</transform>
			</node>
			<node>
				<identifier>HP_turretJoint</identifier>
				<transform>
					<row0>1.000000 0.000000 0.000000</row0>
					<row1>0.000000 1.000000 0.000000</row1>
					<row2>0.000000 0.000000 1.000000</row2>
					<row3>0.000000 1.027690 -0.563180</row3>
				</transform>
			</node>
		</node>
	</node>
	<renderSet>
		<treatAsWorldSpaceObject>false</treatAsWorldSpaceObject>
		<node>Scene Root</node>
		<geometry>
			<vertices>vertices</vertices>
			<primitive>indices</primitive>
			<primitiveGroup>
				0
				<material>
					<identifier>tank_hull_01</identifier>
					<collisionFlags>0</collisionFlags>
					<materialKind>0</materialKind>
					<fx>shaders/std_effects/PBS_tank.fx</fx>
					<property>
						metallicGlossMap
						<Texture>vehicles/czech/Cz00_COSM_Gravizapa/COSM_Gravizapa_hull_01_GMM.dds</Texture>
					</property>
					<property>
						normalMap
						<Texture>vehicles/czech/Cz00_COSM_Gravizapa/COSM_Gravizapa_hull_01_ANM.dds</Texture>
					</property>
					<property>
						diffuseMap
						<Texture>vehicles/czech/Cz00_COSM_Gravizapa/COSM_Gravizapa_hull_01_AM.dds</Texture>
					</property>
					<property>
						excludeMaskAndAOMap
						<Texture>vehicles/czech/Cz00_COSM_Gravizapa/COSM_Gravizapa_hull_01_AO.dds</Texture>
					</property>
				</material>
				<groupOrigin>0.014599 0.148932 0.195646</groupOrigin>
			</primitiveGroup>
		</geometry>
	</renderSet>
	<boundingBox>
		<min>-1.396986 -0.791761 -2.494655</min>
		<max>1.426184 1.089626 2.885947</max>
	</boundingBox>
	<geometrySize>253458</geometrySize>
	<minUVDensity>0.002240</minUVDensity>
</root>
