<?xml version="1.0" encoding="utf-8"?>
<root>
	<node>
		<identifier>Scene Root</identifier>
		<transform>
			<row0>1.000000 0.000000 0.000000</row0>
			<row1>0.000000 1.000000 0.000000</row1>
			<row2>0.000000 0.000000 1.000000</row2>
			<row3>0.000000 0.000000 0.000000</row3>
		</transform>
		<node>
			<identifier>NY22_Attraction_12_root_bn</identifier>
			<transform>
				<row0>1.000000 0.000000 0.000000</row0>
				<row1>0.000000 1.000000 0.000000</row1>
				<row2>0.000000 0.000000 1.000000</row2>
				<row3>0.000000 0.000000 0.000000</row3>
			</transform>
			<node>
				<identifier>NY22_Attraction_12_ddd_spin_bn</identifier>
				<transform>
					<row0>1.000000 0.000000 0.000000</row0>
					<row1>0.000000 1.000000 0.000000</row1>
					<row2>0.000000 0.000000 1.000000</row2>
					<row3>0.000000 4.492498 0.000000</row3>
				</transform>
				<node>
					<identifier>NY22_Attraction_12_ddd_spin_bn_BlendBone</identifier>
					<transform>
						<row0>1.000000 0.000000 0.000000</row0>
						<row1>0.000000 1.000000 0.000000</row1>
						<row2>0.000000 0.000000 -1.000000</row2>
						<row3>0.000000 -4.492498 0.000000</row3>
					</transform>
				</node>
			</node>
			<node>
				<identifier>NY22_Attraction_12_move_bn</identifier>
				<transform>
					<row0>1.000000 0.000000 0.000000</row0>
					<row1>0.000000 1.000000 0.000000</row1>
					<row2>0.000000 0.000000 1.000000</row2>
					<row3>0.000000 2.107154 0.000000</row3>
				</transform>
				<node>
					<identifier>NY22_Attraction_12_spin_bn</identifier>
					<transform>
						<row0>1.000000 0.000000 0.000000</row0>
						<row1>0.000000 1.000000 0.000000</row1>
						<row2>0.000000 0.000000 1.000000</row2>
						<row3>0.000000 0.000000 0.000000</row3>
					</transform>
					<node>
						<identifier>NY22_Attraction_12_seat_01</identifier>
						<transform>
							<row0>0.809017 0.000000 -0.587785</row0>
							<row1>0.000000 1.000000 0.000000</row1>
							<row2>0.587785 0.000000 0.809017</row2>
							<row3>-5.208630 -0.824418 3.784291</row3>
						</transform>
						<node>
							<identifier>NY22_Attraction_12_seat_01_BlendBone</identifier>
							<transform>
								<row0>0.809017 0.000000 0.587785</row0>
								<row1>0.000000 1.000000 0.000000</row1>
								<row2>0.587785 0.000000 -0.809017</row2>
								<row3>6.438220 -1.282736 0.000000</row3>
							</transform>
						</node>
					</node>
					<node>
						<identifier>NY22_Attraction_12_seat_02</identifier>
						<transform>
							<row0>0.309017 0.000000 -0.951057</row0>
							<row1>0.000000 1.000000 0.000000</row1>
							<row2>0.951057 0.000000 0.309017</row2>
							<row3>-1.989519 -0.824418 6.123111</row3>
						</transform>
						<node>
							<identifier>NY22_Attraction_12_seat_02_BlendBone</identifier>
							<transform>
								<row0>0.309017 0.000000 0.951057</row0>
								<row1>0.000000 1.000000 0.000000</row1>
								<row2>0.951057 0.000000 -0.309017</row2>
								<row3>6.438221 -1.282736 0.000000</row3>
							</transform>
						</node>
					</node>
					<node>
						<identifier>NY22_Attraction_12_seat_03</identifier>
						<transform>
							<row0>-0.309017 0.000000 -0.951057</row0>
							<row1>0.000000 1.000000 0.000000</row1>
							<row2>0.951057 0.000000 -0.309017</row2>
							<row3>1.989519 -0.824418 6.123111</row3>
						</transform>
						<node>
							<identifier>NY22_Attraction_12_seat_03_BlendBone</identifier>
							<transform>
								<row0>-0.309017 0.000000 0.951057</row0>
								<row1>0.000000 1.000000 0.000000</row1>
								<row2>0.951057 0.000000 0.309017</row2>
								<row3>6.438221 -1.282736 0.000000</row3>
							</transform>
						</node>
					</node>
					<node>
						<identifier>NY22_Attraction_12_seat_04</identifier>
						<transform>
							<row0>-0.809017 0.000000 -0.587785</row0>
							<row1>0.000000 1.000000 0.000000</row1>
							<row2>0.587785 0.000000 -0.809017</row2>
							<row3>5.208630 -0.824418 3.784291</row3>
						</transform>
						<node>
							<identifier>NY22_Attraction_12_seat_04_BlendBone</identifier>
							<transform>
								<row0>-0.809017 0.000000 0.587785</row0>
								<row1>0.000000 1.000000 0.000000</row1>
								<row2>0.587785 0.000000 0.809017</row2>
								<row3>6.438220 -1.282736 -0.000000</row3>
							</transform>
						</node>
					</node>
					<node>
						<identifier>NY22_Attraction_12_seat_05</identifier>
						<transform>
							<row0>-1.000000 0.000000 0.000000</row0>
							<row1>0.000000 1.000000 0.000000</row1>
							<row2>-0.000000 -0.000000 -1.000000</row2>
							<row3>6.438220 -0.824418 -0.000000</row3>
						</transform>
						<node>
							<identifier>NY22_Attraction_12_seat_05_BlendBone</identifier>
							<transform>
								<row0>-1.000000 0.000000 -0.000000</row0>
								<row1>0.000000 1.000000 0.000000</row1>
								<row2>-0.000000 0.000000 1.000000</row2>
								<row3>6.438220 -1.282736 0.000000</row3>
							</transform>
						</node>
					</node>
					<node>
						<identifier>NY22_Attraction_12_seat_06</identifier>
						<transform>
							<row0>-0.809017 0.000000 0.587785</row0>
							<row1>0.000000 1.000000 0.000000</row1>
							<row2>-0.587785 -0.000000 -0.809017</row2>
							<row3>5.208630 -0.824418 -3.784291</row3>
						</transform>
						<node>
							<identifier>NY22_Attraction_12_seat_06_BlendBone</identifier>
							<transform>
								<row0>-0.809017 0.000000 -0.587785</row0>
								<row1>0.000000 1.000000 0.000000</row1>
								<row2>-0.587785 0.000000 0.809017</row2>
								<row3>6.438220 -1.282736 0.000000</row3>
							</transform>
						</node>
					</node>
					<node>
						<identifier>NY22_Attraction_12_seat_07</identifier>
						<transform>
							<row0>-0.309017 0.000000 0.951057</row0>
							<row1>0.000000 1.000000 0.000000</row1>
							<row2>-0.951057 -0.000000 -0.309017</row2>
							<row3>1.989519 -0.824418 -6.123111</row3>
						</transform>
						<node>
							<identifier>NY22_Attraction_12_seat_07_BlendBone</identifier>
							<transform>
								<row0>-0.309017 0.000000 -0.951057</row0>
								<row1>0.000000 1.000000 0.000000</row1>
								<row2>-0.951057 0.000000 0.309017</row2>
								<row3>6.438221 -1.282736 0.000000</row3>
							</transform>
						</node>
					</node>
					<node>
						<identifier>NY22_Attraction_12_seat_08</identifier>
						<transform>
							<row0>0.809017 0.000000 0.587785</row0>
							<row1>0.000000 1.000000 0.000000</row1>
							<row2>-0.587785 0.000000 0.809017</row2>
							<row3>-5.208630 -0.824418 -3.784291</row3>
						</transform>
						<node>
							<identifier>NY22_Attraction_12_seat_08_BlendBone</identifier>
							<transform>
								<row0>0.809017 0.000000 -0.587785</row0>
								<row1>0.000000 1.000000 0.000000</row1>
								<row2>-0.587785 0.000000 -0.809017</row2>
								<row3>6.438220 -1.282736 -0.000000</row3>
							</transform>
						</node>
					</node>
					<node>
						<identifier>NY22_Attraction_12_seat_09</identifier>
						<transform>
							<row0>1.000000 0.000000 0.000000</row0>
							<row1>0.000000 1.000000 0.000000</row1>
							<row2>0.000000 0.000000 1.000000</row2>
							<row3>-6.438220 -0.824418 0.000000</row3>
						</transform>
						<node>
							<identifier>NY22_Attraction_12_seat_09_BlendBone</identifier>
							<transform>
								<row0>1.000000 0.000000 0.000000</row0>
								<row1>0.000000 1.000000 0.000000</row1>
								<row2>0.000000 0.000000 -1.000000</row2>
								<row3>6.438220 -1.282736 0.000000</row3>
							</transform>
						</node>
					</node>
					<node>
						<identifier>NY22_Attraction_12_seat_10</identifier>
						<transform>
							<row0>0.309017 0.000000 0.951057</row0>
							<row1>0.000000 1.000000 0.000000</row1>
							<row2>-0.951057 0.000000 0.309017</row2>
							<row3>-1.989519 -0.824418 -6.123111</row3>
						</transform>
						<node>
							<identifier>NY22_Attraction_12_seat_10_BlendBone</identifier>
							<transform>
								<row0>0.309017 0.000000 -0.951057</row0>
								<row1>0.000000 1.000000 0.000000</row1>
								<row2>-0.951057 0.000000 -0.309017</row2>
								<row3>6.438221 -1.282736 0.000000</row3>
							</transform>
						</node>
					</node>
				</node>
				<node>
					<identifier>NY22_Attraction_12_move_bn_BlendBone</identifier>
					<transform>
						<row0>1.000000 0.000000 0.000000</row0>
						<row1>0.000000 1.000000 0.000000</row1>
						<row2>0.000000 0.000000 -1.000000</row2>
						<row3>0.000000 -2.107154 0.000000</row3>
					</transform>
				</node>
			</node>
			<node>
				<identifier>NY22_Attraction_12_root_bn_BlendBone</identifier>
				<transform>
					<row0>1.000000 0.000000 0.000000</row0>
					<row1>0.000000 1.000000 0.000000</row1>
					<row2>0.000000 0.000000 -1.000000</row2>
					<row3>0.000000 0.000000 0.000000</row3>
				</transform>
			</node>
		</node>
	</node>
	<renderSet>
		<treatAsWorldSpaceObject>true</treatAsWorldSpaceObject>
		<node>NY22_Attraction_12_root_bn_BlendBone</node>
		<geometry>
			<vertices>s5Shape.vertices</vertices>
			<primitive>s5Shape.indices</primitive>
			<primitiveGroup>
				0
				<material>
					<identifier>s_nd31_skinned</identifier>
					<fx>shaders/std_effects/PBS_ext_skinned.fx</fx>
					<materialKind>110</materialKind>
					<collisionFlags>255</collisionFlags>
					<property>
						alphaReference
						<Int>64</Int>
					</property>
					<property>
						alphaTestEnable
						<Bool>true</Bool>
					</property>
					<property>
						diffuseMap
						<Texture>content/Hangars/h_newyear/customization/Tableful/Attraction/NY22_Attraction_04_Kiosk_AM.dds</Texture>
					</property>
					<property>
						g_enableAO
						<Bool>true</Bool>
					</property>
					<property>
						metallicGlossMap
						<Texture>content/Hangars/h_newyear/customization/Tableful/Attraction/NY22_Attraction_04_Kiosk_GMM.dds</Texture>
					</property>
					<property>
						normalMap
						<Texture>content/Hangars/h_newyear/customization/Tableful/Attraction/NY22_Attraction_04_Kiosk_ANM.dds</Texture>
					</property>
				</material>
				<groupOrigin>0.115343 2.286080 0.014356</groupOrigin>
			</primitiveGroup>
		</geometry>
	</renderSet>
	<renderSet>
		<treatAsWorldSpaceObject>true</treatAsWorldSpaceObject>
		<node>NY22_Attraction_12_root_bn_BlendBone</node>
		<node>NY22_Attraction_12_ddd_spin_bn_BlendBone</node>
		<node>NY22_Attraction_12_move_bn_BlendBone</node>
		<geometry>
			<vertices>s4Shape.vertices</vertices>
			<stream>s4Shape.colour</stream>
			<primitive>s4Shape.indices</primitive>
			<primitiveGroup>
				0
				<material>
					<identifier>s_nd30_skinned</identifier>
					<fx>shaders/std_effects/PBS_ext_skinned.fx</fx>
					<materialKind>110</materialKind>
					<collisionFlags>255</collisionFlags>
					<property>
						diffuseMap
						<Texture>content/Hangars/h_newyear/customization/Tableful/Tent/NY19_Table_base_AM.dds</Texture>
					</property>
					<property>
						metallicGlossMap
						<Texture>content/Hangars/h_newyear/customization/Tableful/Tent/NY19_Table_base_GMM.dds</Texture>
					</property>
					<property>
						normalMap
						<Texture>content/Hangars/h_newyear/customization/Tableful/Tent/NY19_Table_base_ANM.dds</Texture>
					</property>
				</material>
				<groupOrigin>2.816937 2.426337 -1.137582</groupOrigin>
			</primitiveGroup>
		</geometry>
	</renderSet>
	<renderSet>
		<treatAsWorldSpaceObject>true</treatAsWorldSpaceObject>
		<node>NY22_Attraction_12_ddd_spin_bn_BlendBone</node>
		<geometry>
			<vertices>s1Shape.vertices</vertices>
			<stream>s1Shape.colour</stream>
			<primitive>s1Shape.indices</primitive>
			<primitiveGroup>
				0
				<material>
					<identifier>s_nd28_skinned</identifier>
					<fx>shaders/std_effects/glow_skinned.fx</fx>
					<materialKind>110</materialKind>
					<collisionFlags>255</collisionFlags>
					<property>
						alphaReference
						<Int>30</Int>
					</property>
					<property>
						alphaTestEnable
						<Bool>true</Bool>
					</property>
					<property>
						diffuseMap
						<Texture>content/Hangars/h_newyear/customization/Tableful/Attraction/NY22_Attraction_06_glow.dds</Texture>
					</property>
					<property>
						selfIllumination
						<Float>1.500000</Float>
					</property>
					<property>
						srcBlend
						<Int>3</Int>
					</property>
				</material>
				<groupOrigin>0.000000 3.729930 0.000000</groupOrigin>
			</primitiveGroup>
		</geometry>
	</renderSet>
	<renderSet>
		<treatAsWorldSpaceObject>true</treatAsWorldSpaceObject>
		<node>NY22_Attraction_12_ddd_spin_bn_BlendBone</node>
		<node>NY22_Attraction_12_move_bn_BlendBone</node>
		<node>NY22_Attraction_12_root_bn_BlendBone</node>
		<geometry>
			<vertices>s3Shape.vertices</vertices>
			<stream>s3Shape.colour</stream>
			<primitive>s3Shape.indices</primitive>
			<primitiveGroup>
				0
				<material>
					<identifier>s_nd29_skinned</identifier>
					<fx>shaders/custom/emissive_playground_skinned.fx</fx>
					<materialKind>110</materialKind>
					<collisionFlags>255</collisionFlags>
					<property>
						doubleSided
						<Bool>true</Bool>
					</property>
					<property>
						emissionMap
						<Texture>content/Hangars/h_newyear/customization/Tableful/Tent/NY19_Trees_00_AM.dds</Texture>
					</property>
					<property>
						g_deferredMult
						<Float>10.000000</Float>
					</property>
					<property>
						g_offsetBlack
						<Float>0.040000</Float>
					</property>
					<property>
						pattern
						<Texture>content/Hangars/h_newyear/customization/Tableful/Attraction/NY22_Attraction_06_CM.dds</Texture>
					</property>
					<property>
						phaseMap
						<Texture>content/Hangars/h_newyear/customization/Tableful/Attraction/NY22_Attraction_06_CM.dds</Texture>
					</property>
					<property>
						speed
						<Float>0.500000</Float>
					</property>
					<property>
						usePhaseMap
						<Bool>true</Bool>
					</property>
					<property>
						waveLen
						<Float>4.000000</Float>
					</property>
					<property>
						g_forwardMult
						<Float>1.500000</Float>
					</property>
					<property>
						g_offsetBlackFwd
						<Float>0.200000</Float>
					</property>
				</material>
				<groupOrigin>1.312284 2.777845 0.000000</groupOrigin>
			</primitiveGroup>
		</geometry>
	</renderSet>
	<renderSet>
		<treatAsWorldSpaceObject>true</treatAsWorldSpaceObject>
		<node>NY22_Attraction_12_move_bn_BlendBone</node>
		<node>NY22_Attraction_12_ddd_spin_bn_BlendBone</node>
		<node>NY22_Attraction_12_root_bn_BlendBone</node>
		<geometry>
			<vertices>s0Shape.vertices</vertices>
			<stream>s0Shape.colour</stream>
			<primitive>s0Shape.indices</primitive>
			<primitiveGroup>
				0
				<material>
					<identifier>s_nd27_skinned</identifier>
					<fx>shaders/std_effects/PBS_ext_skinned.fx</fx>
					<materialKind>110</materialKind>
					<collisionFlags>255</collisionFlags>
					<property>
						alphaReference
						<Int>64</Int>
					</property>
					<property>
						alphaTestEnable
						<Bool>true</Bool>
					</property>
					<property>
						diffuseMap
						<Texture>content/Hangars/h_newyear/customization/Tableful/Attraction/NY22_Attraction_06_AM.dds</Texture>
					</property>
					<property>
						g_enableAO
						<Bool>true</Bool>
					</property>
					<property>
						metallicGlossMap
						<Texture>content/Hangars/h_newyear/customization/Tableful/Attraction/NY22_Attraction_06_GMM.dds</Texture>
					</property>
					<property>
						normalMap
						<Texture>content/Hangars/h_newyear/customization/Tableful/Attraction/NY22_Attraction_06_ANM.dds</Texture>
					</property>
				</material>
				<groupOrigin>0.000000 3.831906 0.000000</groupOrigin>
			</primitiveGroup>
		</geometry>
	</renderSet>
	<constraints/>
	<boundingBox>
		<min>-9.308691 -0.412266 -9.310328</min>
		<max>9.539376 7.800797 9.281616</max>
	</boundingBox>
	<geometrySize>655652</geometrySize>
	<minUVDensity>0.005181</minUVDensity>
</root>
