<?xml version="1.0" encoding="utf-8"?>
<root>
	<node>
		<identifier>Scene Root</identifier>
		<transform>
			<row0>1.000000 0.000000 0.000000</row0>
			<row1>0.000000 1.000000 0.000000</row1>
			<row2>0.000000 0.000000 1.000000</row2>
			<row3>0.000000 0.000000 0.000000</row3>
		</transform>
		<node>
			<identifier>Root_M</identifier>
			<transform>
				<row0>-0.000000 -0.048852 -0.998806</row0>
				<row1>0.000000 -0.998806 0.048852</row1>
				<row2>-1.000000 0.000000 0.000000</row2>
				<row3>0.000000 1.321090 0.812406</row3>
			</transform>
			<node>
				<identifier>RootPart1_M</identifier>
				<transform>
					<row0>1.000000 0.000000 0.000000</row0>
					<row1>-0.000000 1.000000 0.000000</row1>
					<row2>0.000000 0.000000 1.000000</row2>
					<row3>0.313790 0.000000 0.000000</row3>
				</transform>
				<node>
					<identifier>Spine1_M</identifier>
					<transform>
						<row0>0.999438 -0.033512 0.000000</row0>
						<row1>0.033512 0.999438 0.000000</row1>
						<row2>0.000000 0.000000 1.000000</row2>
						<row3>0.313790 -0.000000 -0.000000</row3>
					</transform>
					<node>
						<identifier>Billy_M</identifier>
						<transform>
							<row0>0.015352 0.999882 -0.000000</row0>
							<row1>-0.999882 0.015352 0.000000</row1>
							<row2>0.000000 0.000000 1.000000</row2>
							<row3>0.002406 0.421194 -0.000000</row3>
						</transform>
						<node>
							<identifier>Billy_M_BlendBone</identifier>
							<transform>
								<row0>-0.000000 0.000000 -1.000000</row0>
								<row1>-1.000000 0.000000 0.000000</row1>
								<row2>-0.000000 -1.000000 -0.000000</row2>
								<row3>0.869251 -0.189636 -0.000000</row3>
							</transform>
						</node>
					</node>
					<node>
						<identifier>Spine1Part1_M</identifier>
						<transform>
							<row0>1.000000 -0.000000 0.000000</row0>
							<row1>0.000000 1.000000 -0.000000</row1>
							<row2>0.000000 0.000000 1.000000</row2>
							<row3>0.313801 0.000000 0.000000</row3>
						</transform>
						<node>
							<identifier>Chest_M</identifier>
							<transform>
								<row0>0.999935 0.011370 0.000000</row0>
								<row1>-0.011370 0.999935 0.000000</row1>
								<row2>0.000000 -0.000000 1.000000</row2>
								<row3>0.313801 0.000000 0.000000</row3>
							</transform>
							<node>
								<identifier>Neck_M</identifier>
								<transform>
									<row0>0.946035 -0.324063 0.000000</row0>
									<row1>0.324063 0.946036 0.000000</row1>
									<row2>0.000000 0.000000 1.000000</row2>
									<row3>0.219558 0.169225 -0.000000</row3>
								</transform>
								<node>
									<identifier>Neck1_M</identifier>
									<transform>
										<row0>0.998291 0.058446 -0.000000</row0>
										<row1>-0.058446 0.998291 -0.000000</row1>
										<row2>0.000000 0.000000 1.000000</row2>
										<row3>0.225239 -0.000000 -0.000000</row3>
									</transform>
									<node>
										<identifier>Head1_M</identifier>
										<transform>
											<row0>0.467769 -0.883851 -0.000000</row0>
											<row1>0.883851 0.467769 0.000000</row1>
											<row2>-0.000000 0.000000 1.000000</row2>
											<row3>0.221565 -0.000000 -0.000000</row3>
										</transform>
										<node>
											<identifier>Ear_L</identifier>
											<transform>
												<row0>-0.254968 0.168841 0.952094</row0>
												<row1>-0.043676 -0.985643 0.163095</row1>
												<row2>0.965963 0.000000 0.258682</row2>
												<row3>0.067733 0.029018 -0.176097</row3>
											</transform>
											<node>
												<identifier>Ear1_L</identifier>
												<transform>
													<row0>1.000000 0.000000 0.000000</row0>
													<row1>0.000000 1.000000 -0.000000</row1>
													<row2>-0.000000 0.000000 1.000000</row2>
													<row3>-0.096671 -0.000000 0.000000</row3>
												</transform>
												<node>
													<identifier>Ear1_L_BlendBone</identifier>
													<transform>
														<row0>-0.952095 -0.163095 -0.258682</row0>
														<row1>-0.287995 0.193749 0.937828</row1>
														<row2>0.102835 -0.967399 0.231437</row2>
														<row3>0.518233 0.873996 -1.421879</row3>
													</transform>
												</node>
											</node>
											<node>
												<identifier>Ear_L_BlendBone</identifier>
												<transform>
													<row0>-0.952095 -0.163095 -0.258682</row0>
													<row1>-0.287995 0.193749 0.937828</row1>
													<row2>0.102835 -0.967399 0.231437</row2>
													<row3>0.421562 0.873997 -1.421879</row3>
												</transform>
											</node>
										</node>
										<node>
											<identifier>Ear_R</identifier>
											<transform>
												<row0>0.254968 -0.168841 0.952094</row0>
												<row1>0.043676 0.985643 0.163095</row1>
												<row2>-0.965963 -0.000000 0.258682</row2>
												<row3>0.067733 0.029018 0.176097</row3>
											</transform>
											<node>
												<identifier>Ear1_R</identifier>
												<transform>
													<row0>1.000000 -0.000000 -0.000000</row0>
													<row1>0.000000 1.000000 -0.000000</row1>
													<row2>0.000000 -0.000000 1.000000</row2>
													<row3>0.096671 -0.000000 0.000000</row3>
												</transform>
												<node>
													<identifier>Ear1_R_BlendBone</identifier>
													<transform>
														<row0>-0.952095 -0.163095 -0.258682</row0>
														<row1>0.287995 -0.193749 -0.937828</row1>
														<row2>-0.102835 0.967399 -0.231437</row2>
														<row3>-0.518233 -0.873996 1.421879</row3>
													</transform>
												</node>
											</node>
											<node>
												<identifier>Ear_R_BlendBone</identifier>
												<transform>
													<row0>-0.952095 -0.163095 -0.258682</row0>
													<row1>0.287995 -0.193749 -0.937828</row1>
													<row2>-0.102835 0.967399 -0.231437</row2>
													<row3>-0.421562 -0.873997 1.421879</row3>
												</transform>
											</node>
										</node>
										<node>
											<identifier>Jaw_M</identifier>
											<transform>
												<row0>-0.243420 0.969921 0.000000</row0>
												<row1>-0.969921 -0.243420 0.000000</row1>
												<row2>0.000000 0.000000 1.000000</row2>
												<row3>-0.251968 0.368651 0.000000</row3>
											</transform>
											<node>
												<identifier>Jaw_M_BlendBone</identifier>
												<transform>
													<row0>-0.000000 0.000000 -1.000000</row0>
													<row1>-0.468716 -0.883349 0.000000</row1>
													<row2>0.883349 -0.468716 -0.000000</row2>
													<row3>-0.803951 1.438402 -0.000000</row3>
												</transform>
											</node>
										</node>
										<node>
											<identifier>Head1_M_BlendBone</identifier>
											<transform>
												<row0>-0.000000 -0.000000 -1.000000</row0>
												<row1>0.970874 -0.239593 0.000000</row1>
												<row2>0.239593 0.970874 -0.000000</row2>
												<row3>-1.451406 -0.761254 -0.000000</row3>
											</transform>
										</node>
									</node>
									<node>
										<identifier>Neck1_M_BlendBone</identifier>
										<transform>
											<row0>-0.000000 -0.000000 -1.000000</row0>
											<row1>0.242381 -0.970181 0.000000</row1>
											<row2>0.970181 0.242381 -0.000000</row2>
											<row3>-1.130193 0.926735 -0.000000</row3>
										</transform>
									</node>
								</node>
								<node>
									<identifier>Neck_M_BlendBone</identifier>
									<transform>
										<row0>-0.000000 -0.000000 -1.000000</row0>
										<row1>0.298670 -0.954357 0.000000</row1>
										<row2>0.954357 0.298670 -0.000000</row2>
										<row3>-0.957187 0.859096 -0.000000</row3>
									</transform>
								</node>
							</node>
							<node>
								<identifier>frontScapular_L</identifier>
								<transform>
									<row0>0.000527 0.001000 0.999999</row0>
									<row1>-0.883724 0.468009 -0.000003</row1>
									<row2>-0.468008 -0.883723 0.001131</row2>
									<row3>0.118101 0.253581 -0.007606</row3>
								</transform>
								<node>
									<identifier>frontHip_L</identifier>
									<transform>
										<row0>-0.000613 -0.841602 0.540098</row0>
										<row1>-0.000950 0.540098 0.841602</row1>
										<row2>-0.999999 0.000003 -0.001131</row2>
										<row3>-0.181967 0.000000 0.000000</row3>
									</transform>
									<node>
										<identifier>frontElbow_L</identifier>
										<transform>
											<row0>0.602781 0.797907 0.000000</row0>
											<row1>-0.797907 0.602781 -0.000000</row1>
											<row2>0.000000 -0.000000 1.000000</row2>
											<row3>-0.294871 0.000000 0.000000</row3>
										</transform>
										<node>
											<identifier>frontKnee_L</identifier>
											<transform>
												<row0>0.910492 -0.413526 -0.000000</row0>
												<row1>-0.413527 -0.910492 -0.000000</row1>
												<row2>0.000000 0.000000 -1.000000</row2>
												<row3>-0.380967 0.000000 0.000000</row3>
											</transform>
											<node>
												<identifier>frontAnkle_L</identifier>
												<transform>
													<row0>0.952771 -0.303690 -0.000000</row0>
													<row1>-0.303690 -0.952771 -0.000000</row1>
													<row2>-0.000000 0.000000 -1.000000</row2>
													<row3>-0.246285 0.000000 0.000000</row3>
												</transform>
												<node>
													<identifier>frontToes_L</identifier>
													<transform>
														<row0>0.632004 0.774965 -0.000000</row0>
														<row1>-0.774965 0.632004 -0.000000</row1>
														<row2>-0.000000 -0.000000 1.000000</row2>
														<row3>-0.135571 0.000000 0.000000</row3>
													</transform>
													<node>
														<identifier>frontToes_L_BlendBone</identifier>
														<transform>
															<row0>0.000000 -0.000000 1.000000</row0>
															<row1>0.405944 -0.913898 -0.000000</row1>
															<row2>-0.913898 -0.405944 0.000000</row2>
															<row3>0.503647 0.268917 -0.189573</row3>
														</transform>
													</node>
												</node>
												<node>
													<identifier>frontAnkle_L_BlendBone</identifier>
													<transform>
														<row0>-0.000000 0.000000 1.000000</row0>
														<row1>0.964797 -0.262995 0.000000</row1>
														<row2>-0.262995 -0.964797 0.000000</row2>
														<row3>-0.025665 0.560265 -0.189573</row3>
													</transform>
												</node>
											</node>
											<node>
												<identifier>frontKnee_L_BlendBone</identifier>
												<transform>
													<row0>-0.000000 -0.000000 -1.000000</row0>
													<row1>0.999100 -0.042426 -0.000000</row1>
													<row2>0.042426 0.999100 -0.000000</row2>
													<row3>-0.440885 -0.526010 0.189573</row3>
												</transform>
											</node>
										</node>
										<node>
											<identifier>frontElbow_L_BlendBone</identifier>
											<transform>
												<row0>0.000000 0.000000 1.000000</row0>
												<row1>0.927216 -0.374526 0.000000</row1>
												<row2>-0.374526 -0.927216 0.000000</row2>
												<row3>-0.564870 0.661246 -0.189573</row3>
											</transform>
										</node>
									</node>
									<node>
										<identifier>frontHip_L_BlendBone</identifier>
										<transform>
											<row0>-0.000000 0.000000 1.000000</row0>
											<row1>0.857745 0.514075 0.000000</row1>
											<row2>0.514075 -0.857745 0.000000</row2>
											<row3>-1.162977 -0.052127 -0.189573</row3>
										</transform>
									</node>
								</node>
								<node>
									<identifier>frontScapular_L_BlendBone</identifier>
									<transform>
										<row0>-0.999999 0.000003 -0.001131</row0>
										<row1>-0.001014 -0.444229 0.895913</row1>
										<row2>0.000500 -0.895913 -0.444229</row2>
										<row3>0.008368 0.950610 -0.671778</row3>
									</transform>
								</node>
							</node>
							<node>
								<identifier>frontScapular_R</identifier>
								<transform>
									<row0>-0.000527 -0.001000 0.999999</row0>
									<row1>0.883724 -0.468009 -0.000003</row1>
									<row2>0.468008 0.883723 0.001131</row2>
									<row3>0.118101 0.253581 0.007606</row3>
								</transform>
								<node>
									<identifier>frontHip_R</identifier>
									<transform>
										<row0>-0.000613 -0.841602 0.540098</row0>
										<row1>-0.000950 0.540098 0.841602</row1>
										<row2>-0.999999 0.000003 -0.001131</row2>
										<row3>0.181967 0.000000 0.000000</row3>
									</transform>
									<node>
										<identifier>frontElbow_R</identifier>
										<transform>
											<row0>0.602781 0.797907 0.000000</row0>
											<row1>-0.797907 0.602781 -0.000000</row1>
											<row2>-0.000000 0.000000 1.000000</row2>
											<row3>0.294871 -0.000000 0.000000</row3>
										</transform>
										<node>
											<identifier>frontKnee_R</identifier>
											<transform>
												<row0>0.910492 -0.413526 -0.000000</row0>
												<row1>-0.413527 -0.910492 -0.000000</row1>
												<row2>-0.000000 -0.000000 -1.000000</row2>
												<row3>0.380967 0.000000 0.000000</row3>
											</transform>
											<node>
												<identifier>frontAnkle_R</identifier>
												<transform>
													<row0>0.952771 -0.303690 -0.000000</row0>
													<row1>-0.303690 -0.952771 -0.000000</row1>
													<row2>-0.000000 0.000000 -1.000000</row2>
													<row3>0.246285 0.000000 -0.000000</row3>
												</transform>
												<node>
													<identifier>frontToes_R</identifier>
													<transform>
														<row0>0.632004 0.774965 -0.000000</row0>
														<row1>-0.774965 0.632004 -0.000000</row1>
														<row2>0.000000 0.000000 1.000000</row2>
														<row3>0.135571 0.000000 0.000000</row3>
													</transform>
													<node>
														<identifier>frontToesEnd_R</identifier>
														<transform>
															<row0>1.000000 -0.000000 0.000000</row0>
															<row1>-0.000000 1.000000 -0.000000</row1>
															<row2>0.000000 0.000000 1.000000</row2>
															<row3>0.102444 0.000000 0.000000</row3>
														</transform>
														<node>
															<identifier>frontToesEnd_R_BlendBone</identifier>
															<transform>
																<row0>-0.000000 -0.000000 1.000000</row0>
																<row1>-0.405944 0.913898 0.000000</row1>
																<row2>0.913898 0.405944 0.000000</row2>
																<row3>-0.606090 -0.268917 0.189573</row3>
															</transform>
														</node>
													</node>
													<node>
														<identifier>frontToes_R_BlendBone</identifier>
														<transform>
															<row0>-0.000000 -0.000000 1.000000</row0>
															<row1>-0.405944 0.913898 0.000000</row1>
															<row2>0.913898 0.405944 0.000000</row2>
															<row3>-0.503647 -0.268917 0.189573</row3>
														</transform>
													</node>
												</node>
												<node>
													<identifier>frontAnkle_R_BlendBone</identifier>
													<transform>
														<row0>-0.000000 -0.000000 1.000000</row0>
														<row1>-0.964797 0.262995 0.000000</row1>
														<row2>0.262995 0.964797 0.000000</row2>
														<row3>0.025665 -0.560265 0.189573</row3>
													</transform>
												</node>
											</node>
											<node>
												<identifier>frontKnee_R_BlendBone</identifier>
												<transform>
													<row0>0.000000 0.000000 -1.000000</row0>
													<row1>-0.999100 0.042426 -0.000000</row1>
													<row2>-0.042426 -0.999100 -0.000000</row2>
													<row3>0.440885 0.526010 -0.189573</row3>
												</transform>
											</node>
										</node>
										<node>
											<identifier>frontElbow_R_BlendBone</identifier>
											<transform>
												<row0>-0.000000 -0.000000 1.000000</row0>
												<row1>-0.927216 0.374526 0.000000</row1>
												<row2>0.374526 0.927216 0.000000</row2>
												<row3>0.564870 -0.661246 0.189573</row3>
											</transform>
										</node>
									</node>
									<node>
										<identifier>frontHip_R_BlendBone</identifier>
										<transform>
											<row0>0.000000 -0.000000 1.000000</row0>
											<row1>-0.857745 -0.514075 0.000000</row1>
											<row2>-0.514075 0.857745 0.000000</row2>
											<row3>1.162977 0.052127 0.189573</row3>
										</transform>
									</node>
								</node>
								<node>
									<identifier>frontScapular_R_BlendBone</identifier>
									<transform>
										<row0>-0.999999 0.000003 -0.001131</row0>
										<row1>0.001014 0.444229 -0.895913</row1>
										<row2>-0.000500 0.895913 0.444229</row2>
										<row3>-0.008368 -0.950610 0.671778</row3>
									</transform>
								</node>
							</node>
							<node>
								<identifier>Chest_M_BlendBone</identifier>
								<transform>
									<row0>-0.000000 0.000000 -1.000000</row0>
									<row1>-0.026719 -0.999643 0.000000</row1>
									<row2>0.999643 -0.026719 -0.000000</row2>
									<row3>-0.407574 1.292148 -0.000000</row3>
								</transform>
							</node>
						</node>
						<node>
							<identifier>Spine1Part1_M_BlendBone</identifier>
							<transform>
								<row0>-0.000000 0.000000 -1.000000</row0>
								<row1>-0.015352 -0.999882 0.000000</row1>
								<row2>0.999882 -0.015352 -0.000000</row2>
								<row3>-0.108437 1.287431 -0.000000</row3>
							</transform>
						</node>
					</node>
					<node>
						<identifier>Spine1_M_BlendBone</identifier>
						<transform>
							<row0>-0.000000 0.000000 -1.000000</row0>
							<row1>-0.015352 -0.999882 0.000000</row1>
							<row2>0.999882 -0.015352 -0.000000</row2>
							<row3>0.205364 1.287431 -0.000000</row3>
						</transform>
					</node>
				</node>
				<node>
					<identifier>RootPart1_M_BlendBone</identifier>
					<transform>
						<row0>-0.000000 0.000000 -1.000000</row0>
						<row1>-0.048852 -0.998806 0.000000</row1>
						<row2>0.998806 -0.048852 -0.000000</row2>
						<row3>0.562183 1.279825 -0.000000</row3>
					</transform>
				</node>
			</node>
			<node>
				<identifier>Tail0_M</identifier>
				<transform>
					<row0>-0.578330 0.815803 0.000000</row0>
					<row1>0.815803 0.578330 0.000000</row1>
					<row2>0.000000 0.000000 -1.000000</row2>
					<row3>-0.315968 -0.053967 -0.000000</row3>
				</transform>
				<node>
					<identifier>Tail1_M</identifier>
					<transform>
						<row0>0.862563 0.505950 0.000000</row0>
						<row1>-0.505950 0.862563 0.000000</row1>
						<row2>0.000000 0.000000 1.000000</row2>
						<row3>0.191238 0.000000 -0.000000</row3>
					</transform>
					<node>
						<identifier>Tail2_M</identifier>
						<transform>
							<row0>1.000000 -0.000000 -0.000000</row0>
							<row1>0.000000 1.000000 0.000000</row1>
							<row2>0.000000 -0.000000 1.000000</row2>
							<row3>0.180101 0.000000 0.000000</row3>
						</transform>
						<node>
							<identifier>Tail3_M</identifier>
							<transform>
								<row0>1.000000 -0.000000 -0.000000</row0>
								<row1>-0.000000 1.000000 -0.000000</row1>
								<row2>-0.000000 0.000000 1.000000</row2>
								<row3>0.171912 0.000000 0.000000</row3>
							</transform>
							<node>
								<identifier>Tail4_M</identifier>
								<transform>
									<row0>0.998042 -0.062551 0.000000</row0>
									<row1>0.062551 0.998042 -0.000000</row1>
									<row2>-0.000000 0.000000 1.000000</row2>
									<row3>0.157762 0.000000 0.000000</row3>
								</transform>
								<node>
									<identifier>Tail5_M</identifier>
									<transform>
										<row0>1.000000 -0.000000 -0.000000</row0>
										<row1>0.000000 1.000000 0.000000</row1>
										<row2>-0.000000 -0.000000 1.000000</row2>
										<row3>0.136906 0.000000 0.000000</row3>
									</transform>
									<node>
										<identifier>Tail6_M</identifier>
										<transform>
											<row0>1.000000 0.000000 0.000000</row0>
											<row1>0.000000 1.000000 0.000000</row1>
											<row2>0.000000 0.000000 1.000000</row2>
											<row3>0.269963 0.000000 0.000000</row3>
										</transform>
										<node>
											<identifier>Tail6_M_BlendBone</identifier>
											<transform>
												<row0>-0.000000 -0.000000 1.000000</row0>
												<row1>-0.980529 -0.196375 -0.000000</row1>
												<row2>-0.196375 0.980529 0.000000</row2>
												<row3>0.056032 1.430856 0.000000</row3>
											</transform>
										</node>
									</node>
									<node>
										<identifier>Tail5_M_BlendBone</identifier>
										<transform>
											<row0>-0.000000 -0.000000 1.000000</row0>
											<row1>-0.980529 -0.196375 -0.000000</row1>
											<row2>-0.196375 0.980529 0.000000</row2>
											<row3>0.325995 1.430856 0.000000</row3>
										</transform>
									</node>
								</node>
								<node>
									<identifier>Tail4_M_BlendBone</identifier>
									<transform>
										<row0>-0.000000 -0.000000 1.000000</row0>
										<row1>-0.980529 -0.196375 -0.000000</row1>
										<row2>-0.196375 0.980529 0.000000</row2>
										<row3>0.462902 1.430856 0.000000</row3>
									</transform>
								</node>
							</node>
							<node>
								<identifier>Tail3_M_BlendBone</identifier>
								<transform>
									<row0>-0.000000 -0.000000 1.000000</row0>
									<row1>-0.990892 -0.134658 -0.000000</row1>
									<row2>-0.134658 0.990892 0.000000</row2>
									<row3>0.709258 1.399099 0.000000</row3>
								</transform>
							</node>
						</node>
						<node>
							<identifier>Tail2_M_BlendBone</identifier>
							<transform>
								<row0>-0.000000 -0.000000 1.000000</row0>
								<row1>-0.990892 -0.134658 -0.000000</row1>
								<row2>-0.134658 0.990892 0.000000</row2>
								<row3>0.881170 1.399099 0.000000</row3>
							</transform>
						</node>
					</node>
					<node>
						<identifier>Tail1_M_BlendBone</identifier>
						<transform>
							<row0>-0.000000 -0.000000 1.000000</row0>
							<row1>-0.990892 -0.134658 -0.000000</row1>
							<row2>-0.134658 0.990892 0.000000</row2>
							<row3>1.061271 1.399099 0.000000</row3>
						</transform>
					</node>
				</node>
				<node>
					<identifier>Tail0_M_BlendBone</identifier>
					<transform>
						<row0>0.000000 -0.000000 1.000000</row0>
						<row1>-0.786577 -0.617493 -0.000000</row1>
						<row2>-0.617493 0.786577 0.000000</row2>
						<row3>0.398777 1.743761 0.000000</row3>
					</transform>
				</node>
			</node>
			<node>
				<identifier>Udder_M</identifier>
				<transform>
					<row0>0.048852 0.998806 0.000000</row0>
					<row1>-0.998806 0.048852 0.000000</row1>
					<row2>0.000000 0.000000 1.000000</row2>
					<row3>0.030106 0.615616 0.000000</row3>
				</transform>
				<node>
					<identifier>UdderEnd_M</identifier>
					<transform>
						<row0>1.000000 0.000000 0.000000</row0>
						<row1>0.000000 1.000000 0.000000</row1>
						<row2>0.000000 -0.000000 1.000000</row2>
						<row3>0.288109 0.000000 0.000000</row3>
					</transform>
					<node>
						<identifier>UdderEnd_M_BlendBone</identifier>
						<transform>
							<row0>-0.000000 0.000000 -1.000000</row0>
							<row1>-1.000000 -0.000000 0.000000</row1>
							<row2>0.000000 -1.000000 -0.000000</row2>
							<row3>0.416629 -0.812410 -0.000000</row3>
						</transform>
					</node>
				</node>
				<node>
					<identifier>Udder_M_BlendBone</identifier>
					<transform>
						<row0>-0.000000 0.000000 -1.000000</row0>
						<row1>-1.000000 -0.000000 0.000000</row1>
						<row2>0.000000 -1.000000 -0.000000</row2>
						<row3>0.704739 -0.812410 -0.000000</row3>
					</transform>
				</node>
			</node>
			<node>
				<identifier>backHip_L</identifier>
				<transform>
					<row0>-0.409422 -0.912345 0.000000</row0>
					<row1>-0.912345 0.409422 0.000000</row1>
					<row2>0.000000 -0.000000 -1.000000</row2>
					<row3>-0.132827 0.231819 -0.189293</row3>
				</transform>
				<node>
					<identifier>backElbow_L</identifier>
					<transform>
						<row0>0.477725 -0.878510 0.000000</row0>
						<row1>0.878510 0.477725 -0.000000</row1>
						<row2>-0.000000 -0.000000 1.000000</row2>
						<row3>-0.329728 0.000000 0.000000</row3>
					</transform>
					<node>
						<identifier>backKnee_L</identifier>
						<transform>
							<row0>0.592722 0.805407 0.000000</row0>
							<row1>0.805407 -0.592722 -0.000000</row1>
							<row2>-0.000000 0.000000 -1.000000</row2>
							<row3>-0.369283 0.000000 0.000000</row3>
						</transform>
						<node>
							<identifier>backAnkle_L</identifier>
							<transform>
								<row0>0.981782 -0.190009 0.000000</row0>
								<row1>-0.190009 -0.981782 0.000000</row1>
								<row2>0.000000 -0.000000 -1.000000</row2>
								<row3>-0.369449 0.000000 0.000000</row3>
							</transform>
							<node>
								<identifier>backToes_L</identifier>
								<transform>
									<row0>0.747804 0.663920 0.000000</row0>
									<row1>-0.663920 0.747804 0.000000</row1>
									<row2>-0.000000 -0.000000 1.000000</row2>
									<row3>-0.119425 0.000000 0.000000</row3>
								</transform>
								<node>
									<identifier>backToesEnd_L</identifier>
									<transform>
										<row0>1.000000 0.000000 0.000000</row0>
										<row1>0.000000 1.000000 0.000000</row1>
										<row2>-0.000000 -0.000000 1.000000</row2>
										<row3>-0.095169 0.000000 0.000000</row3>
									</transform>
									<node>
										<identifier>backToesEnd_L_BlendBone</identifier>
										<transform>
											<row0>0.000000 0.000000 1.000000</row0>
											<row1>0.405018 -0.914308 -0.000000</row1>
											<row2>-0.914308 -0.405018 0.000000</row2>
											<row3>-0.778077 -0.344549 -0.189293</row3>
										</transform>
									</node>
								</node>
								<node>
									<identifier>backToes_L_BlendBone</identifier>
									<transform>
										<row0>0.000000 0.000000 1.000000</row0>
										<row1>0.405018 -0.914308 -0.000000</row1>
										<row2>-0.914308 -0.405018 0.000000</row2>
										<row3>-0.873246 -0.344549 -0.189293</row3>
									</transform>
								</node>
							</node>
							<node>
								<identifier>backAnkle_L_BlendBone</identifier>
								<transform>
									<row0>0.000000 0.000000 1.000000</row0>
									<row1>0.909902 -0.414824 -0.000000</row1>
									<row2>-0.414824 -0.909902 0.000000</row2>
									<row3>-0.543689 -0.837421 -0.189293</row3>
								</transform>
							</node>
						</node>
						<node>
							<identifier>backKnee_L_BlendBone</identifier>
							<transform>
								<row0>0.000000 -0.000000 -1.000000</row0>
								<row1>0.972146 0.234376 0.000000</row1>
								<row2>-0.234376 0.972146 -0.000000</row2>
								<row3>-0.744116 0.925471 0.189293</row3>
							</transform>
						</node>
					</node>
					<node>
						<identifier>backElbow_L_BlendBone</identifier>
						<transform>
							<row0>-0.000000 0.000000 1.000000</row0>
							<row1>0.764981 0.644053 -0.000000</row1>
							<row2>0.644053 -0.764981 0.000000</row2>
							<row3>-0.064957 -1.147863 -0.189293</row3>
						</transform>
					</node>
				</node>
				<node>
					<identifier>backHip_L_BlendBone</identifier>
					<transform>
						<row0>0.000000 0.000000 1.000000</row0>
						<row1>0.931257 -0.364363 -0.000000</row1>
						<row2>-0.364363 -0.931257 0.000000</row2>
						<row3>-1.369168 -0.491297 -0.189293</row3>
					</transform>
				</node>
			</node>
			<node>
				<identifier>backHip_R</identifier>
				<transform>
					<row0>0.409422 0.912345 -0.000000</row0>
					<row1>0.912345 -0.409422 0.000000</row1>
					<row2>0.000000 -0.000000 -1.000000</row2>
					<row3>-0.132827 0.231819 0.189293</row3>
				</transform>
				<node>
					<identifier>backElbow_R</identifier>
					<transform>
						<row0>0.477725 -0.878510 -0.000000</row0>
						<row1>0.878510 0.477725 -0.000000</row1>
						<row2>0.000000 0.000000 1.000000</row2>
						<row3>0.329728 0.000000 0.000000</row3>
					</transform>
					<node>
						<identifier>backKnee_R</identifier>
						<transform>
							<row0>0.592722 0.805407 -0.000000</row0>
							<row1>0.805407 -0.592722 0.000000</row1>
							<row2>0.000000 -0.000000 -1.000000</row2>
							<row3>0.369283 0.000000 0.000000</row3>
						</transform>
						<node>
							<identifier>backAnkle_R</identifier>
							<transform>
								<row0>0.981782 -0.190009 0.000000</row0>
								<row1>-0.190009 -0.981782 0.000000</row1>
								<row2>0.000000 -0.000000 -1.000000</row2>
								<row3>0.369449 0.000000 0.000000</row3>
							</transform>
							<node>
								<identifier>backToes_R</identifier>
								<transform>
									<row0>0.747804 0.663920 0.000000</row0>
									<row1>-0.663920 0.747804 0.000000</row1>
									<row2>0.000000 0.000000 1.000000</row2>
									<row3>0.119425 0.000000 -0.000000</row3>
								</transform>
								<node>
									<identifier>backToesEnd_R</identifier>
									<transform>
										<row0>1.000000 0.000000 -0.000000</row0>
										<row1>-0.000000 1.000000 0.000000</row1>
										<row2>-0.000000 0.000000 1.000000</row2>
										<row3>0.095169 0.000000 0.000000</row3>
									</transform>
									<node>
										<identifier>backToesEnd_R_BlendBone</identifier>
										<transform>
											<row0>0.000000 -0.000000 1.000000</row0>
											<row1>-0.405018 0.914309 0.000000</row1>
											<row2>0.914309 0.405018 -0.000000</row2>
											<row3>0.778077 0.344549 0.189293</row3>
										</transform>
									</node>
								</node>
								<node>
									<identifier>backToes_R_BlendBone</identifier>
									<transform>
										<row0>0.000000 -0.000000 1.000000</row0>
										<row1>-0.405018 0.914309 0.000000</row1>
										<row2>0.914309 0.405018 -0.000000</row2>
										<row3>0.873246 0.344549 0.189293</row3>
									</transform>
								</node>
							</node>
							<node>
								<identifier>backAnkle_R_BlendBone</identifier>
								<transform>
									<row0>-0.000000 -0.000000 1.000000</row0>
									<row1>-0.909902 0.414823 0.000000</row1>
									<row2>0.414823 0.909902 0.000000</row2>
									<row3>0.543689 0.837421 0.189293</row3>
								</transform>
							</node>
						</node>
						<node>
							<identifier>backKnee_R_BlendBone</identifier>
							<transform>
								<row0>0.000000 0.000000 -1.000000</row0>
								<row1>-0.972146 -0.234376 -0.000000</row1>
								<row2>0.234376 -0.972146 -0.000000</row2>
								<row3>0.744116 -0.925471 -0.189293</row3>
							</transform>
						</node>
					</node>
					<node>
						<identifier>backElbow_R_BlendBone</identifier>
						<transform>
							<row0>0.000000 -0.000000 1.000000</row0>
							<row1>-0.764981 -0.644053 0.000000</row1>
							<row2>-0.644053 0.764981 0.000000</row2>
							<row3>0.064957 1.147863 0.189293</row3>
						</transform>
					</node>
				</node>
				<node>
					<identifier>backHip_R_BlendBone</identifier>
					<transform>
						<row0>-0.000000 -0.000000 1.000000</row0>
						<row1>-0.931257 0.364363 0.000000</row1>
						<row2>0.364363 0.931257 0.000000</row2>
						<row3>1.369168 0.491297 0.189293</row3>
					</transform>
				</node>
			</node>
			<node>
				<identifier>Root_M_BlendBone</identifier>
				<transform>
					<row0>-0.000000 0.000000 -1.000000</row0>
					<row1>-0.048852 -0.998806 0.000000</row1>
					<row2>0.998806 -0.048852 -0.000000</row2>
					<row3>0.875973 1.279826 -0.000000</row3>
				</transform>
			</node>
		</node>
	</node>
	<renderSet>
		<treatAsWorldSpaceObject>true</treatAsWorldSpaceObject>
		<node>Tail0_M_BlendBone</node>
		<node>Tail1_M_BlendBone</node>
		<node>Root_M_BlendBone</node>
		<node>Udder_M_BlendBone</node>
		<node>RootPart1_M_BlendBone</node>
		<node>backHip_L_BlendBone</node>
		<node>backElbow_L_BlendBone</node>
		<node>Tail5_M_BlendBone</node>
		<node>Billy_M_BlendBone</node>
		<node>Head1_M_BlendBone</node>
		<node>Neck_M_BlendBone</node>
		<node>Neck1_M_BlendBone</node>
		<node>backHip_R_BlendBone</node>
		<node>Tail4_M_BlendBone</node>
		<node>Tail3_M_BlendBone</node>
		<node>Tail2_M_BlendBone</node>
		<node>Chest_M_BlendBone</node>
		<node>frontElbow_L_BlendBone</node>
		<node>frontElbow_R_BlendBone</node>
		<node>frontHip_L_BlendBone</node>
		<node>Spine1Part1_M_BlendBone</node>
		<node>Spine1_M_BlendBone</node>
		<node>Ear_R_BlendBone</node>
		<node>Ear1_R_BlendBone</node>
		<node>backElbow_R_BlendBone</node>
		<node>frontHip_R_BlendBone</node>
		<node>backAnkle_R_BlendBone</node>
		<node>backToes_R_BlendBone</node>
		<node>backKnee_R_BlendBone</node>
		<node>frontAnkle_R_BlendBone</node>
		<node>frontToes_R_BlendBone</node>
		<node>frontKnee_R_BlendBone</node>
		<node>frontScapular_R_BlendBone</node>
		<node>Ear_L_BlendBone</node>
		<node>Ear1_L_BlendBone</node>
		<node>backAnkle_L_BlendBone</node>
		<node>backToes_L_BlendBone</node>
		<node>backKnee_L_BlendBone</node>
		<node>frontAnkle_L_BlendBone</node>
		<node>frontToes_L_BlendBone</node>
		<node>frontKnee_L_BlendBone</node>
		<node>frontScapular_L_BlendBone</node>
		<node>Jaw_M_BlendBone</node>
		<geometry>
			<vertices>BodyShapeDeformed.vertices</vertices>
			<primitive>BodyShapeDeformed.indices</primitive>
			<primitiveGroup>
				0
				<material>
					<identifier>Body_mat_skinned</identifier>
					<fx>shaders/std_effects/PBS_ext_skinned.fx</fx>
					<materialKind>0</materialKind>
					<collisionFlags>255</collisionFlags>
					<property>
						diffuseMap
						<Texture>content/Characters/hd_anml_m_0004_Cow/hd_anml_m_0004_Cow_AM.dds</Texture>
					</property>
					<property>
						g_enableAO
						<Bool>true</Bool>
					</property>
					<property>
						metallicGlossMap
						<Texture>content/Characters/hd_anml_m_0004_Cow/hd_anml_m_0004_Cow_GMM.dds</Texture>
					</property>
					<property>
						normalMap
						<Texture>content/Characters/hd_anml_m_0004_Cow/hd_anml_m_0004_Cow_ANM.dds</Texture>
					</property>
				</material>
				<groupOrigin>-0.000000 0.788312 0.074890</groupOrigin>
			</primitiveGroup>
		</geometry>
	</renderSet>
	<constraints/>
	<boundingBox>
		<min>-0.402651 0.013656 -1.561279</min>
		<max>0.402651 1.562968 1.411500</max>
	</boundingBox>
	<geometrySize>119364</geometrySize>
	<minUVDensity>0.026480</minUVDensity>
</root>
