<?xml version="1.0" encoding="utf-8"?>
<root>
	<node>
		<identifier>Scene Root</identifier>
		<transform>
			<row0>1.000000 0.000000 0.000000</row0>
			<row1>0.000000 1.000000 0.000000</row1>
			<row2>0.000000 0.000000 1.000000</row2>
			<row3>0.000000 0.000000 0.000000</row3>
		</transform>
		<node>
			<identifier>lod0</identifier>
			<transform>
				<row0>1.000000 0.000000 0.000000</row0>
				<row1>0.000000 1.000000 0.000000</row1>
				<row2>0.000000 0.000000 1.000000</row2>
				<row3>0.000000 0.000000 0.000000</row3>
			</transform>
			<node>
				<identifier>hull</identifier>
				<transform>
					<row0>1.000000 0.000000 0.000000</row0>
					<row1>0.000000 1.000000 0.000000</row1>
					<row2>0.000000 0.000000 1.000000</row2>
					<row3>0.000000 -0.896720 0.000000</row3>
				</transform>
			</node>
		</node>
		<node>
			<identifier>nodes_01</identifier>
			<transform>
				<row0>1.000000 0.000000 0.000000</row0>
				<row1>0.000000 1.000000 0.000000</row1>
				<row2>0.000000 0.000000 1.000000</row2>
				<row3>0.000000 0.000000 0.000000</row3>
			</transform>
			<node>
				<identifier>HP_Fire_1</identifier>
				<transform>
					<row0>1.000000 0.000000 0.000000</row0>
					<row1>0.000000 1.000000 0.000000</row1>
					<row2>0.000000 0.000000 1.000000</row2>
					<row3>0.000000 0.336341 -1.863713</row3>
				</transform>
			</node>
			<node>
				<identifier>HP_Fire_2</identifier>
				<transform>
					<row0>1.000000 0.000000 0.000000</row0>
					<row1>0.000000 1.000000 0.000000</row1>
					<row2>0.000000 0.000000 1.000000</row2>
					<row3>0.000000 0.078195 2.398264</row3>
				</transform>
			</node>
			<node>
				<identifier>HP_TrackUp_LFront</identifier>
				<transform>
					<row0>1.000000 0.000000 0.000000</row0>
					<row1>0.000000 0.978148 0.207912</row1>
					<row2>0.000000 -0.207912 0.978148</row2>
					<row3>-1.419695 0.137978 3.399827</row3>
				</transform>
			</node>
			<node>
				<identifier>HP_TrackUp_LRear</identifier>
				<transform>
					<row0>-1.000000 0.000000 0.000000</row0>
					<row1>0.000000 0.858373 -0.513027</row1>
					<row2>-0.000000 -0.513027 -0.858373</row2>
					<row3>-1.419695 0.094609 -3.375012</row3>
				</transform>
			</node>
			<node>
				<identifier>HP_TrackUp_RFront</identifier>
				<transform>
					<row0>1.000000 0.000000 0.000000</row0>
					<row1>0.000000 0.978148 0.207912</row1>
					<row2>0.000000 -0.207912 0.978148</row2>
					<row3>1.409172 0.137978 3.399827</row3>
				</transform>
			</node>
			<node>
				<identifier>HP_TrackUp_RRear</identifier>
				<transform>
					<row0>-1.000000 0.000000 0.000000</row0>
					<row1>0.000000 0.858373 -0.513027</row1>
					<row2>-0.000000 -0.513027 -0.858373</row2>
					<row3>1.409172 0.094609 -3.375012</row3>
				</transform>
			</node>
			<node>
				<identifier>HP_Track_Exhaus_1</identifier>
				<transform>
					<row0>-0.707107 0.000000 0.707107</row0>
					<row1>0.000000 1.000000 0.000000</row1>
					<row2>-0.707107 0.000000 -0.707107</row2>
					<row3>-0.855332 0.759413 -2.809714</row3>
				</transform>
			</node>
			<node>
				<identifier>HP_Track_Exhaus_2</identifier>
				<transform>
					<row0>-0.707107 0.000000 -0.707107</row0>
					<row1>0.000000 1.000000 0.000000</row1>
					<row2>0.707107 0.000000 -0.707107</row2>
					<row3>0.855092 0.759413 -2.809258</row3>
				</transform>
			</node>
			<node>
				<identifier>HP_turretJoint</identifier>
				<transform>
					<row0>1.000000 0.000000 0.000000</row0>
					<row1>0.000000 1.000000 0.000000</row1>
					<row2>0.000000 0.000000 1.000000</row2>
					<row3>0.000000 0.715477 0.668500</row3>
				</transform>
			</node>
		</node>
	</node>
	<renderSet>
		<treatAsWorldSpaceObject>false</treatAsWorldSpaceObject>
		<node>Scene Root</node>
		<geometry>
			<vertices>vertices</vertices>
			<primitive>indices</primitive>
			<primitiveGroup>
				0
				<material>
					<identifier>tank_hull_01</identifier>
					<property>
						selfIllumination
						<Float>0.000000</Float>
					</property>
					<collisionFlags>0</collisionFlags>
					<materialKind>0</materialKind>
					<fx>shaders/std_effects/PBS_tank.fx</fx>
					<property>
						metallicGlossMap
						<Texture>vehicles/russian/R45_IS-7/_skins/R45_IS_7_3DSt_HW_21/IS_7_3DSt_HW_21_hull_01_GMM.dds</Texture>
					</property>
					<property>
						normalMap
						<Texture>vehicles/russian/R45_IS-7/_skins/R45_IS_7_3DSt_HW_21/IS_7_3DSt_HW_21_hull_01_ANM.dds</Texture>
					</property>
					<property>
						diffuseMap
						<Texture>vehicles/russian/R45_IS-7/_skins/R45_IS_7_3DSt_HW_21/IS_7_3DSt_HW_21_hull_01_AM.dds</Texture>
					</property>
					<property>
						excludeMaskAndAOMap
						<Texture>vehicles/russian/R45_IS-7/_skins/R45_IS_7_3DSt_HW_21/IS_7_3DSt_HW_21_hull_01_AO.dds</Texture>
					</property>
					<property>
						alphaReference
						<Int>64</Int>
					</property>
					<property>
						alphaTestEnable
						<Bool>true</Bool>
					</property>
				</material>
				<groupOrigin>0.022999 0.128638 -0.110135</groupOrigin>
			</primitiveGroup>
			<primitiveGroup>
				1
				<material>
					<identifier>tank_equipment</identifier>
					<property>
						alphaReference
						<Int>64</Int>
					</property>
					<property>
						alphaTestEnable
						<Bool>true</Bool>
					</property>
					<property>
						doubleSided
						<Bool>true</Bool>
					</property>
					<property>
						selfIllumination
						<Float>0.000000</Float>
					</property>
					<property>
						diffuseMap
						<Texture>vehicles/russian/R45_IS-7/_skins/R45_IS_7_3DSt_HW_21/IS_7_3DSt_HW_21_equipment_AM.dds</Texture>
					</property>
					<collisionFlags>0</collisionFlags>
					<materialKind>0</materialKind>
					<fx>shaders/std_effects/PBS_tank.fx</fx>
					<property>
						excludeMaskAndAOMap
						<Texture>vehicles/russian/R45_IS-7/_skins/R45_IS_7_3DSt_HW_21/IS_7_3DSt_HW_21_equipment_AO.dds</Texture>
					</property>
					<property>
						metallicGlossMap
						<Texture>vehicles/russian/R45_IS-7/_skins/R45_IS_7_3DSt_HW_21/IS_7_3DSt_HW_21_equipment_GMM.dds</Texture>
					</property>
					<property>
						normalMap
						<Texture>vehicles/russian/R45_IS-7/_skins/R45_IS_7_3DSt_HW_21/IS_7_3DSt_HW_21_equipment_ANM.dds</Texture>
					</property>
				</material>
				<groupOrigin>-0.704697 0.569679 -1.176670</groupOrigin>
			</primitiveGroup>
		</geometry>
	</renderSet>
	<boundingBox>
		<min>-2.256286 -0.629065 -3.964369</min>
		<max>1.949148 0.928182 3.744098</max>
	</boundingBox>
	<geometrySize>190424</geometrySize>
	<minUVDensity>0.002339</minUVDensity>
</root>
