<?xml version="1.0" encoding="utf-8"?>
<root>
	<node>
		<identifier>Scene Root</identifier>
		<transform>
			<row0>1.000000 0.000000 0.000000</row0>
			<row1>0.000000 1.000000 0.000000</row1>
			<row2>0.000000 0.000000 1.000000</row2>
			<row3>0.000000 0.000000 0.000000</row3>
		</transform>
		<node>
			<identifier>Root</identifier>
			<transform>
				<row0>1.000000 0.000000 0.000000</row0>
				<row1>0.000000 1.000000 0.000000</row1>
				<row2>0.000000 0.000000 1.000000</row2>
				<row3>0.000000 0.000000 0.000000</row3>
			</transform>
			<node>
				<identifier>Root_M</identifier>
				<transform>
					<row0>0.000000 1.000000 -0.000014</row0>
					<row1>-0.000000 -0.000014 -1.000000</row1>
					<row2>-1.000000 0.000000 0.000000</row2>
					<row3>0.000000 0.858436 -0.053024</row3>
				</transform>
				<node>
					<identifier>Hip_L</identifier>
					<transform>
						<row0>0.999591 0.028524 0.002016</row0>
						<row1>0.028542 -0.999548 -0.009457</row1>
						<row2>0.001745 0.009511 -0.999953</row2>
						<row3>-0.001301 -0.000005 -0.106059</row3>
					</transform>
					<node>
						<identifier>Knee_L</identifier>
						<transform>
							<row0>0.994076 -0.108690 -0.000000</row0>
							<row1>0.108690 0.994076 -0.000000</row1>
							<row2>0.000001 0.000000 1.000000</row2>
							<row3>-0.391541 0.000000 0.000000</row3>
						</transform>
						<node>
							<identifier>Ankle_L</identifier>
							<transform>
								<row0>0.990565 0.137032 0.001745</row0>
								<row1>-0.137009 0.990522 -0.009759</row1>
								<row2>-0.003066 0.009428 0.999951</row2>
								<row3>-0.370799 0.000000 0.000000</row3>
							</transform>
							<node>
								<identifier>Toes_L</identifier>
								<transform>
									<row0>0.239998 0.970773 0.000390</row0>
									<row1>-0.970603 0.239963 -0.018619</row1>
									<row2>-0.018168 0.004090 0.999827</row2>
									<row3>-0.064376 -0.134579 0.000000</row3>
								</transform>
								<node>
									<identifier>Toes_L_BlendBone</identifier>
									<transform>
										<row0>0.000150 -0.018678 0.999825</row0>
										<row1>0.239998 -0.970603 -0.018169</row1>
										<row2>-0.970773 -0.239959 -0.004337</row2>
										<row3>0.113754 0.065237 -0.106823</row3>
									</transform>
								</node>
							</node>
							<node>
								<identifier>Ankle_L_BlendBone</identifier>
								<transform>
									<row0>0.000000 -0.000248 1.000000</row0>
									<row1>1.000000 -0.000000 -0.000000</row1>
									<row2>-0.000000 -1.000000 -0.000248</row2>
									<row3>-0.098454 -0.008932 -0.107975</row3>
								</transform>
							</node>
						</node>
						<node>
							<identifier>Knee_L_BlendBone</identifier>
							<transform>
								<row0>-0.003032 0.009182 0.999953</row0>
								<row1>0.990565 0.137032 0.001745</row1>
								<row2>0.137009 -0.990524 0.009511</row2>
								<row3>-0.466770 -0.023356 -0.108054</row3>
							</transform>
						</node>
					</node>
					<node>
						<identifier>Hip_L_BlendBone</identifier>
						<transform>
							<row0>-0.002016 0.009457 0.999953</row0>
							<row1>0.999591 0.028556 0.001745</row1>
							<row2>0.028538 -0.999547 0.009511</row2>
							<row3>-0.858084 0.027515 -0.108054</row3>
						</transform>
					</node>
				</node>
				<node>
					<identifier>Hip_R</identifier>
					<transform>
						<row0>-0.999591 -0.028524 0.002016</row0>
						<row1>-0.028542 0.999548 -0.009457</row1>
						<row2>-0.001745 -0.009511 -0.999953</row2>
						<row3>-0.001301 -0.000005 0.106059</row3>
					</transform>
					<node>
						<identifier>Knee_R</identifier>
						<transform>
							<row0>0.994076 -0.108690 -0.000000</row0>
							<row1>0.108690 0.994076 -0.000000</row1>
							<row2>0.000001 0.000000 1.000000</row2>
							<row3>0.391541 0.000000 -0.000000</row3>
						</transform>
						<node>
							<identifier>Ankle_R</identifier>
							<transform>
								<row0>0.990565 0.137032 0.001745</row0>
								<row1>-0.137009 0.990522 -0.009759</row1>
								<row2>-0.003066 0.009428 0.999951</row2>
								<row3>0.370799 0.000000 -0.000000</row3>
							</transform>
							<node>
								<identifier>Toes_R</identifier>
								<transform>
									<row0>0.239998 0.970773 0.000390</row0>
									<row1>-0.970603 0.239963 -0.018619</row1>
									<row2>-0.018168 0.004090 0.999827</row2>
									<row3>0.064376 0.134579 0.000000</row3>
								</transform>
								<node>
									<identifier>Toes_R_BlendBone</identifier>
									<transform>
										<row0>0.000150 -0.018678 0.999825</row0>
										<row1>-0.239998 0.970603 0.018169</row1>
										<row2>0.970773 0.239959 0.004337</row2>
										<row3>-0.113754 -0.065237 0.106823</row3>
									</transform>
								</node>
							</node>
							<node>
								<identifier>Ankle_R_BlendBone</identifier>
								<transform>
									<row0>0.000000 -0.000248 1.000000</row0>
									<row1>-1.000000 0.000000 0.000000</row1>
									<row2>0.000000 1.000000 0.000248</row2>
									<row3>0.098454 0.008932 0.107975</row3>
								</transform>
							</node>
						</node>
						<node>
							<identifier>Knee_R_BlendBone</identifier>
							<transform>
								<row0>-0.003032 0.009182 0.999953</row0>
								<row1>-0.990565 -0.137032 -0.001745</row1>
								<row2>-0.137009 0.990524 -0.009511</row2>
								<row3>0.466770 0.023356 0.108054</row3>
							</transform>
						</node>
					</node>
					<node>
						<identifier>Hip_R_BlendBone</identifier>
						<transform>
							<row0>-0.002016 0.009457 0.999953</row0>
							<row1>-0.999591 -0.028556 -0.001745</row1>
							<row2>-0.028538 0.999547 -0.009511</row2>
							<row3>0.858084 -0.027515 0.108054</row3>
						</transform>
					</node>
				</node>
				<node>
					<identifier>Spine1_M</identifier>
					<transform>
						<row0>1.000000 -0.000000 -0.000000</row0>
						<row1>0.000000 1.000000 0.000000</row1>
						<row2>-0.000000 0.000000 1.000000</row2>
						<row3>0.070278 -0.000000 0.000000</row3>
					</transform>
					<node>
						<identifier>Spine2_M</identifier>
						<transform>
							<row0>1.000000 -0.000000 0.000000</row0>
							<row1>-0.000000 1.000000 0.000000</row1>
							<row2>-0.000000 0.000000 1.000000</row2>
							<row3>0.107908 0.000000 0.000000</row3>
						</transform>
						<node>
							<identifier>Chest_M</identifier>
							<transform>
								<row0>0.987117 -0.159997 0.000000</row0>
								<row1>0.159997 0.987117 0.000000</row1>
								<row2>0.000000 0.000000 1.000000</row2>
								<row3>0.112450 -0.000000 -0.000000</row3>
							</transform>
							<node>
								<identifier>Neck_M</identifier>
								<transform>
									<row0>0.874839 0.484415 0.000000</row0>
									<row1>-0.484415 0.874839 -0.000000</row1>
									<row2>0.000000 -0.000000 1.000000</row2>
									<row3>0.271604 0.000000 -0.000000</row3>
								</transform>
								<node>
									<identifier>Head_M</identifier>
									<transform>
										<row0>0.940269 -0.340432 -0.000000</row0>
										<row1>0.340432 0.940269 -0.000000</row1>
										<row2>0.000000 0.000000 1.000000</row2>
										<row3>0.113089 0.000000 -0.000000</row3>
									</transform>
									<node>
										<identifier>Head_M_BlendBone</identifier>
										<transform>
											<row0>0.000000 -0.000000 -1.000000</row0>
											<row1>0.999997 0.002356 0.000000</row1>
											<row2>-0.002356 0.999997 -0.000000</row2>
											<row3>-1.523485 -0.051413 -0.000000</row3>
										</transform>
									</node>
								</node>
								<node>
									<identifier>Neck_M_BlendBone</identifier>
									<transform>
										<row0>0.000000 -0.000000 -1.000000</row0>
										<row1>0.941068 -0.338216 0.000000</row1>
										<row2>0.338216 0.941068 -0.000000</row2>
										<row3>-1.336899 0.470301 -0.000000</row3>
									</transform>
								</node>
							</node>
							<node>
								<identifier>OrderRow1_L</identifier>
								<transform>
									<row0>-0.996585 0.075216 -0.034063</row0>
									<row1>0.082090 0.946976 -0.310640</row1>
									<row2>0.008892 -0.312376 -0.949917</row2>
									<row3>0.060457 0.114279 -0.123448</row3>
								</transform>
								<node>
									<identifier>OrderRow1_L_BlendBone</identifier>
									<transform>
										<row0>0.034063 0.310640 0.949917</row0>
										<row1>-0.971716 0.232532 -0.041198</row1>
										<row2>0.233684 0.921646 -0.309775</row2>
										<row3>1.151628 -0.467600 -0.018339</row3>
									</transform>
								</node>
							</node>
							<node>
								<identifier>OrderRow2_L</identifier>
								<transform>
									<row0>-0.999598 0.017669 -0.022185</row0>
									<row1>0.023633 0.951366 -0.307155</row1>
									<row2>0.015679 -0.307556 -0.951401</row2>
									<row3>0.003278 0.113914 -0.123658</row3>
								</transform>
								<node>
									<identifier>OrderRow2_L_BlendBone</identifier>
									<transform>
										<row0>0.022185 0.307155 0.951401</row0>
										<row1>-0.983896 0.175531 -0.033727</row1>
										<row2>0.177360 0.935331 -0.306103</row2>
										<row3>1.119682 -0.397729 -0.027678</row3>
									</transform>
								</node>
							</node>
							<node>
								<identifier>OrderRow3_L</identifier>
								<transform>
									<row0>-0.996585 0.075216 -0.034063</row0>
									<row1>0.082570 0.907944 -0.410877</row1>
									<row2>0.000023 -0.412287 -0.911054</row2>
									<row3>-0.056396 0.108964 -0.117657</row3>
								</transform>
								<node>
									<identifier>OrderRow3_L_BlendBone</identifier>
									<transform>
										<row0>0.034063 0.410877 0.911054</row0>
										<row1>-0.971716 0.226762 -0.065937</row1>
										<row2>0.233684 0.883040 -0.406980</row2>
										<row3>1.035772 -0.450010 0.035081</row3>
									</transform>
								</node>
							</node>
							<node>
								<identifier>Scapula_L</identifier>
								<transform>
									<row0>0.102198 0.438703 0.892802</row0>
									<row1>0.248999 -0.880212 0.404014</row1>
									<row2>0.963097 0.181017 -0.199193</row2>
									<row3>0.215640 0.038284 -0.048984</row3>
								</transform>
								<node>
									<identifier>Shoulder_L</identifier>
									<transform>
										<row0>0.784382 0.466410 0.408908</row0>
										<row1>-0.496176 0.867407 -0.037603</row1>
										<row2>-0.372229 -0.173395 0.911801</row2>
										<row3>-0.175869 0.000000 0.000000</row3>
									</transform>
									<node>
										<identifier>Elbow_L</identifier>
										<transform>
											<row0>0.977628 0.210340 -0.000000</row0>
											<row1>-0.210340 0.977628 -0.000000</row1>
											<row2>-0.000000 0.000000 1.000000</row2>
											<row3>-0.264346 -0.000000 -0.000000</row3>
										</transform>
										<node>
											<identifier>Wrist_L</identifier>
											<transform>
												<row0>0.998653 0.002792 0.051809</row0>
												<row1>-0.002789 0.999996 -0.000141</row1>
												<row2>-0.051810 -0.000004 0.998657</row2>
												<row3>-0.215309 0.000000 0.000000</row3>
											</transform>
											<node>
												<identifier>MiddleFinger1_L</identifier>
												<transform>
													<row0>0.954949 -0.110045 0.275614</row0>
													<row1>0.082205 0.990455 0.110637</row1>
													<row2>-0.285158 -0.082996 0.954880</row2>
													<row3>-0.087917 0.000000 0.000000</row3>
												</transform>
												<node>
													<identifier>MiddleFinger2_L</identifier>
													<transform>
														<row0>0.977421 0.000000 0.211302</row0>
														<row1>-0.000000 1.000000 -0.000000</row1>
														<row2>-0.211302 0.000000 0.977421</row2>
														<row3>-0.039571 -0.000000 0.000000</row3>
													</transform>
													<node>
														<identifier>MiddleFinger3_L</identifier>
														<transform>
															<row0>0.992895 0.000000 0.118993</row0>
															<row1>0.000000 1.000000 -0.000000</row1>
															<row2>-0.118992 0.000000 0.992895</row2>
															<row3>-0.033568 -0.000000 0.000000</row3>
														</transform>
														<node>
															<identifier>MiddleFinger3_L_BlendBone</identifier>
															<transform>
																<row0>-0.275684 0.260757 0.925205</row0>
																<row1>0.956917 -0.016819 0.289873</row1>
																<row2>-0.091148 -0.965258 0.244886</row2>
																<row3>-0.706761 -0.060578 -0.934559</row3>
															</transform>
														</node>
													</node>
													<node>
														<identifier>MiddleFinger2_L_BlendBone</identifier>
														<transform>
															<row0>-0.383818 0.260757 0.885827</row0>
															<row1>0.915626 -0.016819 0.401680</row1>
															<row2>-0.119640 -0.965258 0.232300</row2>
															<row3>-0.624103 -0.060578 -1.012018</row3>
														</transform>
													</node>
												</node>
												<node>
													<identifier>MiddleFinger1_L_BlendBone</identifier>
													<transform>
														<row0>-0.562329 0.260757 0.784724</row0>
														<row1>0.810076 -0.016819 0.586084</row1>
														<row2>-0.166024 -0.965258 0.201775</row2>
														<row3>-0.435740 -0.060578 -1.121042</row3>
													</transform>
												</node>
											</node>
											<node>
												<identifier>ThumbFinger1_L</identifier>
												<transform>
													<row0>0.620737 0.537639 0.570640</row0>
													<row1>-0.567543 -0.194011 0.800159</row1>
													<row2>0.540907 -0.820551 0.184704</row2>
													<row3>-0.016994 -0.025191 -0.006269</row3>
												</transform>
												<node>
													<identifier>ThumbFinger2_L</identifier>
													<transform>
														<row0>0.951740 0.000000 0.306905</row0>
														<row1>-0.000000 1.000000 -0.000000</row1>
														<row2>-0.306904 0.000000 0.951740</row2>
														<row3>-0.047423 -0.000000 -0.000000</row3>
													</transform>
													<node>
														<identifier>ThumbFinger3_L</identifier>
														<transform>
															<row0>0.999110 -0.000001 0.042190</row0>
															<row1>0.000001 1.000000 -0.000000</row1>
															<row2>-0.042190 0.000000 0.999110</row2>
															<row3>-0.035912 -0.000000 -0.000000</row3>
														</transform>
														<node>
															<identifier>ThumbFinger3_L_BlendBone</identifier>
															<transform>
																<row0>-0.139639 0.868769 -0.475122</row0>
																<row1>0.899913 0.311523 0.305140</row1>
																<row2>-0.413107 0.384959 0.825318</row2>
																<row3>-0.742711 -0.875774 -0.140462</row3>
															</transform>
														</node>
													</node>
													<node>
														<identifier>ThumbFinger2_L_BlendBone</identifier>
														<transform>
															<row0>-0.119468 0.868770 -0.480590</row0>
															<row1>0.886238 0.311522 0.342835</row1>
															<row2>-0.447559 0.384960 0.807154</row2>
															<row3>-0.772037 -0.875773 -0.171672</row3>
														</transform>
													</node>
												</node>
												<node>
													<identifier>ThumbFinger1_L_BlendBone</identifier>
													<transform>
														<row0>0.033792 0.868770 -0.494063</row0>
														<row1>0.738251 0.311522 0.598280</row1>
														<row2>-0.673679 0.384960 0.630843</row2>
														<row3>-0.729515 -0.875773 -0.400329</row3>
													</transform>
												</node>
											</node>
											<node>
												<identifier>Wrist_L_BlendBone</identifier>
												<transform>
													<row0>-0.739330 0.255021 0.623182</row0>
													<row1>0.605072 -0.154446 0.781047</row1>
													<row2>-0.295431 -0.954521 0.040119</row2>
													<row3>-0.189332 0.080993 -1.197259</row3>
												</transform>
											</node>
										</node>
										<node>
											<identifier>Elbow_L_BlendBone</identifier>
											<transform>
												<row0>-0.771332 0.252953 0.584005</row0>
												<row1>0.564222 -0.152759 0.811368</row1>
												<row2>-0.294450 -0.955343 0.024893</row2>
												<row3>-0.342582 0.080469 -1.205472</row3>
											</transform>
										</node>
									</node>
									<node>
										<identifier>Shoulder_L_BlendBone</identifier>
										<transform>
											<row0>-0.807282 0.085052 0.584005</row0>
											<row1>0.583730 -0.030663 0.811368</row1>
											<row2>-0.086916 -0.995905 0.024893</row2>
											<row3>-0.616190 0.006610 -1.205472</row3>
										</transform>
									</node>
								</node>
								<node>
									<identifier>Scapula_L_BlendBone</identifier>
									<transform>
										<row0>-0.892802 -0.404014 0.199193</row0>
										<row1>0.171067 0.104973 0.979651</row1>
										<row2>0.416702 -0.908710 0.024607</row2>
										<row3>-0.213766 -0.072641 -1.351364</row3>
									</transform>
								</node>
							</node>
							<node>
								<identifier>Scapula_R</identifier>
								<transform>
									<row0>-0.102198 -0.438703 0.892802</row0>
									<row1>-0.248999 0.880212 0.404014</row1>
									<row2>-0.963097 -0.181017 -0.199193</row2>
									<row3>0.215640 0.038284 0.048984</row3>
								</transform>
								<node>
									<identifier>Shoulder_R</identifier>
									<transform>
										<row0>0.784382 0.466410 0.408908</row0>
										<row1>-0.496176 0.867407 -0.037603</row1>
										<row2>-0.372229 -0.173395 0.911801</row2>
										<row3>0.175869 -0.000000 0.000000</row3>
									</transform>
									<node>
										<identifier>Elbow_R</identifier>
										<transform>
											<row0>0.977628 0.210340 -0.000000</row0>
											<row1>-0.210340 0.977628 0.000000</row1>
											<row2>-0.000000 0.000000 1.000000</row2>
											<row3>0.264346 0.000000 0.000000</row3>
										</transform>
										<node>
											<identifier>Wrist_R</identifier>
											<transform>
												<row0>0.998653 0.002792 0.051809</row0>
												<row1>-0.002789 0.999996 -0.000141</row1>
												<row2>-0.051810 -0.000004 0.998657</row2>
												<row3>0.215309 -0.000000 0.000000</row3>
											</transform>
											<node>
												<identifier>MiddleFinger1_R</identifier>
												<transform>
													<row0>0.954949 -0.110044 0.275614</row0>
													<row1>0.082205 0.990455 0.110637</row1>
													<row2>-0.285158 -0.082996 0.954880</row2>
													<row3>0.087917 -0.000000 -0.000000</row3>
												</transform>
												<node>
													<identifier>MiddleFinger2_R</identifier>
													<transform>
														<row0>0.977421 0.000000 0.211302</row0>
														<row1>0.000000 1.000000 0.000000</row1>
														<row2>-0.211302 -0.000000 0.977421</row2>
														<row3>0.039571 0.000000 0.000000</row3>
													</transform>
													<node>
														<identifier>MiddleFinger3_R</identifier>
														<transform>
															<row0>0.992895 0.000000 0.118993</row0>
															<row1>0.000000 1.000000 0.000000</row1>
															<row2>-0.118992 0.000000 0.992895</row2>
															<row3>0.033568 -0.000000 0.000000</row3>
														</transform>
														<node>
															<identifier>MiddleFinger3_R_BlendBone</identifier>
															<transform>
																<row0>-0.275684 0.260757 0.925205</row0>
																<row1>-0.956917 0.016819 -0.289873</row1>
																<row2>0.091148 0.965258 -0.244886</row2>
																<row3>0.706761 0.060578 0.934559</row3>
															</transform>
														</node>
													</node>
													<node>
														<identifier>MiddleFinger2_R_BlendBone</identifier>
														<transform>
															<row0>-0.383818 0.260757 0.885827</row0>
															<row1>-0.915626 0.016819 -0.401680</row1>
															<row2>0.119640 0.965258 -0.232300</row2>
															<row3>0.624103 0.060578 1.012018</row3>
														</transform>
													</node>
												</node>
												<node>
													<identifier>MiddleFinger1_R_BlendBone</identifier>
													<transform>
														<row0>-0.562329 0.260757 0.784724</row0>
														<row1>-0.810076 0.016819 -0.586084</row1>
														<row2>0.166024 0.965258 -0.201775</row2>
														<row3>0.435740 0.060578 1.121042</row3>
													</transform>
												</node>
											</node>
											<node>
												<identifier>ThumbFinger1_R</identifier>
												<transform>
													<row0>0.620737 0.537639 0.570640</row0>
													<row1>-0.567543 -0.194011 0.800159</row1>
													<row2>0.540907 -0.820551 0.184704</row2>
													<row3>0.016994 0.025191 0.006269</row3>
												</transform>
												<node>
													<identifier>ThumbFinger2_R</identifier>
													<transform>
														<row0>0.951740 -0.000000 0.306905</row0>
														<row1>0.000000 1.000000 0.000000</row1>
														<row2>-0.306905 -0.000000 0.951740</row2>
														<row3>0.047423 0.000000 0.000000</row3>
													</transform>
													<node>
														<identifier>ThumbFinger3_R</identifier>
														<transform>
															<row0>0.999110 -0.000001 0.042190</row0>
															<row1>0.000001 1.000000 0.000000</row1>
															<row2>-0.042190 0.000000 0.999110</row2>
															<row3>0.035912 0.000000 0.000000</row3>
														</transform>
														<node>
															<identifier>ThumbFinger3_R_BlendBone</identifier>
															<transform>
																<row0>-0.139639 0.868769 -0.475122</row0>
																<row1>-0.899913 -0.311523 -0.305139</row1>
																<row2>0.413107 -0.384959 -0.825318</row2>
																<row3>0.742711 0.875774 0.140462</row3>
															</transform>
														</node>
													</node>
													<node>
														<identifier>ThumbFinger2_R_BlendBone</identifier>
														<transform>
															<row0>-0.119468 0.868769 -0.480590</row0>
															<row1>-0.886238 -0.311522 -0.342835</row1>
															<row2>0.447559 -0.384960 -0.807154</row2>
															<row3>0.772037 0.875773 0.171672</row3>
														</transform>
													</node>
												</node>
												<node>
													<identifier>ThumbFinger1_R_BlendBone</identifier>
													<transform>
														<row0>0.033792 0.868769 -0.494062</row0>
														<row1>-0.738251 -0.311522 -0.598280</row1>
														<row2>0.673679 -0.384960 -0.630843</row2>
														<row3>0.729515 0.875773 0.400329</row3>
													</transform>
												</node>
											</node>
											<node>
												<identifier>Wrist_R_BlendBone</identifier>
												<transform>
													<row0>-0.739330 0.255021 0.623182</row0>
													<row1>-0.605072 0.154446 -0.781047</row1>
													<row2>0.295431 0.954521 -0.040119</row2>
													<row3>0.189332 -0.080993 1.197259</row3>
												</transform>
											</node>
										</node>
										<node>
											<identifier>Elbow_R_BlendBone</identifier>
											<transform>
												<row0>-0.771332 0.252953 0.584005</row0>
												<row1>-0.564222 0.152759 -0.811368</row1>
												<row2>0.294450 0.955343 -0.024893</row2>
												<row3>0.342582 -0.080469 1.205472</row3>
											</transform>
										</node>
									</node>
									<node>
										<identifier>Shoulder_R_BlendBone</identifier>
										<transform>
											<row0>-0.807282 0.085052 0.584005</row0>
											<row1>-0.583730 0.030663 -0.811368</row1>
											<row2>0.086916 0.995905 -0.024893</row2>
											<row3>0.616190 -0.006610 1.205472</row3>
										</transform>
									</node>
								</node>
								<node>
									<identifier>Scapula_R_BlendBone</identifier>
									<transform>
										<row0>-0.892802 -0.404014 0.199193</row0>
										<row1>-0.171067 -0.104973 -0.979651</row1>
										<row2>-0.416702 0.908710 -0.024607</row2>
										<row3>0.213766 0.072641 1.351364</row3>
									</transform>
								</node>
							</node>
							<node>
								<identifier>Chest_M_BlendBone</identifier>
								<transform>
									<row0>0.000000 -0.000000 -1.000000</row0>
									<row1>0.987120 0.159983 0.000000</row1>
									<row2>-0.159983 0.987120 -0.000000</row2>
									<row3>-1.125788 -0.236176 -0.000000</row3>
								</transform>
							</node>
						</node>
						<node>
							<identifier>Spine2_M_BlendBone</identifier>
							<transform>
								<row0>0.000000 -0.000000 -1.000000</row0>
								<row1>1.000000 -0.000014 0.000000</row1>
								<row2>0.000014 1.000000 -0.000000</row2>
								<row3>-1.036623 -0.053012 -0.000000</row3>
							</transform>
						</node>
					</node>
					<node>
						<identifier>Spine1_M_BlendBone</identifier>
						<transform>
							<row0>0.000000 -0.000000 -1.000000</row0>
							<row1>1.000000 -0.000014 0.000000</row1>
							<row2>0.000014 1.000000 -0.000000</row2>
							<row3>-0.928715 -0.053012 -0.000000</row3>
						</transform>
					</node>
				</node>
				<node>
					<identifier>Stick1_R</identifier>
					<transform>
						<row0>1.000000 -0.000014 0.000000</row0>
						<row1>0.000000 0.000000 1.000000</row1>
						<row2>-0.000014 -1.000000 0.000000</row2>
						<row3>-0.858437 -0.053012 0.300000</row3>
					</transform>
					<node>
						<identifier>Stick2_R</identifier>
						<transform>
							<row0>1.000000 -0.000000 0.000000</row0>
							<row1>0.000000 1.000000 -0.000000</row1>
							<row2>0.000000 0.000000 1.000000</row2>
							<row3>0.878586 0.000000 -0.000000</row3>
						</transform>
						<node>
							<identifier>Stick2_R_BlendBone</identifier>
							<transform>
								<row0>0.000000 -1.000000 -0.000000</row0>
								<row1>1.000000 0.000000 -0.000000</row1>
								<row2>-0.000000 0.000000 -1.000000</row2>
								<row3>-0.878586 -0.300000 -0.000000</row3>
							</transform>
						</node>
					</node>
				</node>
				<node>
					<identifier>Root_M_BlendBone</identifier>
					<transform>
						<row0>0.000000 -0.000000 -1.000000</row0>
						<row1>1.000000 -0.000014 0.000000</row1>
						<row2>0.000014 1.000000 -0.000000</row2>
						<row3>-0.858437 -0.053012 -0.000000</row3>
					</transform>
				</node>
			</node>
		</node>
	</node>
	<renderSet>
		<treatAsWorldSpaceObject>true</treatAsWorldSpaceObject>
		<node>Stick2_R_BlendBone</node>
		<geometry>
			<vertices>s3Shape.vertices</vertices>
			<primitive>s3Shape.indices</primitive>
			<primitiveGroup>
				0
				<material>
					<identifier>s_nd3_skinned</identifier>
					<fx>shaders/std_effects/PBS_ext_skinned.fx</fx>
					<materialKind>0</materialKind>
					<collisionFlags>255</collisionFlags>
					<property>
						diffuseMap
						<Texture>content/Hangars/h01_victory_day_2023/Characters/other/h01_vd_02_walking_stick_AM.dds</Texture>
					</property>
					<property>
						dynamicObject
						<Bool>true</Bool>
					</property>
					<property>
						g_enableAO
						<Bool>true</Bool>
					</property>
					<property>
						metallicGlossMap
						<Texture>content/Hangars/h01_victory_day_2023/Characters/other/h01_vd_02_walking_stick_GMM.dds</Texture>
					</property>
					<property>
						normalMap
						<Texture>content/Hangars/h01_victory_day_2023/Characters/other/h01_vd_02_walking_stick_ANM.dds</Texture>
					</property>
				</material>
				<groupOrigin>-0.300000 0.447925 -0.028893</groupOrigin>
			</primitiveGroup>
		</geometry>
	</renderSet>
	<renderSet>
		<treatAsWorldSpaceObject>true</treatAsWorldSpaceObject>
		<node>OrderRow3_L_BlendBone</node>
		<node>OrderRow1_L_BlendBone</node>
		<node>OrderRow2_L_BlendBone</node>
		<geometry>
			<vertices>s2Shape.vertices</vertices>
			<primitive>s2Shape.indices</primitive>
			<primitiveGroup>
				0
				<material>
					<identifier>s_nd1_skinned</identifier>
					<fx>shaders/std_effects/PBS_ext_skinned.fx</fx>
					<materialKind>0</materialKind>
					<collisionFlags>255</collisionFlags>
					<property>
						diffuseMap
						<Texture>content/Hangars/h01_victory_day_2023/Characters/Veteran_Man/Veteran_Man_cloth_AM.dds</Texture>
					</property>
					<property>
						dynamicObject
						<Bool>true</Bool>
					</property>
					<property>
						g_enableAO
						<Bool>true</Bool>
					</property>
					<property>
						metallicGlossMap
						<Texture>content/Hangars/h01_victory_day_2023/Characters/Veteran_Man/Veteran_Man_cloth_GMM.dds</Texture>
					</property>
					<property>
						normalMap
						<Texture>content/Hangars/h01_victory_day_2023/Characters/Veteran_Man/Veteran_Man_cloth_ANM.dds</Texture>
					</property>
					<property>
						g_tintColor
						<Vector4>0.231373 0.250980 0.109804 1.000000</Vector4>
					</property>
					<property>
						g_useTintColor
						<Bool>true</Bool>
					</property>
				</material>
				<groupOrigin>0.116277 1.172370 0.155966</groupOrigin>
			</primitiveGroup>
		</geometry>
	</renderSet>
	<renderSet>
		<treatAsWorldSpaceObject>true</treatAsWorldSpaceObject>
		<node>Chest_M_BlendBone</node>
		<node>Neck_M_BlendBone</node>
		<node>Scapula_L_BlendBone</node>
		<node>Scapula_R_BlendBone</node>
		<node>Shoulder_L_BlendBone</node>
		<node>Root_M_BlendBone</node>
		<node>Hip_L_BlendBone</node>
		<node>Spine1_M_BlendBone</node>
		<node>Spine2_M_BlendBone</node>
		<node>Elbow_L_BlendBone</node>
		<node>Wrist_L_BlendBone</node>
		<node>ThumbFinger1_L_BlendBone</node>
		<node>Hip_R_BlendBone</node>
		<node>Shoulder_R_BlendBone</node>
		<node>Elbow_R_BlendBone</node>
		<node>Wrist_R_BlendBone</node>
		<node>ThumbFinger1_R_BlendBone</node>
		<node>Knee_R_BlendBone</node>
		<node>Ankle_R_BlendBone</node>
		<node>Knee_L_BlendBone</node>
		<node>Ankle_L_BlendBone</node>
		<node>Head_M_BlendBone</node>
		<node>Toes_R_BlendBone</node>
		<node>Toes_L_BlendBone</node>
		<geometry>
			<vertices>s1Shape.vertices</vertices>
			<primitive>s1Shape.indices</primitive>
			<primitiveGroup>
				0
				<material>
					<identifier>s_nd1_skinned</identifier>
					<fx>shaders/std_effects/PBS_ext_skinned.fx</fx>
					<materialKind>0</materialKind>
					<collisionFlags>255</collisionFlags>
					<property>
						diffuseMap
						<Texture>content/Hangars/h01_victory_day_2023/Characters/Veteran_Man/Veteran_Man_cloth_AM.dds</Texture>
					</property>
					<property>
						dynamicObject
						<Bool>true</Bool>
					</property>
					<property>
						g_enableAO
						<Bool>true</Bool>
					</property>
					<property>
						metallicGlossMap
						<Texture>content/Hangars/h01_victory_day_2023/Characters/Veteran_Man/Veteran_Man_cloth_GMM.dds</Texture>
					</property>
					<property>
						normalMap
						<Texture>content/Hangars/h01_victory_day_2023/Characters/Veteran_Man/Veteran_Man_cloth_ANM.dds</Texture>
					</property>
					<property>
						g_tintColor
						<Vector4>0.231373 0.250980 0.109804 1.000000</Vector4>
					</property>
					<property>
						g_useTintColor
						<Bool>true</Bool>
					</property>
				</material>
				<groupOrigin>0.000696 0.879492 0.043153</groupOrigin>
			</primitiveGroup>
		</geometry>
	</renderSet>
	<renderSet>
		<treatAsWorldSpaceObject>true</treatAsWorldSpaceObject>
		<node>MiddleFinger1_R_BlendBone</node>
		<node>Wrist_R_BlendBone</node>
		<node>MiddleFinger2_R_BlendBone</node>
		<node>ThumbFinger1_R_BlendBone</node>
		<node>ThumbFinger2_R_BlendBone</node>
		<node>Elbow_R_BlendBone</node>
		<node>MiddleFinger3_R_BlendBone</node>
		<node>ThumbFinger3_R_BlendBone</node>
		<node>Head_M_BlendBone</node>
		<node>Neck_M_BlendBone</node>
		<node>Chest_M_BlendBone</node>
		<node>MiddleFinger1_L_BlendBone</node>
		<node>Wrist_L_BlendBone</node>
		<node>MiddleFinger2_L_BlendBone</node>
		<node>MiddleFinger3_L_BlendBone</node>
		<node>ThumbFinger3_L_BlendBone</node>
		<node>ThumbFinger2_L_BlendBone</node>
		<node>Elbow_L_BlendBone</node>
		<node>ThumbFinger1_L_BlendBone</node>
		<geometry>
			<vertices>s0Shape.vertices</vertices>
			<primitive>s0Shape.indices</primitive>
			<primitiveGroup>
				0
				<material>
					<identifier>s_nd0_skinned</identifier>
					<fx>shaders/std_effects/PBS_ext_skinned.fx</fx>
					<materialKind>0</materialKind>
					<collisionFlags>255</collisionFlags>
					<property>
						diffuseMap
						<Texture>content/Hangars/h01_victory_day_2023/Characters/Veteran_Man/Veteran_Man_body_AM.dds</Texture>
					</property>
					<property>
						dynamicObject
						<Bool>true</Bool>
					</property>
					<property>
						g_enableAO
						<Bool>true</Bool>
					</property>
					<property>
						metallicGlossMap
						<Texture>content/Hangars/h01_victory_day_2023/Characters/Veteran_Man/Veteran_Man_body_GMM.dds</Texture>
					</property>
					<property>
						normalMap
						<Texture>content/Hangars/h01_victory_day_2023/Characters/Veteran_Man/Veteran_Man_body_ANM.dds</Texture>
					</property>
				</material>
				<groupOrigin>0.000000 1.281791 0.050236</groupOrigin>
			</primitiveGroup>
		</geometry>
	</renderSet>
	<constraints/>
	<boundingBox>
		<min>-0.687578 -0.003912 -0.229001</min>
		<max>0.687578 1.762896 0.142696</max>
	</boundingBox>
	<geometrySize>35762</geometrySize>
	<minUVDensity>0.075890</minUVDensity>
</root>
