<?xml version="1.0" encoding="utf-8"?>
<root>
	<node>
		<identifier>Scene Root</identifier>
		<transform>
			<row0>1.000000 0.000000 0.000000</row0>
			<row1>0.000000 1.000000 0.000000</row1>
			<row2>0.000000 0.000000 1.000000</row2>
			<row3>0.000000 0.000000 0.000000</row3>
		</transform>
		<node>
			<identifier>nodes_01</identifier>
			<transform>
				<row0>1.000000 0.000000 0.000000</row0>
				<row1>0.000000 1.000000 0.000000</row1>
				<row2>0.000000 0.000000 1.000000</row2>
				<row3>0.000000 0.000000 0.000000</row3>
			</transform>
			<node>
				<identifier>HP_Track_LFront</identifier>
				<transform>
					<row0>1.000000 0.000000 0.000000</row0>
					<row1>0.000000 0.993847 -0.110758</row1>
					<row2>0.000000 0.110758 0.993847</row2>
					<row3>-1.225031 0.000000 1.934891</row3>
				</transform>
			</node>
			<node>
				<identifier>HP_Track_LRear</identifier>
				<transform>
					<row0>-1.000000 0.000000 0.000000</row0>
					<row1>0.000000 0.994751 0.102324</row1>
					<row2>-0.000000 0.102324 -0.994751</row2>
					<row3>-1.225031 0.000000 -1.855060</row3>
				</transform>
			</node>
			<node>
				<identifier>HP_Track_RFront</identifier>
				<transform>
					<row0>1.000000 0.000000 0.000000</row0>
					<row1>0.000000 0.993847 -0.110758</row1>
					<row2>0.000000 0.110758 0.993847</row2>
					<row3>1.225030 0.000000 1.855055</row3>
				</transform>
			</node>
			<node>
				<identifier>HP_Track_RRear</identifier>
				<transform>
					<row0>-1.000000 0.000000 0.000000</row0>
					<row1>0.000000 0.994751 0.102324</row1>
					<row2>-0.000000 0.102324 -0.994751</row2>
					<row3>1.225030 0.000000 -1.934896</row3>
				</transform>
			</node>
			<node>
				<identifier>HP_gui</identifier>
				<transform>
					<row0>1.000000 0.000000 0.000000</row0>
					<row1>0.000000 0.000000 -1.000000</row1>
					<row2>0.000000 1.000000 0.000000</row2>
					<row3>0.000000 4.866979 0.000000</row3>
				</transform>
			</node>
			<node>
				<identifier>Tank</identifier>
				<transform>
					<row0>1.000000 0.000000 0.000000</row0>
					<row1>0.000000 1.000000 0.000000</row1>
					<row2>0.000000 0.000000 1.000000</row2>
					<row3>0.000000 0.500000 0.000000</row3>
				</transform>
				<node>
					<identifier>Track_L0</identifier>
					<transform>
						<row0>1.000000 0.000000 0.000000</row0>
						<row1>0.000000 1.000000 0.000000</row1>
						<row2>0.000000 0.000000 1.000000</row2>
						<row3>-1.225031 -0.500000 1.883676</row3>
					</transform>
					<node>
						<identifier>W_L0</identifier>
						<transform>
							<row0>1.000000 0.000000 0.000000</row0>
							<row1>0.000000 0.990572 -0.136995</row1>
							<row2>0.000000 0.136995 0.990572</row2>
							<row3>0.000000 0.374897 0.000000</row3>
						</transform>
						<node>
							<identifier>W_L0_BlendBone</identifier>
							<transform>
								<row0>1.000000 0.000000 0.000000</row0>
								<row1>0.000000 0.990572 0.136995</row1>
								<row2>0.000000 0.136995 -0.990572</row2>
								<row3>1.225031 -0.113307 -1.917276</row3>
							</transform>
						</node>
					</node>
					<node>
						<identifier>Track_L0_BlendBone</identifier>
						<transform>
							<row0>1.000000 0.000000 0.000000</row0>
							<row1>0.000000 1.000000 0.000000</row1>
							<row2>0.000000 0.000000 -1.000000</row2>
							<row3>1.225031 0.000000 -1.883676</row3>
						</transform>
					</node>
				</node>
				<node>
					<identifier>Track_L1</identifier>
					<transform>
						<row0>1.000000 0.000000 0.000000</row0>
						<row1>0.000000 1.000000 0.000000</row1>
						<row2>0.000000 0.000000 1.000000</row2>
						<row3>-1.225031 -0.500000 1.143651</row3>
					</transform>
					<node>
						<identifier>W_L1</identifier>
						<transform>
							<row0>1.000000 0.000000 0.000000</row0>
							<row1>0.000000 0.990572 -0.136995</row1>
							<row2>0.000000 0.136995 0.990572</row2>
							<row3>0.000000 0.374889 0.000000</row3>
						</transform>
						<node>
							<identifier>W_L1_BlendBone</identifier>
							<transform>
								<row0>1.000000 0.000000 0.000000</row0>
								<row1>0.000000 0.990572 0.136995</row1>
								<row2>0.000000 0.136995 -0.990572</row2>
								<row3>1.225031 -0.214680 -1.184227</row3>
							</transform>
						</node>
					</node>
					<node>
						<identifier>Track_L1_BlendBone</identifier>
						<transform>
							<row0>1.000000 0.000000 0.000000</row0>
							<row1>0.000000 1.000000 0.000000</row1>
							<row2>0.000000 0.000000 -1.000000</row2>
							<row3>1.225031 0.000000 -1.143651</row3>
						</transform>
					</node>
				</node>
				<node>
					<identifier>Track_L2</identifier>
					<transform>
						<row0>1.000000 0.000000 0.000000</row0>
						<row1>0.000000 1.000000 0.000000</row1>
						<row2>0.000000 0.000000 1.000000</row2>
						<row3>-1.225031 -0.500000 0.403661</row3>
					</transform>
					<node>
						<identifier>W_L2</identifier>
						<transform>
							<row0>1.000000 0.000000 0.000000</row0>
							<row1>0.000000 0.990572 -0.136995</row1>
							<row2>0.000000 0.136995 0.990572</row2>
							<row3>0.000000 0.374893 0.000000</row3>
						</transform>
						<node>
							<identifier>W_L2_BlendBone</identifier>
							<transform>
								<row0>1.000000 0.000000 0.000000</row0>
								<row1>0.000000 0.990572 0.136995</row1>
								<row2>0.000000 0.136995 -0.990572</row2>
								<row3>1.225031 -0.316058 -0.451214</row3>
							</transform>
						</node>
					</node>
					<node>
						<identifier>Track_L2_BlendBone</identifier>
						<transform>
							<row0>1.000000 0.000000 0.000000</row0>
							<row1>0.000000 1.000000 0.000000</row1>
							<row2>0.000000 0.000000 -1.000000</row2>
							<row3>1.225031 0.000000 -0.403661</row3>
						</transform>
					</node>
				</node>
				<node>
					<identifier>Track_L3</identifier>
					<transform>
						<row0>1.000000 0.000000 0.000000</row0>
						<row1>0.000000 1.000000 0.000000</row1>
						<row2>0.000000 0.000000 1.000000</row2>
						<row3>-1.225031 -0.500000 -0.336321</row3>
					</transform>
					<node>
						<identifier>W_L3</identifier>
						<transform>
							<row0>1.000000 0.000000 0.000000</row0>
							<row1>0.000000 0.990572 -0.136995</row1>
							<row2>0.000000 0.136995 0.990572</row2>
							<row3>0.000000 0.374893 0.000000</row3>
						</transform>
						<node>
							<identifier>W_L3_BlendBone</identifier>
							<transform>
								<row0>1.000000 0.000000 0.000000</row0>
								<row1>0.000000 0.990572 0.136995</row1>
								<row2>0.000000 0.136995 -0.990572</row2>
								<row3>1.225031 -0.417432 0.281792</row3>
							</transform>
						</node>
					</node>
					<node>
						<identifier>Track_L3_BlendBone</identifier>
						<transform>
							<row0>1.000000 0.000000 0.000000</row0>
							<row1>0.000000 1.000000 0.000000</row1>
							<row2>0.000000 0.000000 -1.000000</row2>
							<row3>1.225031 0.000000 0.336321</row3>
						</transform>
					</node>
				</node>
				<node>
					<identifier>Track_L4</identifier>
					<transform>
						<row0>1.000000 0.000000 0.000000</row0>
						<row1>0.000000 1.000000 0.000000</row1>
						<row2>0.000000 0.000000 1.000000</row2>
						<row3>-1.225031 -0.500000 -1.076323</row3>
					</transform>
					<node>
						<identifier>W_L4</identifier>
						<transform>
							<row0>1.000000 0.000000 0.000000</row0>
							<row1>0.000000 0.990572 -0.136995</row1>
							<row2>0.000000 0.136995 0.990572</row2>
							<row3>0.000000 0.374889 0.000000</row3>
						</transform>
						<node>
							<identifier>W_L4_BlendBone</identifier>
							<transform>
								<row0>1.000000 0.000000 0.000000</row0>
								<row1>0.000000 0.990572 0.136995</row1>
								<row2>0.000000 0.136995 -0.990572</row2>
								<row3>1.225031 -0.518805 1.014817</row3>
							</transform>
						</node>
					</node>
					<node>
						<identifier>Track_L4_BlendBone</identifier>
						<transform>
							<row0>1.000000 0.000000 0.000000</row0>
							<row1>0.000000 1.000000 0.000000</row1>
							<row2>0.000000 0.000000 -1.000000</row2>
							<row3>1.225031 0.000000 1.076323</row3>
						</transform>
					</node>
				</node>
				<node>
					<identifier>Track_L5</identifier>
					<transform>
						<row0>1.000000 0.000000 0.000000</row0>
						<row1>0.000000 1.000000 0.000000</row1>
						<row2>0.000000 0.000000 1.000000</row2>
						<row3>-1.225031 -0.500000 -1.816336</row3>
					</transform>
					<node>
						<identifier>W_L5</identifier>
						<transform>
							<row0>1.000000 0.000000 0.000000</row0>
							<row1>0.000000 0.990572 -0.136995</row1>
							<row2>0.000000 0.136995 0.990572</row2>
							<row3>0.000000 0.374896 0.000000</row3>
						</transform>
						<node>
							<identifier>W_L5_BlendBone</identifier>
							<transform>
								<row0>1.000000 0.000000 0.000000</row0>
								<row1>0.000000 0.990572 0.136995</row1>
								<row2>0.000000 0.136995 -0.990572</row2>
								<row3>1.225031 -0.620191 1.747852</row3>
							</transform>
						</node>
					</node>
					<node>
						<identifier>Track_L5_BlendBone</identifier>
						<transform>
							<row0>1.000000 0.000000 0.000000</row0>
							<row1>0.000000 1.000000 0.000000</row1>
							<row2>0.000000 0.000000 -1.000000</row2>
							<row3>1.225031 0.000000 1.816336</row3>
						</transform>
					</node>
				</node>
				<node>
					<identifier>Track_R0</identifier>
					<transform>
						<row0>1.000000 0.000000 0.000000</row0>
						<row1>0.000000 1.000000 0.000000</row1>
						<row2>0.000000 0.000000 1.000000</row2>
						<row3>1.225030 -0.500000 1.804324</row3>
					</transform>
					<node>
						<identifier>W_R0</identifier>
						<transform>
							<row0>1.000000 0.000000 0.000000</row0>
							<row1>0.000000 0.990572 -0.136995</row1>
							<row2>0.000000 0.136995 0.990572</row2>
							<row3>0.000000 0.374955 -0.000000</row3>
						</transform>
						<node>
							<identifier>W_R0_BlendBone</identifier>
							<transform>
								<row0>1.000000 0.000000 0.000000</row0>
								<row1>0.000000 0.990572 0.136995</row1>
								<row2>0.000000 0.136995 -0.990572</row2>
								<row3>-1.225031 -0.124236 -1.838679</row3>
							</transform>
						</node>
					</node>
					<node>
						<identifier>Track_R0_BlendBone</identifier>
						<transform>
							<row0>1.000000 0.000000 0.000000</row0>
							<row1>0.000000 1.000000 0.000000</row1>
							<row2>0.000000 0.000000 -1.000000</row2>
							<row3>-1.225030 0.000000 -1.804324</row3>
						</transform>
					</node>
				</node>
				<node>
					<identifier>Track_R1</identifier>
					<transform>
						<row0>1.000000 0.000000 0.000000</row0>
						<row1>0.000000 1.000000 0.000000</row1>
						<row2>0.000000 0.000000 1.000000</row2>
						<row3>1.225030 -0.500000 1.064299</row3>
					</transform>
					<node>
						<identifier>W_R1</identifier>
						<transform>
							<row0>1.000000 0.000000 0.000000</row0>
							<row1>0.000000 0.990572 -0.136995</row1>
							<row2>0.000000 0.136995 0.990572</row2>
							<row3>0.000000 0.374947 0.000000</row3>
						</transform>
						<node>
							<identifier>W_R1_BlendBone</identifier>
							<transform>
								<row0>1.000000 0.000000 0.000000</row0>
								<row1>0.000000 0.990572 0.136995</row1>
								<row2>0.000000 0.136995 -0.990572</row2>
								<row3>-1.225031 -0.225608 -1.105631</row3>
							</transform>
						</node>
					</node>
					<node>
						<identifier>Track_R1_BlendBone</identifier>
						<transform>
							<row0>1.000000 0.000000 0.000000</row0>
							<row1>0.000000 1.000000 0.000000</row1>
							<row2>0.000000 0.000000 -1.000000</row2>
							<row3>-1.225030 0.000000 -1.064299</row3>
						</transform>
					</node>
				</node>
				<node>
					<identifier>Track_R2</identifier>
					<transform>
						<row0>1.000000 0.000000 0.000000</row0>
						<row1>0.000000 1.000000 0.000000</row1>
						<row2>0.000000 0.000000 1.000000</row2>
						<row3>1.225030 -0.500000 0.324309</row3>
					</transform>
					<node>
						<identifier>W_R2</identifier>
						<transform>
							<row0>1.000000 0.000000 0.000000</row0>
							<row1>0.000000 0.990572 -0.136995</row1>
							<row2>0.000000 0.136995 0.990572</row2>
							<row3>0.000000 0.374950 0.000000</row3>
						</transform>
						<node>
							<identifier>W_R2_BlendBone</identifier>
							<transform>
								<row0>1.000000 0.000000 0.000000</row0>
								<row1>0.000000 0.990572 0.136995</row1>
								<row2>0.000000 0.136995 -0.990572</row2>
								<row3>-1.225031 -0.326987 -0.372617</row3>
							</transform>
						</node>
					</node>
					<node>
						<identifier>Track_R2_BlendBone</identifier>
						<transform>
							<row0>1.000000 0.000000 0.000000</row0>
							<row1>0.000000 1.000000 0.000000</row1>
							<row2>0.000000 0.000000 -1.000000</row2>
							<row3>-1.225030 0.000000 -0.324309</row3>
						</transform>
					</node>
				</node>
				<node>
					<identifier>Track_R3</identifier>
					<transform>
						<row0>1.000000 0.000000 0.000000</row0>
						<row1>0.000000 1.000000 0.000000</row1>
						<row2>0.000000 0.000000 1.000000</row2>
						<row3>1.225030 -0.500000 -0.415674</row3>
					</transform>
					<node>
						<identifier>W_R3</identifier>
						<transform>
							<row0>1.000000 0.000000 0.000000</row0>
							<row1>0.000000 0.990572 -0.136995</row1>
							<row2>0.000000 0.136995 0.990572</row2>
							<row3>0.000000 0.374950 0.000000</row3>
						</transform>
						<node>
							<identifier>W_R3_BlendBone</identifier>
							<transform>
								<row0>1.000000 0.000000 0.000000</row0>
								<row1>0.000000 0.990572 0.136995</row1>
								<row2>0.000000 0.136995 -0.990572</row2>
								<row3>-1.225031 -0.428361 0.360388</row3>
							</transform>
						</node>
					</node>
					<node>
						<identifier>Track_R3_BlendBone</identifier>
						<transform>
							<row0>1.000000 0.000000 0.000000</row0>
							<row1>0.000000 1.000000 0.000000</row1>
							<row2>0.000000 0.000000 -1.000000</row2>
							<row3>-1.225030 0.000000 0.415674</row3>
						</transform>
					</node>
				</node>
				<node>
					<identifier>Track_R4</identifier>
					<transform>
						<row0>1.000000 0.000000 0.000000</row0>
						<row1>0.000000 1.000000 0.000000</row1>
						<row2>0.000000 0.000000 1.000000</row2>
						<row3>1.225030 -0.500000 -1.155676</row3>
					</transform>
					<node>
						<identifier>W_R4</identifier>
						<transform>
							<row0>1.000000 0.000000 0.000000</row0>
							<row1>0.000000 0.990572 -0.136995</row1>
							<row2>0.000000 0.136995 0.990572</row2>
							<row3>0.000000 0.374946 0.000000</row3>
						</transform>
						<node>
							<identifier>W_R4_BlendBone</identifier>
							<transform>
								<row0>1.000000 0.000000 0.000000</row0>
								<row1>0.000000 0.990572 0.136995</row1>
								<row2>0.000000 0.136995 -0.990572</row2>
								<row3>-1.225031 -0.529733 1.093414</row3>
							</transform>
						</node>
					</node>
					<node>
						<identifier>Track_R4_BlendBone</identifier>
						<transform>
							<row0>1.000000 0.000000 0.000000</row0>
							<row1>0.000000 1.000000 0.000000</row1>
							<row2>0.000000 0.000000 -1.000000</row2>
							<row3>-1.225030 0.000000 1.155676</row3>
						</transform>
					</node>
				</node>
				<node>
					<identifier>Track_R5</identifier>
					<transform>
						<row0>1.000000 0.000000 0.000000</row0>
						<row1>0.000000 1.000000 0.000000</row1>
						<row2>0.000000 0.000000 1.000000</row2>
						<row3>1.225030 -0.500000 -1.895689</row3>
					</transform>
					<node>
						<identifier>W_R5</identifier>
						<transform>
							<row0>1.000000 0.000000 0.000000</row0>
							<row1>0.000000 0.990572 -0.136995</row1>
							<row2>0.000000 0.136995 0.990572</row2>
							<row3>0.000000 0.374954 0.000000</row3>
						</transform>
						<node>
							<identifier>W_R5_BlendBone</identifier>
							<transform>
								<row0>1.000000 0.000000 0.000000</row0>
								<row1>0.000000 0.990572 0.136995</row1>
								<row2>0.000000 0.136995 -0.990572</row2>
								<row3>-1.225031 -0.631119 1.826449</row3>
							</transform>
						</node>
					</node>
					<node>
						<identifier>Track_R5_BlendBone</identifier>
						<transform>
							<row0>1.000000 0.000000 0.000000</row0>
							<row1>0.000000 1.000000 0.000000</row1>
							<row2>0.000000 0.000000 -1.000000</row2>
							<row3>-1.225030 0.000000 1.895689</row3>
						</transform>
					</node>
				</node>
				<node>
					<identifier>V</identifier>
					<transform>
						<row0>1.000000 0.000000 0.000000</row0>
						<row1>0.000000 1.000000 0.000000</row1>
						<row2>0.000000 0.000000 1.000000</row2>
						<row3>0.000000 0.455787 0.000000</row3>
					</transform>
					<node>
						<identifier>Track_VD_L0</identifier>
						<transform>
							<row0>1.000000 0.000000 0.000000</row0>
							<row1>0.000000 1.000000 0.000000</row1>
							<row2>0.000000 0.000000 1.000000</row2>
							<row3>-1.225031 -0.702474 2.428627</row3>
						</transform>
						<node>
							<identifier>Track_VD_L0_BlendBone</identifier>
							<transform>
								<row0>1.000000 0.000000 0.000000</row0>
								<row1>0.000000 1.000000 0.000000</row1>
								<row2>0.000000 0.000000 -1.000000</row2>
								<row3>1.225031 -0.253313 -2.428627</row3>
							</transform>
						</node>
					</node>
					<node>
						<identifier>Track_VD_L1</identifier>
						<transform>
							<row0>1.000000 0.000000 0.000000</row0>
							<row1>0.000000 1.000000 0.000000</row1>
							<row2>0.000000 0.000000 1.000000</row2>
							<row3>-1.225031 -0.739004 -2.416792</row3>
						</transform>
						<node>
							<identifier>Track_VD_L1_BlendBone</identifier>
							<transform>
								<row0>1.000000 0.000000 0.000000</row0>
								<row1>0.000000 1.000000 0.000000</row1>
								<row2>0.000000 0.000000 -1.000000</row2>
								<row3>1.225031 -0.216783 2.416792</row3>
							</transform>
						</node>
					</node>
					<node>
						<identifier>Track_VD_R0</identifier>
						<transform>
							<row0>1.000000 0.000000 0.000000</row0>
							<row1>0.000000 1.000000 0.000000</row1>
							<row2>0.000000 0.000000 1.000000</row2>
							<row3>1.225030 -0.688215 2.414368</row3>
						</transform>
						<node>
							<identifier>Track_VD_R0_BlendBone</identifier>
							<transform>
								<row0>1.000000 0.000000 0.000000</row0>
								<row1>0.000000 1.000000 0.000000</row1>
								<row2>0.000000 0.000000 -1.000000</row2>
								<row3>-1.225030 -0.267572 -2.414368</row3>
							</transform>
						</node>
					</node>
					<node>
						<identifier>Track_VD_R1</identifier>
						<transform>
							<row0>1.000000 0.000000 0.000000</row0>
							<row1>0.000000 1.000000 0.000000</row1>
							<row2>0.000000 0.000000 1.000000</row2>
							<row3>1.225030 -0.748576 -2.426364</row3>
						</transform>
						<node>
							<identifier>Track_VD_R1_BlendBone</identifier>
							<transform>
								<row0>1.000000 0.000000 0.000000</row0>
								<row1>0.000000 1.000000 0.000000</row1>
								<row2>0.000000 0.000000 -1.000000</row2>
								<row3>-1.225030 -0.207211 2.426364</row3>
							</transform>
						</node>
					</node>
					<node>
						<identifier>Track_VT_L0</identifier>
						<transform>
							<row0>1.000000 0.000000 0.000000</row0>
							<row1>0.000000 1.000000 0.000000</row1>
							<row2>0.000000 0.000000 1.000000</row2>
							<row3>-1.225031 0.147285 2.175924</row3>
						</transform>
						<node>
							<identifier>Track_VT_L0_BlendBone</identifier>
							<transform>
								<row0>1.000000 0.000000 0.000000</row0>
								<row1>0.000000 1.000000 0.000000</row1>
								<row2>0.000000 0.000000 -1.000000</row2>
								<row3>1.225031 -1.103072 -2.175924</row3>
							</transform>
						</node>
					</node>
					<node>
						<identifier>Track_VT_L1</identifier>
						<transform>
							<row0>1.000000 0.000000 0.000000</row0>
							<row1>0.000000 1.000000 0.000000</row1>
							<row2>0.000000 0.000000 1.000000</row2>
							<row3>-1.225031 0.148668 0.786016</row3>
						</transform>
						<node>
							<identifier>Track_VT_L1_BlendBone</identifier>
							<transform>
								<row0>1.000000 0.000000 0.000000</row0>
								<row1>0.000000 1.000000 0.000000</row1>
								<row2>0.000000 0.000000 -1.000000</row2>
								<row3>1.225031 -1.104455 -0.786016</row3>
							</transform>
						</node>
					</node>
					<node>
						<identifier>Track_VT_L2</identifier>
						<transform>
							<row0>1.000000 0.000000 0.000000</row0>
							<row1>0.000000 1.000000 0.000000</row1>
							<row2>0.000000 0.000000 1.000000</row2>
							<row3>-1.225031 0.148668 -0.734973</row3>
						</transform>
						<node>
							<identifier>Track_VT_L2_BlendBone</identifier>
							<transform>
								<row0>1.000000 0.000000 0.000000</row0>
								<row1>0.000000 1.000000 0.000000</row1>
								<row2>0.000000 0.000000 -1.000000</row2>
								<row3>1.225031 -1.104455 0.734973</row3>
							</transform>
						</node>
					</node>
					<node>
						<identifier>Track_VT_L3</identifier>
						<transform>
							<row0>1.000000 0.000000 0.000000</row0>
							<row1>0.000000 1.000000 0.000000</row1>
							<row2>0.000000 0.000000 1.000000</row2>
							<row3>-1.225031 0.148568 -2.150406</row3>
						</transform>
						<node>
							<identifier>Track_VT_L3_BlendBone</identifier>
							<transform>
								<row0>1.000000 0.000000 0.000000</row0>
								<row1>0.000000 1.000000 0.000000</row1>
								<row2>0.000000 0.000000 -1.000000</row2>
								<row3>1.225031 -1.104355 2.150406</row3>
							</transform>
						</node>
					</node>
					<node>
						<identifier>Track_VT_R0</identifier>
						<transform>
							<row0>1.000000 0.000000 0.000000</row0>
							<row1>0.000000 1.000000 0.000000</row1>
							<row2>0.000000 0.000000 1.000000</row2>
							<row3>1.225030 0.147285 2.175924</row3>
						</transform>
						<node>
							<identifier>Track_VT_R0_BlendBone</identifier>
							<transform>
								<row0>1.000000 0.000000 0.000000</row0>
								<row1>0.000000 1.000000 0.000000</row1>
								<row2>0.000000 0.000000 -1.000000</row2>
								<row3>-1.225030 -1.103072 -2.175924</row3>
							</transform>
						</node>
					</node>
					<node>
						<identifier>Track_VT_R1</identifier>
						<transform>
							<row0>1.000000 0.000000 0.000000</row0>
							<row1>0.000000 1.000000 0.000000</row1>
							<row2>0.000000 0.000000 1.000000</row2>
							<row3>1.225030 0.148668 0.786016</row3>
						</transform>
						<node>
							<identifier>Track_VT_R1_BlendBone</identifier>
							<transform>
								<row0>1.000000 0.000000 0.000000</row0>
								<row1>0.000000 1.000000 0.000000</row1>
								<row2>0.000000 0.000000 -1.000000</row2>
								<row3>-1.225030 -1.104455 -0.786016</row3>
							</transform>
						</node>
					</node>
					<node>
						<identifier>Track_VT_R2</identifier>
						<transform>
							<row0>1.000000 0.000000 0.000000</row0>
							<row1>0.000000 1.000000 0.000000</row1>
							<row2>0.000000 0.000000 1.000000</row2>
							<row3>1.225030 0.148667 -0.734973</row3>
						</transform>
						<node>
							<identifier>Track_VT_R2_BlendBone</identifier>
							<transform>
								<row0>1.000000 0.000000 0.000000</row0>
								<row1>0.000000 1.000000 0.000000</row1>
								<row2>0.000000 0.000000 -1.000000</row2>
								<row3>-1.225030 -1.104455 0.734973</row3>
							</transform>
						</node>
					</node>
					<node>
						<identifier>Track_VT_R3</identifier>
						<transform>
							<row0>1.000000 0.000000 0.000000</row0>
							<row1>0.000000 1.000000 0.000000</row1>
							<row2>0.000000 0.000000 1.000000</row2>
							<row3>1.225030 0.148568 -2.150406</row3>
						</transform>
						<node>
							<identifier>Track_VT_R3_BlendBone</identifier>
							<transform>
								<row0>1.000000 0.000000 0.000000</row0>
								<row1>0.000000 1.000000 0.000000</row1>
								<row2>0.000000 0.000000 -1.000000</row2>
								<row3>-1.225030 -1.104355 2.150406</row3>
							</transform>
						</node>
					</node>
					<node>
						<identifier>WD_L0</identifier>
						<transform>
							<row0>1.000000 0.000000 0.000000</row0>
							<row1>0.000000 0.990572 -0.136995</row1>
							<row2>0.000000 0.136995 0.990572</row2>
							<row3>-1.225031 -0.200782 2.633465</row3>
						</transform>
						<node>
							<identifier>WD_L0_BlendBone</identifier>
							<transform>
								<row0>1.000000 0.000000 0.000000</row0>
								<row1>0.000000 0.990572 0.136995</row1>
								<row2>0.000000 0.136995 -0.990572</row2>
								<row3>1.225031 -0.387114 -2.712068</row3>
							</transform>
						</node>
					</node>
					<node>
						<identifier>WD_L1</identifier>
						<transform>
							<row0>1.000000 0.000000 0.000000</row0>
							<row1>0.000000 0.990572 -0.136995</row1>
							<row2>0.000000 0.136995 0.990572</row2>
							<row3>-1.225031 -0.060508 1.565968</row3>
						</transform>
						<node>
							<identifier>WD_L1_BlendBone</identifier>
							<transform>
								<row0>1.000000 0.000000 0.000000</row0>
								<row1>0.000000 0.990572 0.136995</row1>
								<row2>0.000000 0.136995 -0.990572</row2>
								<row3>1.225031 -0.672308 -1.673853</row3>
							</transform>
						</node>
					</node>
					<node>
						<identifier>WD_L2</identifier>
						<transform>
							<row0>1.000000 0.000000 0.000000</row0>
							<row1>0.000000 0.990572 -0.136995</row1>
							<row2>0.000000 0.136995 0.990572</row2>
							<row3>-1.225031 -0.060524 0.006064</row3>
						</transform>
						<node>
							<identifier>WD_L2_BlendBone</identifier>
							<transform>
								<row0>1.000000 0.000000 0.000000</row0>
								<row1>0.000000 0.990572 0.136995</row1>
								<row2>0.000000 0.136995 -0.990572</row2>
								<row3>1.225031 -0.885992 -0.128654</row3>
							</transform>
						</node>
					</node>
					<node>
						<identifier>WD_L3</identifier>
						<transform>
							<row0>1.000000 0.000000 0.000000</row0>
							<row1>0.000000 0.990572 -0.136995</row1>
							<row2>0.000000 0.136995 0.990572</row2>
							<row3>-1.225031 -0.060508 -1.476010</row3>
						</transform>
						<node>
							<identifier>WD_L3_BlendBone</identifier>
							<transform>
								<row0>1.000000 0.000000 0.000000</row0>
								<row1>0.000000 0.990572 0.136995</row1>
								<row2>0.000000 0.136995 -0.990572</row2>
								<row3>1.225031 -1.089044 1.339445</row3>
							</transform>
						</node>
					</node>
					<node>
						<identifier>WD_L4</identifier>
						<transform>
							<row0>1.000000 0.000000 0.000000</row0>
							<row1>0.000000 0.990572 -0.136995</row1>
							<row2>0.000000 0.136995 0.990572</row2>
							<row3>-1.225031 -0.226313 -2.716518</row3>
						</transform>
						<node>
							<identifier>WD_L4_BlendBone</identifier>
							<transform>
								<row0>1.000000 0.000000 0.000000</row0>
								<row1>0.000000 0.990572 0.136995</row1>
								<row2>0.000000 0.136995 -0.990572</row2>
								<row3>1.225031 -1.094747 2.590972</row3>
							</transform>
						</node>
					</node>
					<node>
						<identifier>WD_R0</identifier>
						<transform>
							<row0>1.000000 0.000000 0.000000</row0>
							<row1>0.000000 0.990572 -0.136995</row1>
							<row2>0.000000 0.136995 0.990572</row2>
							<row3>1.225030 -0.200782 2.633465</row3>
						</transform>
						<node>
							<identifier>WD_R0_BlendBone</identifier>
							<transform>
								<row0>1.000000 0.000000 0.000000</row0>
								<row1>0.000000 0.990572 0.136995</row1>
								<row2>0.000000 0.136995 -0.990572</row2>
								<row3>-1.225031 -0.387114 -2.712068</row3>
							</transform>
						</node>
					</node>
					<node>
						<identifier>WD_R1</identifier>
						<transform>
							<row0>1.000000 0.000000 0.000000</row0>
							<row1>0.000000 0.990572 -0.136995</row1>
							<row2>0.000000 0.136995 0.990572</row2>
							<row3>1.225030 -0.060508 1.565968</row3>
						</transform>
						<node>
							<identifier>WD_R1_BlendBone</identifier>
							<transform>
								<row0>1.000000 0.000000 0.000000</row0>
								<row1>0.000000 0.990572 0.136995</row1>
								<row2>0.000000 0.136995 -0.990572</row2>
								<row3>-1.225031 -0.672308 -1.673853</row3>
							</transform>
						</node>
					</node>
					<node>
						<identifier>WD_R2</identifier>
						<transform>
							<row0>1.000000 0.000000 0.000000</row0>
							<row1>0.000000 0.990572 -0.136995</row1>
							<row2>0.000000 0.136995 0.990572</row2>
							<row3>1.225030 -0.060524 0.006064</row3>
						</transform>
						<node>
							<identifier>WD_R2_BlendBone</identifier>
							<transform>
								<row0>1.000000 0.000000 0.000000</row0>
								<row1>0.000000 0.990572 0.136995</row1>
								<row2>0.000000 0.136995 -0.990572</row2>
								<row3>-1.225031 -0.885992 -0.128654</row3>
							</transform>
						</node>
					</node>
					<node>
						<identifier>WD_R3</identifier>
						<transform>
							<row0>1.000000 0.000000 0.000000</row0>
							<row1>0.000000 0.990572 -0.136995</row1>
							<row2>0.000000 0.136995 0.990572</row2>
							<row3>1.225030 -0.060508 -1.476010</row3>
						</transform>
						<node>
							<identifier>WD_R3_BlendBone</identifier>
							<transform>
								<row0>1.000000 0.000000 0.000000</row0>
								<row1>0.000000 0.990572 0.136995</row1>
								<row2>0.000000 0.136995 -0.990572</row2>
								<row3>-1.225031 -1.089044 1.339445</row3>
							</transform>
						</node>
					</node>
					<node>
						<identifier>WD_R4</identifier>
						<transform>
							<row0>1.000000 0.000000 0.000000</row0>
							<row1>0.000000 0.990572 -0.136995</row1>
							<row2>0.000000 0.136995 0.990572</row2>
							<row3>1.225030 -0.226313 -2.716518</row3>
						</transform>
						<node>
							<identifier>WD_R4_BlendBone</identifier>
							<transform>
								<row0>1.000000 0.000000 0.000000</row0>
								<row1>0.000000 0.990572 0.136995</row1>
								<row2>0.000000 0.136995 -0.990572</row2>
								<row3>-1.225031 -1.094747 2.590972</row3>
							</transform>
						</node>
					</node>
					<node>
						<identifier>V_BlendBone</identifier>
						<transform>
							<row0>1.000000 0.000000 0.000000</row0>
							<row1>0.000000 1.000000 0.000000</row1>
							<row2>0.000000 0.000000 -1.000000</row2>
							<row3>0.000000 -0.955787 0.000000</row3>
						</transform>
					</node>
				</node>
			</node>
		</node>
	</node>
	<renderSet>
		<treatAsWorldSpaceObject>true</treatAsWorldSpaceObject>
		<node>Track_R5_BlendBone</node>
		<node>Track_R0_BlendBone</node>
		<node>V_BlendBone</node>
		<node>Track_VT_R1_BlendBone</node>
		<node>Track_VT_R2_BlendBone</node>
		<node>Track_R4_BlendBone</node>
		<node>Track_R3_BlendBone</node>
		<node>Track_R2_BlendBone</node>
		<node>Track_R1_BlendBone</node>
		<node>Track_VT_R3_BlendBone</node>
		<node>Track_VT_R0_BlendBone</node>
		<node>Track_VD_R0_BlendBone</node>
		<node>Track_VD_R1_BlendBone</node>
		<geometry>
			<vertices>track_R_Shape.vertices</vertices>
			<stream>track_R_Shape.uv2</stream>
			<primitive>track_R_Shape.indices</primitive>
			<primitiveGroup>
				0
				<material>
					<identifier>track_mat_R_skinned</identifier>
					<fx>shaders/std_effects/PBS_tank_uvtransform_skinned_ao.fx</fx>
					<collisionFlags>0</collisionFlags>
					<materialKind>0</materialKind>
					<property>
						normalMap
						<Texture>vehicles/japan/tracks/Type_61_track_ANM.dds</Texture>
					</property>
					<property>
						metallicGlossMap
						<Texture>vehicles/japan/tracks/Type_61_track_GMM.dds</Texture>
					</property>
					<property>
						g_useNormalPackDXT1
						<Bool>false</Bool>
					</property>
					<property>
						doubleSided
						<Bool>true</Bool>
					</property>
					<property>
						diffuseMap
						<Texture>vehicles/japan/tracks/Type_61_track_AM.dds</Texture>
					</property>
					<property>
						alphaTestEnable
						<Bool>true</Bool>
					</property>
					<property>
						alphaReference
						<Int>64</Int>
					</property>
					<property>
						g_detailUVTiling
						<Vector4>
							4.20822 1.05205 0.000000 0.000000
							<!--BW_String-->
						</Vector4>
					</property>
					<property>
						g_maskBias
						<Float>
							0.22
							<!--BW_String-->
						</Float>
					</property>
					<property>
						g_detailPower
						<Float>5</Float>
					</property>
					<property>
						g_detailPowerAlbedo
						<Float>
							0.11
							<!--BW_String-->
						</Float>
					</property>
					<property>
						g_detailPowerGloss
						<Float>
							0.35
							<!--BW_String-->
						</Float>
					</property>
					<property>
						metallicDetailMap
						<Texture>vehicles/russian/Tank_detail/Details_map.dds</Texture>
					</property>
					<property>
						g_useDetailMetallic
						<Bool>true</Bool>
					</property>
				</material>
				<groupOrigin>1.225030 0.562215 0.057156</groupOrigin>
			</primitiveGroup>
		</geometry>
	</renderSet>
	<renderSet>
		<treatAsWorldSpaceObject>true</treatAsWorldSpaceObject>
		<node>Track_L5_BlendBone</node>
		<node>Track_L0_BlendBone</node>
		<node>V_BlendBone</node>
		<node>Track_VT_L1_BlendBone</node>
		<node>Track_VT_L2_BlendBone</node>
		<node>Track_L4_BlendBone</node>
		<node>Track_L3_BlendBone</node>
		<node>Track_L2_BlendBone</node>
		<node>Track_L1_BlendBone</node>
		<node>Track_VD_L1_BlendBone</node>
		<node>Track_VT_L3_BlendBone</node>
		<node>Track_VT_L0_BlendBone</node>
		<node>Track_VD_L0_BlendBone</node>
		<geometry>
			<vertices>track_L_Shape.vertices</vertices>
			<stream>track_L_Shape.uv2</stream>
			<primitive>track_L_Shape.indices</primitive>
			<primitiveGroup>
				0
				<material>
					<identifier>track_mat_L_skinned</identifier>
					<fx>shaders/std_effects/PBS_tank_uvtransform_skinned_ao.fx</fx>
					<collisionFlags>0</collisionFlags>
					<materialKind>0</materialKind>
					<property>
						normalMap
						<Texture>vehicles/japan/tracks/Type_61_track_ANM.dds</Texture>
					</property>
					<property>
						metallicGlossMap
						<Texture>vehicles/japan/tracks/Type_61_track_GMM.dds</Texture>
					</property>
					<property>
						g_useNormalPackDXT1
						<Bool>false</Bool>
					</property>
					<property>
						doubleSided
						<Bool>true</Bool>
					</property>
					<property>
						diffuseMap
						<Texture>vehicles/japan/tracks/Type_61_track_AM.dds</Texture>
					</property>
					<property>
						alphaTestEnable
						<Bool>true</Bool>
					</property>
					<property>
						alphaReference
						<Int>64</Int>
					</property>
					<property>
						g_detailUVTiling
						<Vector4>
							4.20822 1.05205 0.000000 0.000000
							<!--BW_String-->
						</Vector4>
					</property>
					<property>
						g_maskBias
						<Float>
							0.22
							<!--BW_String-->
						</Float>
					</property>
					<property>
						g_detailPower
						<Float>5</Float>
					</property>
					<property>
						g_detailPowerAlbedo
						<Float>
							0.11
							<!--BW_String-->
						</Float>
					</property>
					<property>
						g_detailPowerGloss
						<Float>
							0.35
							<!--BW_String-->
						</Float>
					</property>
					<property>
						metallicDetailMap
						<Texture>vehicles/russian/Tank_detail/Details_map.dds</Texture>
					</property>
					<property>
						g_useDetailMetallic
						<Bool>true</Bool>
					</property>
				</material>
				<groupOrigin>-1.225031 0.562215 0.057155</groupOrigin>
			</primitiveGroup>
		</geometry>
	</renderSet>
	<renderSet>
		<treatAsWorldSpaceObject>true</treatAsWorldSpaceObject>
		<node>WD_L4_BlendBone</node>
		<node>WD_L3_BlendBone</node>
		<node>WD_L2_BlendBone</node>
		<node>WD_L1_BlendBone</node>
		<node>WD_L0_BlendBone</node>
		<node>W_L5_BlendBone</node>
		<node>W_L4_BlendBone</node>
		<node>W_L3_BlendBone</node>
		<node>W_L2_BlendBone</node>
		<node>W_L1_BlendBone</node>
		<node>W_L0_BlendBone</node>
		<node>V_BlendBone</node>
		<node>Track_L0_BlendBone</node>
		<node>Track_L1_BlendBone</node>
		<node>Track_L2_BlendBone</node>
		<node>Track_L5_BlendBone</node>
		<node>Track_L4_BlendBone</node>
		<node>Track_L3_BlendBone</node>
		<geometry>
			<vertices>exportChassL1_Shape.vertices</vertices>
			<primitive>exportChassL1_Shape.indices</primitive>
			<primitiveGroup>
				0
				<material>
					<identifier>tank_chassis_01_skinned</identifier>
					<fx>shaders/std_effects/PBS_tank_skinned.fx</fx>
					<collisionFlags>0</collisionFlags>
					<materialKind>0</materialKind>
					<property>
						normalMap
						<Texture>vehicles/japan/J14_Type_61/Type_61_chassis_01_ANM.dds</Texture>
					</property>
					<property>
						metallicGlossMap
						<Texture>vehicles/japan/J14_Type_61/Type_61_chassis_01_GMM.dds</Texture>
					</property>
					<property>
						g_useNormalPackDXT1
						<Bool>false</Bool>
					</property>
					<property>
						excludeMaskAndAOMap
						<Texture>vehicles/japan/J14_Type_61/Type_61_chassis_01_AO.dds</Texture>
					</property>
					<property>
						colorIdMap
						<Texture>vehicles/russian/common/common_ID.dds</Texture>
					</property>
					<property>
						diffuseMap
						<Texture>vehicles/japan/J14_Type_61/Type_61_chassis_01_AM.dds</Texture>
					</property>
					<property>
						alphaTestEnable
						<Bool>true</Bool>
					</property>
					<property>
						alphaReference
						<Int>64</Int>
					</property>
					<property>
						g_detailUVTiling
						<Vector4>
							4.20822 4.20822 0.000000 0.000000
							<!--BW_String-->
						</Vector4>
					</property>
					<property>
						g_maskBias
						<Float>
							0.22
							<!--BW_String-->
						</Float>
					</property>
					<property>
						g_detailPower
						<Float>5</Float>
					</property>
					<property>
						g_detailPowerAlbedo
						<Float>
							0.11
							<!--BW_String-->
						</Float>
					</property>
					<property>
						g_detailPowerGloss
						<Float>
							0.35
							<!--BW_String-->
						</Float>
					</property>
					<property>
						metallicDetailMap
						<Texture>vehicles/russian/Tank_detail/Details_map.dds</Texture>
					</property>
					<property>
						g_useDetailMetallic
						<Bool>true</Bool>
					</property>
				</material>
				<groupOrigin>-1.163128 0.589934 0.023716</groupOrigin>
			</primitiveGroup>
		</geometry>
	</renderSet>
	<renderSet>
		<treatAsWorldSpaceObject>true</treatAsWorldSpaceObject>
		<node>WD_R4_BlendBone</node>
		<node>WD_R3_BlendBone</node>
		<node>WD_R2_BlendBone</node>
		<node>WD_R1_BlendBone</node>
		<node>WD_R0_BlendBone</node>
		<node>W_R5_BlendBone</node>
		<node>W_R4_BlendBone</node>
		<node>W_R3_BlendBone</node>
		<node>W_R2_BlendBone</node>
		<node>W_R1_BlendBone</node>
		<node>W_R0_BlendBone</node>
		<node>V_BlendBone</node>
		<node>Track_R0_BlendBone</node>
		<node>Track_R1_BlendBone</node>
		<node>Track_R2_BlendBone</node>
		<node>Track_R5_BlendBone</node>
		<node>Track_R4_BlendBone</node>
		<node>Track_R3_BlendBone</node>
		<geometry>
			<vertices>exportChassR1_Shape.vertices</vertices>
			<primitive>exportChassR1_Shape.indices</primitive>
			<primitiveGroup>
				0
				<material>
					<identifier>tank_chassis_01_skinned</identifier>
					<fx>shaders/std_effects/PBS_tank_skinned.fx</fx>
					<collisionFlags>0</collisionFlags>
					<materialKind>0</materialKind>
					<property>
						normalMap
						<Texture>vehicles/japan/J14_Type_61/Type_61_chassis_01_ANM.dds</Texture>
					</property>
					<property>
						metallicGlossMap
						<Texture>vehicles/japan/J14_Type_61/Type_61_chassis_01_GMM.dds</Texture>
					</property>
					<property>
						g_useNormalPackDXT1
						<Bool>false</Bool>
					</property>
					<property>
						excludeMaskAndAOMap
						<Texture>vehicles/japan/J14_Type_61/Type_61_chassis_01_AO.dds</Texture>
					</property>
					<property>
						colorIdMap
						<Texture>vehicles/russian/common/common_ID.dds</Texture>
					</property>
					<property>
						diffuseMap
						<Texture>vehicles/japan/J14_Type_61/Type_61_chassis_01_AM.dds</Texture>
					</property>
					<property>
						alphaTestEnable
						<Bool>true</Bool>
					</property>
					<property>
						alphaReference
						<Int>64</Int>
					</property>
					<property>
						g_detailUVTiling
						<Vector4>
