<?xml version="1.0" encoding="utf-8"?>
<root>
	<node>
		<identifier>Scene Root</identifier>
		<transform>
			<row0>1.000000 0.000000 0.000000</row0>
			<row1>0.000000 1.000000 0.000000</row1>
			<row2>0.000000 0.000000 1.000000</row2>
			<row3>0.000000 0.000000 0.000000</row3>
		</transform>
		<node>
			<identifier>nodes_01</identifier>
			<transform>
				<row0>1.000000 0.000000 0.000000</row0>
				<row1>0.000000 1.000000 0.000000</row1>
				<row2>0.000000 0.000000 1.000000</row2>
				<row3>0.000000 0.000000 0.000000</row3>
			</transform>
			<node>
				<identifier>HP_Fire_1</identifier>
				<transform>
					<row0>1.000000 0.000000 0.000000</row0>
					<row1>0.000000 1.000000 0.000000</row1>
					<row2>0.000000 0.000000 1.000000</row2>
					<row3>0.687824 -0.172140 -1.524569</row3>
				</transform>
			</node>
			<node>
				<identifier>HP_Fire_2</identifier>
				<transform>
					<row0>1.000000 0.000000 0.000000</row0>
					<row1>0.000000 1.000000 0.000000</row1>
					<row2>0.000000 0.000000 1.000000</row2>
					<row3>-0.219730 -0.057354 -1.581244</row3>
				</transform>
			</node>
			<node>
				<identifier>HP_Fire_3</identifier>
				<transform>
					<row0>1.000000 0.000000 0.000000</row0>
					<row1>0.000000 1.000000 0.000000</row1>
					<row2>0.000000 0.000000 1.000000</row2>
					<row3>-0.607779 -0.153359 1.304622</row3>
				</transform>
			</node>
			<node>
				<identifier>HP_TrackUp_LFront</identifier>
				<transform>
					<row0>1.000000 0.000000 0.000000</row0>
					<row1>0.000000 0.646112 0.763242</row1>
					<row2>0.000000 -0.763242 0.646112</row2>
					<row3>-1.334369 -0.062881 2.819660</row3>
				</transform>
			</node>
			<node>
				<identifier>HP_TrackUp_LRear</identifier>
				<transform>
					<row0>-1.000000 0.000000 0.000000</row0>
					<row1>0.000000 0.798049 -0.602592</row1>
					<row2>-0.000000 -0.602592 -0.798049</row2>
					<row3>-1.334369 -0.106593 -2.891205</row3>
				</transform>
			</node>
			<node>
				<identifier>HP_TrackUp_RFront</identifier>
				<transform>
					<row0>1.000000 0.000000 0.000000</row0>
					<row1>0.000000 0.646112 0.763242</row1>
					<row2>0.000000 -0.763242 0.646112</row2>
					<row3>1.334369 -0.062881 2.819660</row3>
				</transform>
			</node>
			<node>
				<identifier>HP_TrackUp_RRear</identifier>
				<transform>
					<row0>-1.000000 0.000000 0.000000</row0>
					<row1>0.000000 0.798049 -0.602592</row1>
					<row2>-0.000000 -0.602592 -0.798049</row2>
					<row3>1.334369 -0.106593 -2.891205</row3>
				</transform>
			</node>
			<node>
				<identifier>HP_Track_Exhaus_1</identifier>
				<transform>
					<row0>-0.022808 -0.000000 0.999740</row0>
					<row1>-0.320675 0.947161 -0.007316</row1>
					<row2>-0.946915 -0.320758 -0.021603</row2>
					<row3>-1.664201 0.235126 -1.398724</row3>
				</transform>
			</node>
			<node>
				<identifier>HP_Track_Exhaus_2</identifier>
				<transform>
					<row0>-0.022808 -0.000000 0.999740</row0>
					<row1>-0.320675 0.947161 -0.007316</row1>
					<row2>-0.946915 -0.320758 -0.021603</row2>
					<row3>-1.664201 0.235126 -1.642216</row3>
				</transform>
			</node>
			<node>
				<identifier>HP_turretJoint</identifier>
				<transform>
					<row0>1.000000 0.000000 0.000000</row0>
					<row1>0.000000 1.000000 0.000000</row1>
					<row2>0.000000 0.000000 1.000000</row2>
					<row3>0.000070 0.486760 -0.140891</row3>
				</transform>
			</node>
		</node>
	</node>
	<renderSet>
		<treatAsWorldSpaceObject>false</treatAsWorldSpaceObject>
		<node>Scene Root</node>
		<geometry>
			<vertices>vertices</vertices>
			<primitive>indices</primitive>
			<primitiveGroup>
				0
				<material>
					<identifier>tank_hull_01</identifier>
					<property>
						selfIllumination
						<Float>0.000000</Float>
					</property>
					<collisionFlags>0</collisionFlags>
					<materialKind>0</materialKind>
					<fx>shaders/std_effects/PBS_tank.fx</fx>
					<property>
						metallicGlossMap
						<Texture>vehicles/russian/R40_T-54/_skin/R40_T-54_3Dst_HW20/R40_T-54_3Dst_HW20_hull_01_GMM.dds</Texture>
					</property>
					<property>
						normalMap
						<Texture>vehicles/russian/R40_T-54/_skin/R40_T-54_3Dst_HW20/R40_T-54_3Dst_HW20_hull_01_ANM.dds</Texture>
					</property>
					<property>
						diffuseMap
						<Texture>vehicles/russian/R40_T-54/_skin/R40_T-54_3Dst_HW20/R40_T-54_3Dst_HW20_hull_01_AM.dds</Texture>
					</property>
					<property>
						excludeMaskAndAOMap
						<Texture>vehicles/russian/R40_T-54/_skin/R40_T-54_3Dst_HW20/R40_T-54_3Dst_HW20_hull_01_AO.dds</Texture>
					</property>
				</material>
				<groupOrigin>-0.007475 -0.057355 -0.248767</groupOrigin>
			</primitiveGroup>
			<primitiveGroup>
				1
				<material>
					<identifier>tank_equipment_01</identifier>
					<property>
						selfIllumination
						<Float>0.000000</Float>
					</property>
					<collisionFlags>0</collisionFlags>
					<materialKind>0</materialKind>
					<fx>shaders/std_effects/PBS_tank.fx</fx>
					<property>
						metallicGlossMap
						<Texture>vehicles/russian/R40_T-54/_skin/R40_T-54_3Dst_HW20/R40_T-54_3Dst_HW20_equipment_01_GMM.dds</Texture>
					</property>
					<property>
						normalMap
						<Texture>vehicles/russian/R40_T-54/_skin/R40_T-54_3Dst_HW20/R40_T-54_3Dst_HW20_equipment_01_ANM.dds</Texture>
					</property>
					<property>
						diffuseMap
						<Texture>vehicles/russian/R40_T-54/_skin/R40_T-54_3Dst_HW20/R40_T-54_3Dst_HW20_equipment_01_AM.dds</Texture>
					</property>
					<property>
						excludeMaskAndAOMap
						<Texture>vehicles/russian/R40_T-54/_skin/R40_T-54_3Dst_HW20/R40_T-54_3Dst_HW20_equipment_01_AO.dds</Texture>
					</property>
				</material>
				<groupOrigin>0.004937 0.327920 -0.238674</groupOrigin>
			</primitiveGroup>
		</geometry>
	</renderSet>
	<boundingBox>
		<min>-1.770837 -0.689105 -3.607171</min>
		<max>1.780711 0.584795 3.109636</max>
	</boundingBox>
	<geometrySize>125214</geometrySize>
	<minUVDensity>0.000952</minUVDensity>
</root>
