<?xml version="1.0" encoding="utf-8"?>
<root>
	<node>
		<identifier>Scene Root</identifier>
		<transform>
			<row0>1.000000 0.000000 0.000000</row0>
			<row1>0.000000 1.000000 0.000000</row1>
			<row2>0.000000 0.000000 1.000000</row2>
			<row3>0.000000 0.000000 0.000000</row3>
		</transform>
		<node>
			<identifier>FlockDucks_01</identifier>
			<transform>
				<row0>1.000000 0.000000 0.000000</row0>
				<row1>0.000000 1.000000 0.000000</row1>
				<row2>0.000000 0.000000 1.000000</row2>
				<row3>0.000000 0.000000 0.000000</row3>
			</transform>
			<node>
				<identifier>Duck_01</identifier>
				<transform>
					<row0>1.000000 0.000000 0.000000</row0>
					<row1>0.000000 1.000000 0.000000</row1>
					<row2>0.000000 0.000000 1.000000</row2>
					<row3>0.000000 0.000000 0.000000</row3>
				</transform>
				<node>
					<identifier>Duck_Root_01</identifier>
					<transform>
						<row0>1.000000 0.000000 0.000000</row0>
						<row1>0.000000 0.951134 0.308779</row1>
						<row2>0.000000 -0.308779 0.951134</row2>
						<row3>0.694826 -0.080646 -1.866937</row3>
					</transform>
					<node>
						<identifier>Duck_Head_01</identifier>
						<transform>
							<row0>0.999611 -0.008668 -0.026505</row0>
							<row1>-0.007148 0.839080 -0.543961</row1>
							<row2>0.026955 0.543939 0.838691</row2>
							<row3>-0.000000 0.000000 -0.067919</row3>
						</transform>
						<node>
							<identifier>Duck_Head_01_BlendBone</identifier>
							<transform>
								<row0>0.999611 -0.007148 0.026955</row0>
								<row1>-0.000060 0.966041 0.258389</row1>
								<row2>0.027887 0.258290 -0.965665</row2>
								<row3>-0.748424 -0.436283 1.861907</row3>
							</transform>
						</node>
					</node>
					<node>
						<identifier>Duck_L_Wing_01_01</identifier>
						<transform>
							<row0>0.052687 0.301084 0.952141</row0>
							<row1>0.365787 0.881380 -0.298948</row1>
							<row2>-0.929206 0.364031 -0.063695</row2>
							<row3>0.019361 0.010096 0.010768</row3>
						</transform>
						<node>
							<identifier>Duck_L_Wing_02_01</identifier>
							<transform>
								<row0>0.971508 0.002345 -0.236994</row0>
								<row1>-0.152569 0.771400 -0.617791</row1>
								<row2>0.181368 0.636346 0.749779</row2>
								<row3>-0.000000 0.000000 -0.116737</row3>
							</transform>
							<node>
								<identifier>Duck_L_Wing_02_01_BlendBone</identifier>
								<transform>
									<row0>0.272259 0.848184 -0.454377</row0>
									<row1>-0.091948 0.492988 0.865164</row1>
									<row2>-0.957821 0.193770 -0.212210</row2>
									<row3>1.546447 -1.000387 0.869725</row3>
								</transform>
							</node>
						</node>
						<node>
							<identifier>Duck_L_Wing_01_01_BlendBone</identifier>
							<transform>
								<row0>0.052687 0.365787 -0.929206</row0>
								<row1>-0.007630 0.930619 0.365910</row1>
								<row2>-0.998582 0.012189 -0.051822</row2>
								<row3>1.812754 -0.214625 0.786897</row3>
							</transform>
						</node>
					</node>
					<node>
						<identifier>Duck_R_Wing_01_01</identifier>
						<transform>
							<row0>0.038218 -0.303631 -0.952023</row0>
							<row1>0.345900 -0.889800 0.297672</row1>
							<row2>-0.937493 -0.340681 0.071020</row2>
							<row3>-0.019362 0.010096 0.010768</row3>
						</transform>
						<node>
							<identifier>Duck_R_Wing_02_01</identifier>
							<transform>
								<row0>0.981371 -0.026846 -0.190239</row0>
								<row1>-0.079342 0.845177 -0.528565</row1>
								<row2>0.174975 0.533812 0.827302</row2>
								<row3>0.000000 -0.000000 0.116736</row3>
							</transform>
							<node>
								<identifier>Duck_R_Wing_02_01_BlendBone</identifier>
								<transform>
									<row0>0.206567 0.784840 -0.584257</row0>
									<row1>0.096077 -0.610520 -0.786151</row1>
									<row2>0.973704 -0.106260 0.201519</row2>
									<row3>-1.915012 -0.316872 -0.133927</row3>
								</transform>
							</node>
						</node>
						<node>
							<identifier>Duck_R_Wing_01_01_BlendBone</identifier>
							<transform>
								<row0>0.038218 0.345900 -0.937493</row0>
								<row1>0.005170 -0.938234 -0.345963</row1>
								<row2>0.999256 -0.008375 0.037646</row2>
								<row3>-1.877629 -0.287895 0.537735</row3>
							</transform>
						</node>
					</node>
					<node>
						<identifier>Duck_Tail_01</identifier>
						<transform>
							<row0>-1.000000 -0.000000 -0.000000</row0>
							<row1>0.000000 0.960572 0.278031</row1>
							<row2>0.000000 0.278030 -0.960572</row2>
							<row3>-0.000000 0.015191 0.101058</row3>
						</transform>
						<node>
							<identifier>Duck_Tail_01_BlendBone</identifier>
							<transform>
								<row0>-1.000000 0.000000 0.000000</row0>
								<row1>0.000000 0.827783 0.561048</row1>
								<row2>-0.000000 -0.561048 0.827783</row2>
								<row3>0.694826 1.071510 -1.407323</row3>
							</transform>
						</node>
					</node>
					<node>
						<identifier>Duck_Root_01_BlendBone</identifier>
						<transform>
							<row0>1.000000 0.000000 0.000000</row0>
							<row1>0.000000 0.951134 -0.308779</row1>
							<row2>0.000000 -0.308779 -0.951134</row2>
							<row3>-0.694826 0.653175 1.750805</row3>
						</transform>
					</node>
				</node>
			</node>
			<node>
				<identifier>Duck_010</identifier>
				<transform>
					<row0>1.000000 0.000000 0.000000</row0>
					<row1>0.000000 1.000000 0.000000</row1>
					<row2>0.000000 0.000000 1.000000</row2>
					<row3>0.000000 0.000000 0.000000</row3>
				</transform>
				<node>
					<identifier>Duck_Root_10</identifier>
					<transform>
						<row0>1.000000 0.000000 0.000000</row0>
						<row1>0.000000 0.951134 0.308779</row1>
						<row2>0.000000 -0.308779 0.951134</row2>
						<row3>-0.767540 -0.106604 -0.920710</row3>
					</transform>
					<node>
						<identifier>Duck_Head_10</identifier>
						<transform>
							<row0>0.999611 -0.008666 -0.026504</row0>
							<row1>-0.007149 0.839080 -0.543961</row1>
							<row2>0.026953 0.543939 0.838692</row2>
							<row3>0.000000 -0.000000 -0.067919</row3>
						</transform>
						<node>
							<identifier>Duck_Head_10_BlendBone</identifier>
							<transform>
								<row0>0.999611 -0.007149 0.026953</row0>
								<row1>-0.000059 0.966041 0.258389</row1>
								<row2>0.027885 0.258290 -0.965665</row2>
								<row3>0.739761 -0.177259 0.994293</row3>
							</transform>
						</node>
					</node>
					<node>
						<identifier>Duck_L_Wing_01_10</identifier>
						<transform>
							<row0>0.052688 0.301083 0.952141</row0>
							<row1>0.365787 0.881380 -0.298948</row1>
							<row2>-0.929206 0.364032 -0.063694</row2>
							<row3>0.019362 0.010096 0.010768</row3>
						</transform>
						<node>
							<identifier>Duck_L_Wing_02_10</identifier>
							<transform>
								<row0>0.961326 0.002725 -0.275399</row0>
								<row1>-0.134970 0.876306 -0.462462</row1>
								<row2>0.240073 0.481747 0.842784</row2>
								<row3>0.000000 0.000000 -0.116736</row3>
							</transform>
							<node>
								<identifier>Duck_L_Wing_02_10_BlendBone</identifier>
								<transform>
									<row0>0.307550 0.743152 -0.594254</row0>
									<row1>-0.105571 0.647317 0.754874</row1>
									<row2>-0.945657 0.169426 -0.277537</row2>
									<row3>1.045405 0.413238 -0.018667</row3>
								</transform>
							</node>
						</node>
						<node>
							<identifier>Duck_L_Wing_01_10_BlendBone</identifier>
							<transform>
								<row0>0.052688 0.365787 -0.929206</row0>
								<row1>-0.007631 0.930619 0.365910</row1>
								<row2>-0.998582 0.012189 -0.051824</row2>
								<row3>0.944719 0.355980 -0.611479</row3>
							</transform>
						</node>
					</node>
					<node>
						<identifier>Duck_R_Wing_01_10</identifier>
						<transform>
							<row0>0.038218 -0.303631 -0.952023</row0>
							<row1>0.345900 -0.889800 0.297672</row1>
							<row2>-0.937493 -0.340681 0.071020</row2>
							<row3>-0.019361 0.010096 0.010768</row3>
						</transform>
						<node>
							<identifier>Duck_R_Wing_02_10</identifier>
							<transform>
								<row0>0.973633 -0.031876 -0.225882</row0>
								<row1>-0.043941 0.945441 -0.322817</row1>
								<row2>0.223848 0.324231 0.919112</row2>
								<row3>0.000000 -0.000000 0.116736</row3>
							</transform>
							<node>
								<identifier>Duck_R_Wing_02_10_BlendBone</identifier>
								<transform>
									<row0>0.237947 0.627988 -0.740954</row0>
									<row1>0.113087 -0.775589 -0.621026</row1>
									<row2>0.964672 -0.063979 0.255566</row2>
									<row3>-0.650342 0.512088 -0.984545</row3>
								</transform>
							</node>
						</node>
						<node>
							<identifier>Duck_R_Wing_01_10_BlendBone</identifier>
							<transform>
								<row0>0.038218 0.345900 -0.937493</row0>
								<row1>0.005170 -0.938234 -0.345963</row1>
								<row2>0.999256 -0.008375 0.037646</row2>
								<row3>-0.876084 0.185659 -0.806581</row3>
							</transform>
						</node>
					</node>
					<node>
						<identifier>Duck_Tail_10</identifier>
						<transform>
							<row0>-1.000000 0.000000 0.000000</row0>
							<row1>-0.000000 0.960572 0.278031</row1>
							<row2>0.000000 0.278030 -0.960572</row2>
							<row3>0.000000 0.015191 0.101058</row3>
						</transform>
						<node>
							<identifier>Duck_Tail_10_BlendBone</identifier>
							<transform>
								<row0>-1.000000 0.000000 0.000000</row0>
								<row1>0.000000 0.827783 0.561048</row1>
								<row2>-0.000000 -0.561048 0.827783</row2>
								<row3>-0.767540 0.562118 -0.609489</row3>
							</transform>
						</node>
					</node>
					<node>
						<identifier>Duck_Root_10_BlendBone</identifier>
						<transform>
							<row0>1.000000 0.000000 0.000000</row0>
							<row1>0.000000 0.951134 -0.308779</row1>
							<row2>0.000000 -0.308779 -0.951134</row2>
							<row3>0.767540 0.385690 0.842801</row3>
						</transform>
					</node>
				</node>
			</node>
			<node>
				<identifier>Duck_011</identifier>
				<transform>
					<row0>1.000000 0.000000 0.000000</row0>
					<row1>0.000000 1.000000 0.000000</row1>
					<row2>0.000000 0.000000 1.000000</row2>
					<row3>0.000000 0.000000 0.000000</row3>
				</transform>
				<node>
					<identifier>Duck_Root_11</identifier>
					<transform>
						<row0>1.000000 0.000000 0.000000</row0>
						<row1>0.000000 0.951134 0.308779</row1>
						<row2>0.000000 -0.308779 0.951134</row2>
						<row3>0.000000 0.128117 -2.982367</row3>
					</transform>
					<node>
						<identifier>Duck_Head_11</identifier>
						<transform>
							<row0>0.999611 -0.008667 -0.026505</row0>
							<row1>-0.007148 0.839080 -0.543962</row1>
							<row2>0.026954 0.543939 0.838692</row2>
							<row3>0.000000 -0.000000 -0.067919</row3>
						</transform>
						<node>
							<identifier>Duck_Head_11_BlendBone</identifier>
							<transform>
								<row0>0.999611 -0.007148 0.026954</row0>
								<row1>-0.000059 0.966041 0.258389</row1>
								<row2>0.027886 0.258290 -0.965665</row2>
								<row3>-0.084958 -0.931028 2.903826</row3>
							</transform>
						</node>
					</node>
					<node>
						<identifier>Duck_L_Wing_01_11</identifier>
						<transform>
							<row0>0.052687 0.301084 0.952141</row0>
							<row1>0.365787 0.881379 -0.298949</row1>
							<row2>-0.929206 0.364031 -0.063695</row2>
							<row3>0.019362 0.010096 0.010768</row3>
						</transform>
						<node>
							<identifier>Duck_L_Wing_02_11</identifier>
							<transform>
								<row0>0.971506 0.002345 -0.236993</row0>
								<row1>-0.152575 0.771400 -0.617791</row1>
								<row2>0.181371 0.636347 0.749779</row2>
								<row3>-0.000001 0.000000 -0.116737</row3>
							</transform>
							<node>
								<identifier>Duck_L_Wing_02_11_BlendBone</identifier>
								<transform>
									<row0>0.272259 0.848185 -0.454377</row0>
									<row1>-0.091948 0.492987 0.865164</row1>
									<row2>-0.957821 0.193770 -0.212209</row2>
									<row3>2.823198 -0.730099 0.610101</row3>
								</transform>
							</node>
						</node>
						<node>
							<identifier>Duck_L_Wing_01_11_BlendBone</identifier>
							<transform>
								<row0>0.052687 0.365787 -0.929206</row0>
								<row1>-0.007630 0.930619 0.365910</row1>
								<row2>-0.998582 0.012189 -0.051822</row2>
								<row3>2.964803 -0.168342 0.122676</row3>
							</transform>
						</node>
					</node>
					<node>
						<identifier>Duck_R_Wing_01_11</identifier>
						<transform>
							<row0>0.038218 -0.303631 -0.952023</row0>
							<row1>0.345900 -0.889800 0.297673</row1>
							<row2>-0.937493 -0.340681 0.071020</row2>
							<row3>-0.019362 0.010096 0.010768</row3>
						</transform>
						<node>
							<identifier>Duck_R_Wing_02_11</identifier>
							<transform>
								<row0>0.981368 -0.026846 -0.190240</row0>
								<row1>-0.079355 0.845177 -0.528565</row1>
								<row2>0.174983 0.533811 0.827302</row2>
								<row3>0.000002 -0.000000 0.116736</row3>
							</transform>
							<node>
								<identifier>Duck_R_Wing_02_11_BlendBone</identifier>
								<transform>
									<row0>0.206568 0.784840 -0.584257</row0>
									<row1>0.096077 -0.610520 -0.786151</row1>
									<row2>0.973704 -0.106260 0.201520</row2>
									<row3>-2.877639 0.474435 -0.600547</row3>
								</transform>
							</node>
						</node>
						<node>
							<identifier>Duck_R_Wing_01_11_BlendBone</identifier>
							<transform>
								<row0>0.038218 0.345900 -0.937493</row0>
								<row1>0.005170 -0.938234 -0.345963</row1>
								<row2>0.999256 -0.008375 0.037646</row2>
								<row3>-2.966754 0.157656 -0.083426</row3>
							</transform>
						</node>
					</node>
					<node>
						<identifier>Duck_Tail_11</identifier>
						<transform>
							<row0>-1.000000 0.000000 -0.000000</row0>
							<row1>0.000000 0.960572 0.278030</row1>
							<row2>0.000000 0.278030 -0.960573</row2>
							<row3>0.000000 0.015191 0.101057</row3>
						</transform>
						<node>
							<identifier>Duck_Tail_11_BlendBone</identifier>
							<transform>
								<row0>-1.000000 0.000000 0.000000</row0>
								<row1>0.000000 0.827783 0.561048</row1>
								<row2>-0.000000 -0.561048 0.827783</row2>
								<row3>0.000000 1.524510 -2.447783</row3>
							</transform>
						</node>
					</node>
					<node>
						<identifier>Duck_Root_11_BlendBone</identifier>
						<transform>
							<row0>1.000000 0.000000 0.000000</row0>
							<row1>0.000000 0.951134 -0.308779</row1>
							<row2>0.000000 -0.308779 -0.951134</row2>
							<row3>-0.000000 0.799035 2.876190</row3>
						</transform>
					</node>
				</node>
			</node>
			<node>
				<identifier>Duck_02</identifier>
				<transform>
					<row0>1.000000 0.000000 0.000000</row0>
					<row1>0.000000 1.000000 0.000000</row1>
					<row2>0.000000 0.000000 1.000000</row2>
					<row3>0.000000 0.000000 0.000000</row3>
				</transform>
				<node>
					<identifier>Duck_Root_02</identifier>
					<transform>
						<row0>1.000000 0.000000 0.000000</row0>
						<row1>0.000000 0.951134 0.308779</row1>
						<row2>0.000000 -0.308779 0.951134</row2>
						<row3>0.000000 0.128117 -2.982367</row3>
					</transform>
					<node>
						<identifier>Duck_Head_02</identifier>
						<transform>
							<row0>0.999611 -0.008667 -0.026505</row0>
							<row1>-0.007148 0.839080 -0.543962</row1>
							<row2>0.026954 0.543939 0.838692</row2>
							<row3>0.000000 -0.000000 -0.067919</row3>
						</transform>
						<node>
							<identifier>Duck_Head_02_BlendBone</identifier>
							<transform>
								<row0>0.999611 -0.007148 0.026954</row0>
								<row1>-0.000059 0.966041 0.258389</row1>
								<row2>0.027886 0.258290 -0.965665</row2>
								<row3>-0.084958 -0.931028 2.903826</row3>
							</transform>
						</node>
					</node>
					<node>
						<identifier>Duck_L_Wing_01_02</identifier>
						<transform>
							<row0>0.052687 0.301084 0.952141</row0>
							<row1>0.365787 0.881379 -0.298949</row1>
							<row2>-0.929206 0.364031 -0.063695</row2>
							<row3>0.019362 0.010096 0.010768</row3>
						</transform>
						<node>
							<identifier>Duck_L_Wing_02_02</identifier>
							<transform>
								<row0>0.971506 0.002345 -0.236993</row0>
								<row1>-0.152575 0.771400 -0.617791</row1>
								<row2>0.181371 0.636347 0.749779</row2>
								<row3>-0.000001 0.000000 -0.116737</row3>
							</transform>
							<node>
								<identifier>Duck_L_Wing_02_02_BlendBone</identifier>
								<transform>
									<row0>0.272259 0.848185 -0.454377</row0>
									<row1>-0.091948 0.492987 0.865164</row1>
									<row2>-0.957821 0.193770 -0.212209</row2>
									<row3>2.823198 -0.730099 0.610101</row3>
								</transform>
							</node>
						</node>
						<node>
							<identifier>Duck_L_Wing_01_02_BlendBone</identifier>
							<transform>
								<row0>0.052687 0.365787 -0.929206</row0>
								<row1>-0.007630 0.930619 0.365910</row1>
								<row2>-0.998582 0.012189 -0.051822</row2>
								<row3>2.964803 -0.168342 0.122676</row3>
							</transform>
						</node>
					</node>
					<node>
						<identifier>Duck_R_Wing_01_02</identifier>
						<transform>
							<row0>0.038218 -0.303631 -0.952023</row0>
							<row1>0.345900 -0.889800 0.297673</row1>
							<row2>-0.937493 -0.340681 0.071020</row2>
							<row3>-0.019362 0.010096 0.010768</row3>
						</transform>
						<node>
							<identifier>Duck_R_Wing_02_02</identifier>
							<transform>
								<row0>0.981368 -0.026846 -0.190240</row0>
								<row1>-0.079355 0.845177 -0.528565</row1>
								<row2>0.174983 0.533811 0.827302</row2>
								<row3>0.000002 -0.000000 0.116736</row3>
							</transform>
							<node>
								<identifier>Duck_R_Wing_02_02_BlendBone</identifier>
								<transform>
									<row0>0.206568 0.784840 -0.584257</row0>
									<row1>0.096077 -0.610520 -0.786151</row1>
									<row2>0.973704 -0.106260 0.201520</row2>
									<row3>-2.877639 0.474435 -0.600547</row3>
								</transform>
							</node>
						</node>
						<node>
							<identifier>Duck_R_Wing_01_02_BlendBone</identifier>
							<transform>
								<row0>0.038218 0.345900 -0.937493</row0>
								<row1>0.005170 -0.938234 -0.345963</row1>
								<row2>0.999256 -0.008375 0.037646</row2>
								<row3>-2.966754 0.157656 -0.083426</row3>
							</transform>
						</node>
					</node>
					<node>
						<identifier>Duck_Tail_02</identifier>
						<transform>
							<row0>-1.000000 0.000000 -0.000000</row0>
							<row1>0.000000 0.960572 0.278030</row1>
							<row2>0.000000 0.278030 -0.960573</row2>
							<row3>0.000000 0.015191 0.101057</row3>
						</transform>
						<node>
							<identifier>Duck_Tail_02_BlendBone</identifier>
							<transform>
								<row0>-1.000000 0.000000 0.000000</row0>
								<row1>0.000000 0.827783 0.561048</row1>
								<row2>-0.000000 -0.561048 0.827783</row2>
								<row3>0.000000 1.524510 -2.447783</row3>
							</transform>
						</node>
					</node>
					<node>
						<identifier>Duck_Root_02_BlendBone</identifier>
						<transform>
							<row0>1.000000 0.000000 0.000000</row0>
							<row1>0.000000 0.951134 -0.308779</row1>
							<row2>0.000000 -0.308779 -0.951134</row2>
							<row3>-0.000000 0.799035 2.876190</row3>
						</transform>
					</node>
				</node>
			</node>
			<node>
				<identifier>Duck_03</identifier>
				<transform>
					<row0>1.000000 0.000000 0.000000</row0>
					<row1>0.000000 1.000000 0.000000</row1>
					<row2>0.000000 0.000000 1.000000</row2>
					<row3>0.000000 0.000000 0.000000</row3>
				</transform>
				<node>
					<identifier>Duck_Root_03</identifier>
					<transform>
						<row0>1.000000 0.000000 0.000000</row0>
						<row1>0.000000 0.951134 0.308779</row1>
						<row2>0.000000 -0.308779 0.951134</row2>
						<row3>1.700317 0.680622 3.177307</row3>
					</transform>
					<node>
						<identifier>Duck_Head_03</identifier>
						<transform>
							<row0>0.999611 -0.008668 -0.026505</row0>
							<row1>-0.007148 0.839080 -0.543962</row1>
							<row2>0.026955 0.543940 0.838691</row2>
							<row3>-0.000000 -0.000000 -0.067919</row3>
						</transform>
						<node>
							<identifier>Duck_Head_03_BlendBone</identifier>
							<transform>
								<row0>0.999611 -0.007148 0.026955</row0>
								<row1>-0.000060 0.966041 0.258390</row1>
								<row2>0.027887 0.258291 -0.965665</row2>
								<row3>-1.612811 0.138369 -3.232947</row3>
							</transform>
						</node>
					</node>
					<node>
						<identifier>Duck_L_Wing_01_03</identifier>
						<transform>
							<row0>0.052689 0.301082 0.952141</row0>
							<row1>0.365787 0.881380 -0.298948</row1>
							<row2>-0.929206 0.364032 -0.063693</row2>
							<row3>0.019361 0.010096 0.010768</row3>
						</transform>
						<node>
							<identifier>Duck_L_Wing_02_03</identifier>
							<transform>
								<row0>0.961326 0.002725 -0.275400</row0>
								<row1>-0.134970 0.876305 -0.462463</row1>
								<row2>0.240074 0.481748 0.842783</row2>
								<row3>-0.000000 -0.000000 -0.116736</row3>
							</transform>
							<node>
								<identifier>Duck_L_Wing_02_03_BlendBone</identifier>
								<transform>
									<row0>0.307551 0.743153 -0.594253</row0>
									<row1>-0.105571 0.647317 0.754875</row1>
									<row2>-0.945657 0.169426 -0.277538</row2>
									<row3>-3.505796 -1.236028 -0.283748</row3>
								</transform>
							</node>
						</node>
						<node>
							<identifier>Duck_L_Wing_01_03_BlendBone</identifier>
							<transform>
								<row0>0.052689 0.365787 -0.929206</row0>
								<row1>-0.007631 0.930619 0.365910</row1>
								<row2>-0.998582 0.012189 -0.051825</row2>
								<row3>-3.271507 -1.229387 1.181237</row3>
							</transform>
						</node>
					</node>
					<node>
						<identifier>Duck_R_Wing_01_03</identifier>
						<transform>
							<row0>0.038218 -0.303631 -0.952023</row0>
							<row1>0.345900 -0.889800 0.297672</row1>
							<row2>-0.937493 -0.340681 0.071020</row2>
							<row3>-0.019362 0.010096 0.010768</row3>
						</transform>
						<node>
							<identifier>Duck_R_Wing_02_03</identifier>
							<transform>
								<row0>0.973633 -0.031875 -0.225881</row0>
								<row1>-0.043940 0.945441 -0.322816</row1>
								<row2>0.223847 0.324230 0.919112</row2>
								<row3>0.000000 -0.000000 0.116736</row3>
							</transform>
							<node>
								<identifier>Duck_R_Wing_02_03_BlendBone</identifier>
								<transform>
									<row0>0.237946 0.627987 -0.740955</row0>
									<row1>0.113087 -0.775590 -0.621025</row1>
									<row2>0.964672 -0.063978 0.255566</row2>
									<row3>2.626659 -0.689315 2.380225</row3>
								</transform>
							</node>
						</node>
						<node>
							<identifier>Duck_R_Wing_01_03_BlendBone</identifier>
							<transform>
								<row0>0.038218 0.345900 -0.937493</row0>
								<row1>0.005170 -0.938234 -0.345963</row1>
								<row2>0.999256 -0.008375 0.037646</row2>
								<row3>3.120498 0.036308 1.933640</row3>
							</transform>
						</node>
					</node>
					<node>
						<identifier>Duck_Tail_03</identifier>
						<transform>
							<row0>-1.000000 0.000000 0.000000</row0>
							<row1>0.000000 0.960572 0.278031</row1>
							<row2>-0.000000 0.278030 -0.960572</row2>
							<row3>-0.000000 0.015191 0.101057</row3>
						</transform>
						<node>
							<identifier>Duck_Tail_03_BlendBone</identifier>
							<transform>
								<row0>-1.000000 0.000000 0.000000</row0>
								<row1>0.000000 0.827783 0.561048</row1>
								<row2>-0.000000 -0.561048 0.827783</row2>
								<row3>1.700317 -2.388719 2.341108</row3>
							</transform>
						</node>
					</node>
					<node>
						<identifier>Duck_Root_03_BlendBone</identifier>
						<transform>
							<row0>1.000000 0.000000 -0.000000</row0>
							<row1>0.000000 0.951134 -0.308779</row1>
							<row2>0.000000 -0.308779 -0.951134</row2>
							<row3>-1.700317 -1.628447 -2.811883</row3>
						</transform>
					</node>
				</node>
			</node>
			<node>
				<identifier>Duck_04</identifier>
				<transform>
					<row0>1.000000 0.000000 0.000000</row0>
					<row1>0.000000 1.000000 0.000000</row1>
					<row2>0.000000 0.000000 1.000000</row2>
					<row3>0.000000 0.000000 0.000000</row3>
				</transform>
				<node>
					<identifier>Duck_Root_04</identifier>
					<transform>
						<row0>1.000000 0.000000 0.000000</row0>
						<row1>0.000000 0.951134 0.308779</row1>
						<row2>0.000000 -0.308779 0.951134</row2>
						<row3>2.154909 0.023237 1.621054</row3>
					</transform>
					<node>
						<identifier>Duck_Head_04</identifier>
						<transform>
							<row0>0.999611 -0.008668 -0.026505</row0>
							<row1>-0.007148 0.839080 -0.543961</row1>
							<row2>0.026955 0.543939 0.838691</row2>
							<row3>-0.000000 0.000000 -0.067919</row3>
						</transform>
						<node>
							<identifier>Duck_Head_04_BlendBone</identifier>
							<transform>
								<row0>0.999611 -0.007148 0.026955</row0>
								<row1>-0.000060 0.966041 0.258389</row1>
								<row2>0.027887 0.258290 -0.965665</row2>
								<row3>-2.110664 0.374712 -1.572521</row3>
							</transform>
						</node>
					</node>
					<node>
						<identifier>Duck_L_Wing_01_04</identifier>
						<transform>
							<row0>0.052687 0.301084 0.952141</row0>
							<row1>0.365787 0.881379 -0.298949</row1>
							<row2>-0.929206 0.364031 -0.063695</row2>
							<row3>0.019361 0.010096 0.010768</row3>
						</transform>
						<node>
							<identifier>Duck_L_Wing_02_04</identifier>
							<transform>
								<row0>0.971508 0.002345 -0.236994</row0>
								<row1>-0.152568 0.771400 -0.617790</row1>
								<row2>0.181368 0.636346 0.749779</row2>
								<row3>-0.000000 -0.000000 -0.116737</row3>
							</transform>
							<node>
								<identifier>Duck_L_Wing_02_04_BlendBone</identifier>
								<transform>
									<row0>0.272259 0.848184 -0.454377</row0>
									<row1>-0.091948 0.492988 0.865164</row1>
									<row2>-0.957821 0.193770 -0.212210</row2>
									<row3>-2.182392 -1.614151 0.703092</row3>
								</transform>
							</node>
						</node>
						<node>
							<identifier>Duck_L_Wing_01_04_BlendBone</identifier>
							<transform>
								<row0>0.052687 0.365787 -0.929206</row0>
								<row1>-0.007630 0.930619 0.365910</row1>
								<row2>-0.998582 0.012189 -0.051822</row2>
								<row3>-1.746425 -0.802864 1.924847</row3>
							</transform>
						</node>
					</node>
					<node>
						<identifier>Duck_R_Wing_01_04</identifier>
						<transform>
							<row0>0.038218 -0.303631 -0.952023</row0>
							<row1>0.345899 -0.889800 0.297672</row1>
							<row2>-0.937493 -0.340680 0.071020</row2>
							<row3>-0.019362 0.010096 0.010768</row3>
						</transform>
						<node>
							<identifier>Duck_R_Wing_02_04</identifier>
							<transform>
								<row0>0.981371 -0.026846 -0.190238</row0>
								<row1>-0.079342 0.845177 -0.528565</row1>
								<row2>0.174975 0.533812 0.827302</row2>
								<row3>0.000000 -0.000000 0.116736</row3>
							</transform>
							<node>
								<identifier>Duck_R_Wing_02_04_BlendBone</identifier>
								<transform>
									<row0>0.206567 0.784840 -0.584257</row0>
									<row1>0.096077 -0.610521 -0.786151</row1>
									<row2>0.973704 -0.106259 0.201518</row2>
									<row3>1.169673 -1.770012 1.503700</row3>
								</transform>
							</node>
						</node>
						<node>
							<identifier>Duck_R_Wing_01_04_BlendBone</identifier>
							<transform>
								<row0>0.038218 0.345899 -0.937493</row0>
								<row1>0.005170 -0.938234 -0.345962</row1>
								<row2>0.999256 -0.008375 0.037646</row2>
								<row3>1.551428 -0.724681 2.073800</row3>
							</transform>
						</node>
					</node>
					<node>
						<identifier>Duck_Tail_04</identifier>
						<transform>
							<row0>-1.000000 0.000000 0.000000</row0>
							<row1>0.000000 0.960572 0.278031</row1>
							<row2>0.000000 0.278031 -0.960572</row2>
							<row3>-0.000000 0.015191 0.101058</row3>
						</transform>
						<node>
							<identifier>Duck_Tail_04_BlendBone</identifier>
							<transform>
								<row0>-1.000000 0.000000 0.000000</row0>
								<row1>0.000000 0.827783 0.561048</row1>
								<row2>-0.000000 -0.561048 0.827783</row2>
								<row3>2.154909 -0.971414 1.421693</row3>
							</transform>
						</node>
					</node>
					<node>
						<identifier>Duck_Root_04_BlendBone</identifier>
						<transform>
							<row0>1.000000 0.000000 -0.000000</row0>
							<row1>0.000000 0.951134 -0.308779</row1>
							<row2>0.000000 -0.308779 -0.951134</row2>
							<row3>-2.154909 -0.522648 -1.534664</row3>
						</transform>
					</node>
				</node>
			</node>
			<node>
				<identifier>Duck_05</identifier>
				<transform>
					<row0>1.000000 0.000000 0.000000</row0>
					<row1>0.000000 1.000000 0.000000</row1>
					<row2>0.000000 0.000000 1.000000</row2>
					<row3>0.000000 0.000000 0.000000</row3>
				</transform>
				<node>
					<identifier>Duck_Root_05</identifier>
					<transform>
						<row0>1.000000 0.000000 0.000000</row0>
						<row1>0.000000 0.951134 0.308779</row1>
						<row2>0.000000 -0.308779 0.951134</row2>
						<row3>1.393628 -0.054949 0.416589</row3>
					</transform>
					<node>
						<identifier>Duck_Head_05</identifier>
						<transform>
							<row0>0.999611 -0.008664 -0.026503</row0>
							<row1>-0.007150 0.839080 -0.543962</row1>
							<row2>0.026952 0.543939 0.838691</row2>
							<row3>0.000000 -0.000000 -0.067919</row3>
						</transform>
						<node>
							<identifier>Duck_Head_05_BlendBone</identifier>
							<transform>
								<row0>0.999611 -0.007150 0.026952</row0>
								<row1>-0.000057 0.966041 0.258389</row1>
								<row2>0.027884 0.258290 -0.965665</row2>
								<row3>-1.383274 0.133702 -0.368685</row3>
							</transform>
						</node>
					</node>
					<node>
						<identifier>Duck_L_Wing_01_05</identifier>
						<transform>
							<row0>0.052688 0.301083 0.952141</row0>
							<row1>0.365787 0.881379 -0.298948</row1>
							<row2>-0.929206 0.364032 -0.063694</row2>
							<row3>0.019362 0.010096 0.010768</row3>
						</transform>
						<node>
							<identifier>Duck_L_Wing_02_05</identifier>
							<transform>
								<row0>0.971509 0.002345 -0.236992</row0>
								<row1>-0.152568 0.771400 -0.617791</row1>
								<row2>0.181367 0.636347 0.749779</row2>
								<row3>-0.000000 -0.000000 -0.116737</row3>
							</transform>
							<node>
								<identifier>Duck_L_Wing_02_05_BlendBone</identifier>
								<transform>
									<row0>0.272260 0.848185 -0.454376</row0>
									<row1>-0.091949 0.492987 0.865164</row1>
									<row2>-0.957821 0.193770 -0.212210</row2>
									<row3>-0.828654 -1.163290 0.680425</row3>
								</transform>
							</node>
						</node>
						<node>
							<identifier>Duck_L_Wing_01_05_BlendBone</identifier>
							<transform>
								<row0>0.052688 0.365787 -0.929206</row0>
								<row1>-0.007631 0.930619 0.365911</row1>
								<row2>-0.998582 0.012189 -0.051824</row2>
								<row3>-0.504158 -0.466319 1.308486</row3>
							</transform>
						</node>
					</node>
					<node>
						<identifier>Duck_R_Wing_01_05</identifier>
						<transform>
							<row0>0.038218 -0.303631 -0.952023</row0>
							<row1>0.345900 -0.889800 0.297672</row1>
							<row2>-0.937493 -0.340681 0.071020</row2>
							<row3>-0.019362 0.010096 0.010768</row3>
						</transform>
						<node>
							<identifier>Duck_R_Wing_02_05</identifier>
							<transform>
								<row0>0.981371 -0.026846 -0.190239</row0>
								<row1>-0.079342 0.845177 -0.528565</row1>
								<row2>0.174975 0.533812 0.827302</row2>
								<row3>-0.000000 -0.000000 0.116736</row3>
							</transform>
							<node>
								<identifier>Duck_R_Wing_02_05_BlendBone</identifier>
								<transform>
									<row0>0.206568 0.784840 -0.584256</row0>
									<row1>0.096077 -0.610520 -0.786152</row1>
									<row2>0.973704 -0.106260 0.201519</row2>
									<row3>0.161647 -1.092278 0.754728</row3>
								</transform>
							</node>
						</node>
						<node>
							<identifier>Duck_R_Wing_01_05_BlendBone</identifier>
							<transform>
								<row0>0.038218 0.345900 -0.937493</row0>
								<row1>0.005170 -0.938234 -0.345963</row1>
								<row2>0.999256 -0.008375 0.037646</row2>
								<row3>0.377358 -0.524625 1.287712</row3>
							</transform>
						</node>
					</node>
					<node>
						<identifier>Duck_Tail_05</identifier>
						<transform>
							<row0>-1.000000 -0.000267 -0.000194</row0>
							<row1>-0.000265 0.999892 -0.014723</row1>
							<row2>0.000198 -0.014723 -0.999892</row2>
							<row3>0.000000 0.015191 0.101057</row3>
						</transform>
						<node>
							<identifier>Duck_Tail_05_BlendBone</identifier>
							<transform>
								<row0>-1.000000 -0.000265 0.000198</row0>
								<row1>-0.000194 0.955577 0.294742</row1>
								<row2>0.000267 -0.294742 0.955577</row2>
								<row3>1.393753 -0.083612 0.515273</row3>
							</transform>
						</node>
					</node>
					<node>
						<identifier>Duck_Root_05_BlendBone</identifier>
						<transform>
							<row0>1.000000 0.000000 -0.000000</row0>
							<row1>0.000000 0.951134 -0.308779</row1>
							<row2>0.000000 -0.308779 -0.951134</row2>
							<row3>-1.393628 -0.076370 -0.413199</row3>
						</transform>
					</node>
				</node>
			</node>
			<node>
				<identifier>Duck_06</identifier>
				<transform>
					<row0>1.000000 0.000000 0.000000</row0>
					<row1>0.000000 1.000000 0.000000</row1>
					<row2>0.000000 0.000000 1.000000</row2>
					<row3>0.000000 0.000000 0.000000</row3>
				</transform>
				<node>
					<identifier>Duck_Root_06</identifier>
					<transform>
						<row0>1.000000 0.000000 0.000000</row0>
						<row1>0.000000 0.951134 0.308779</row1>
						<row2>0.000000 -0.308779 0.951134</row2>
						<row3>1.363858 -0.118370 -0.924092</row3>
					</transform>
					<node>
						<identifier>Duck_Head_06</identifier>
						<transform>
							<row0>0.999611 -0.008664 -0.026503</row0>
							<row1>-0.007150 0.839080 -0.543962</row1>
							<row2>0.026952 0.543940 0.838691</row2>
							<row3>0.000000 0.000000 -0.067919</row3>
						</transform>
						<node>
							<identifier>Duck_Head_06_BlendBone</identifier>
							<transform>
								<row0>0.999611 -0.007150 0.026952</row0>
								<row1>-0.000057 0.966041 0.258390</row1>
								<row2>0.027884 0.258291 -0.965665</row2>
								<row3>-1.390901 -0.151528 0.943154</row3>
							</transform>
						</node>
					</node>
					<node>
						<identifier>Duck_L_Wing_01_06</identifier>
						<transform>
							<row0>0.052688 0.301083 0.952141</row0>
							<row1>0.365787 0.881380 -0.298948</row1>
							<row2>-0.929206 0.364032 -0.063694</row2>
							<row3>0.019362 0.010096 0.010768</row3>
						</transform>
						<node>
							<identifier>Duck_L_Wing_02_06</identifier>
							<transform>
								<row0>0.961326 0.002725 -0.275399</row0>
								<row1>-0.134970 0.876306 -0.462462</row1>
								<row2>0.240073 0.481748 0.842784</row2>
								<row3>0.000000 0.000000 -0.116737</row3>
							</transform>
							<node>
								<identifier>Duck_L_Wing_02_06_BlendBone</identifier>
								<transform>
									<row0>0.307550 0.743153 -0.594254</row0>
									<row1>-0.105571 0.647317 0.754875</row1>
									<row2>-0.945657 0.169426 -0.277537</row2>
									<row3>0.391850 -1.163672 1.257745</row3>
								</transform>
							</node>
						</node>
						<node>
							<identifier>Duck_L_Wing_01_06_BlendBone</identifier>
							<transform>
								<row0>0.052688 0.365787 -0.929206</row0>
								<row1>-0.007631 0.930619 0.365910</row1>
								<row2>-0.998582 0.012189 -0.051824</row2>
								<row3>0.835707 -0.412748 1.373510</row3>
							</transform>
						</node>
					</node>
					<node>
						<identifier>Duck_R_Wing_01_06</identifier>
						<transform>
							<row0>0.038218 -0.303631 -0.952023</row0>
							<row1>0.345900 -0.889800 0.297672</row1>
							<row2>-0.937493 -0.340681 0.071020</row2>
							<row3>-0.019362 0.010096 0.010768</row3>
						</transform>
						<node>
							<identifier>Duck_R_Wing_02_06</identifier>
							<transform>
								<row0>0.973633 -0.031876 -0.225882</row0>
								<row1>-0.043941 0.945441 -0.322817</row1>
								<row2>0.223847 0.324231 0.919112</row2>
								<row3>0.000000 0.000000 0.116736</row3>
							</transform>
							<node>
								<identifier>Duck_R_Wing_02_06_BlendBone</identifier>
								<transform>
									<row0>0.237947 0.627988 -0.740954</row0>
									<row1>0.113087 -0.775589 -0.621026</row1>
									<row2>0.964672 -0.063979 0.255566</row2>
									<row3>-1.159433 -0.835313 0.586551</row3>
								</transform>
							</node>
						</node>
						<node>
							<identifier>Duck_R_Wing_01_06_BlendBone</identifier>
							<transform>
								<row0>0.038218 0.345900 -0.937493</row0>
								<row1>0.005170 -0.938234 -0.345963</row1>
								<row2>0.999256 -0.008375 0.037646</row2>
								<row3>-0.960860 -0.562603 1.187390</row3>
							</transform>
						</node>
					</node>
					<node>
						<identifier>Duck_Tail_06</identifier>
						<transform>
							<row0>-1.000000 0.000000 0.000000</row0>
							<row1>0.000000 0.960572 0.278031</row1>
							<row2>0.000000 0.278031 -0.960572</row2>
							<row3>0.000000 0.015191 0.101058</row3>
						</transform>
						<node>
							<identifier>Duck_Tail_06_BlendBone</identifier>
							<transform>
								<row0>-1.000000 0.000000 0.000000</row0>
								<row1>0.000000 0.827783 0.561048</row1>
								<row2>-0.000000 -0.561048 0.827783</row2>
								<row3>1.363858 0.573756 -0.605687</row3>
							</transform>
						</node>
					</node>
					<node>
						<identifier>Duck_Root_06_BlendBone</identifier>
						<transform>
							<row0>1.000000 0.000000 0.000000</row0>
							<row1>0.000000 0.951134 -0.308779</row1>
							<row2>0.000000 -0.308779 -0.951134</row2>
							<row3>-1.363858 0.397926 0.842385</row3>
						</transform>
					</node>
				</node>
			</node>
			<node>
				<identifier>Duck_07</identifier>
				<transform>
					<row0>1.000000 0.000000 0.000000</row0>
					<row1>0.000000 1.000000 0.000000</row1>
					<row2>0.000000 0.000000 1.000000</row2>
					<row3>0.000000 0.000000 0.000000</row3>
				</transform>
				<node>
					<identifier>Duck_Root_07</identifier>
					<transform>
						<row0>1.000000 0.000000 0.000000</row0>
						<row1>0.000000 0.951134 0.308779</row1>
						<row2>0.000000 -0.308779 0.951134</row2>
						<row3>-0.138112 0.224016 -0.168689</row3>
					</transform>
					<node>
						<identifier>Duck_Head_07</identifier>
						<transform>
							<row0>0.999611 -0.008664 -0.026503</row0>
							<row1>-0.007150 0.839080 -0.543961</row1>
							<row2>0.026952 0.543939 0.838692</row2>
							<row3>-0.000000 0.000000 -0.067919</row3>
						</transform>
						<node>
							<identifier>Duck_Head_07_BlendBone</identifier>
							<transform>
								<row0>0.999611 -0.007150 0.026952</row0>
								<row1>-0.000057 0.966041 0.258389</row1>
								<row2>0.027884 0.258290 -0.965665</row2>
								<row3>0.131567 -0.297912 0.165699</row3>
							</transform>
						</node>
					</node>
					<node>
						<identifier>Duck_L_Wing_01_07</identifier>
						<transform>
							<row0>0.052688 0.301083 0.952141</row0>
							<row1>0.365787 0.881380 -0.298948</row1>
							<row2>-0.929206 0.364032 -0.063694</row2>
							<row3>0.019362 0.010096 0.010767</row3>
						</transform>
						<node>
							<identifier>Duck_L_Wing_02_07</identifier>
							<transform>
								<row0>0.971509 0.002345 -0.236992</row0>
								<row1>-0.152568 0.771400 -0.617791</row1>
								<row2>0.181367 0.636347 0.749779</row2>
								<row3>0.000000 -0.000000 -0.116736</row3>
							</transform>
							<node>
								<identifier>Duck_L_Wing_02_07_BlendBone</identifier>
								<transform>
									<row0>0.272260 0.848184 -0.454377</row0>
									<row1>-0.091949 0.492987 0.865164</row1>
									<row2>-0.957821 0.193770 -0.212210</row2>
									<row3>0.174619 -0.115027 -0.132710</row3>
								</transform>
							</node>
						</node>
						<node>
							<identifier>Duck_L_Wing_01_07_BlendBone</identifier>
							<transform>
								<row0>0.052688 0.365787 -0.929206</row0>
								<row1>-0.007631 0.930619 0.365910</row1>
