<?xml version="1.0" encoding="utf-8"?>
<root>
	<node>
		<identifier>Scene Root</identifier>
		<transform>
			<row0>1.000000 0.000000 0.000000</row0>
			<row1>0.000000 1.000000 0.000000</row1>
			<row2>0.000000 0.000000 1.000000</row2>
			<row3>0.000000 0.000000 0.000000</row3>
		</transform>
		<node>
			<identifier>TrafficLights01</identifier>
			<transform>
				<row0>-0.000132 -0.014866 0.999889</row0>
				<row1>-0.000019 0.999889 0.014866</row1>
				<row2>-1.000000 -0.000017 -0.000133</row2>
				<row3>0.006245 1.175160 -79.731186</row3>
			</transform>
			<node>
				<identifier>TrafficLights02</identifier>
				<transform>
					<row0>0.999000 0.044718 -0.000240</row0>
					<row1>-0.044719 0.999000 -0.000004</row1>
					<row2>0.000239 0.000015 1.000000</row2>
					<row3>79.775658 -0.000430 0.000013</row3>
				</transform>
				<node>
					<identifier>TrafficLights03</identifier>
					<transform>
						<row0>1.000000 0.000000 0.000000</row0>
						<row1>0.000000 1.000000 -0.000000</row1>
						<row2>-0.000000 0.000000 1.000000</row2>
						<row3>40.162807 0.000303 -0.000055</row3>
					</transform>
					<node>
						<identifier>TrafficLights03_BlendBone</identifier>
						<transform>
							<row0>0.000107 -0.000009 -1.000000</row0>
							<row1>0.029861 0.999554 -0.000006</row1>
							<row2>-0.999554 0.029861 -0.000107</row2>
							<row3>-40.198105 0.011980 -0.004285</row3>
						</transform>
					</node>
				</node>
				<node>
					<identifier>TrafficLights_Ancor</identifier>
					<transform>
						<row0>-0.029857 -0.999545 0.004294</row0>
						<row1>-0.000036 0.004297 0.999991</row1>
						<row2>-0.999554 0.029856 -0.000164</row2>
						<row3>-0.000000 0.000000 0.000000</row3>
					</transform>
					<node>
						<identifier>TrafficLights_Ancor_BlendBone</identifier>
						<transform>
							<row0>-0.004288 -0.999991 0.000058</row0>
							<row1>-0.999991 0.004288 -0.000005</row1>
							<row2>-0.000005 0.000058 1.000000</row2>
							<row3>-0.011242 -0.004286 0.035643</row3>
						</transform>
					</node>
				</node>
				<node>
					<identifier>TrafficLights02_BlendBone</identifier>
					<transform>
						<row0>0.000107 -0.000009 -1.000000</row0>
						<row1>0.029861 0.999554 -0.000006</row1>
						<row2>-0.999554 0.029861 -0.000107</row2>
						<row3>-0.035291 0.012283 -0.004341</row3>
					</transform>
				</node>
			</node>
			<node>
				<identifier>TrafficLights01_BlendBone</identifier>
				<transform>
					<row0>-0.000132 -0.000019 -1.000000</row0>
					<row1>-0.014866 0.999889 -0.000017</row1>
					<row2>-0.999889 -0.014866 0.000133</row2>
					<row3>79.739853 0.010262 -0.004319</row3>
				</transform>
			</node>
		</node>
	</node>
	<renderSet>
		<treatAsWorldSpaceObject>true</treatAsWorldSpaceObject>
		<node>TrafficLights01_BlendBone</node>
		<node>TrafficLights02_BlendBone</node>
		<node>TrafficLights03_BlendBone</node>
		<node>TrafficLights_Ancor_BlendBone</node>
		<geometry>
			<vertices>s0Shape.vertices</vertices>
			<stream>s0Shape.colour</stream>
			<primitive>s0Shape.indices</primitive>
			<primitiveGroup>
				0
				<material>
					<identifier>s_nd0_skinned</identifier>
					<collisionFlags>255</collisionFlags>
					<materialKind>0</materialKind>
					<fx>shaders/std_effects/PBS_ext_skinned.fx</fx>
					<property>
						diffuseMap
						<Texture>content/Environment/hd_env_SU_095_SmallProps/hd_env_SU_095_SmallProps_AM.dds</Texture>
					</property>
					<property>
						normalMap
						<Texture>content/Environment/hd_env_SU_095_SmallProps/hd_env_SU_095_SmallProps_ANM.dds</Texture>
					</property>
					<property>
						metallicGlossMap
						<Texture>content/Environment/hd_env_SU_095_SmallProps/hd_env_SU_095_SmallProps_GMM.dds</Texture>
					</property>
					<property>
						doubleSided
						<Bool>false</Bool>
					</property>
					<property>
						dynamicObject
						<Bool>true</Bool>
					</property>
					<property>
						alphaTestEnable
						<Bool>false</Bool>
					</property>
					<property>
						alphaReference
						<Int>0</Int>
					</property>
				</material>
				<groupOrigin>-0.002663 -0.293582 19.815002</groupOrigin>
			</primitiveGroup>
		</geometry>
	</renderSet>
	<constraints/>
	<boundingBox>
		<min>-0.707666 -1.816204 -79.810539</min>
		<max>0.702339 1.229039 40.180534</max>
	</boundingBox>
	<geometrySize>45502</geometrySize>
	<minUVDensity>0.031972</minUVDensity>
</root>
