<?xml version="1.0" encoding="utf-8"?>
<root>
	<node>
		<identifier>Scene Root</identifier>
		<transform>
			<row0>1.000000 0.000000 0.000000</row0>
			<row1>0.000000 1.000000 0.000000</row1>
			<row2>0.000000 0.000000 1.000000</row2>
			<row3>0.000000 0.000000 0.000000</row3>
		</transform>
		<node>
			<identifier>nodes_01</identifier>
			<transform>
				<row0>1.000000 0.000000 0.000000</row0>
				<row1>0.000000 1.000000 0.000000</row1>
				<row2>0.000000 0.000000 1.000000</row2>
				<row3>0.000000 0.000000 0.000000</row3>
			</transform>
			<node>
				<identifier>HP_Fire_1</identifier>
				<transform>
					<row0>1.000000 0.000000 0.000000</row0>
					<row1>0.000000 1.000000 0.000000</row1>
					<row2>0.000000 0.000000 1.000000</row2>
					<row3>0.417179 -0.163570 -2.359390</row3>
				</transform>
			</node>
			<node>
				<identifier>HP_Fire_2</identifier>
				<transform>
					<row0>1.000000 0.000000 0.000000</row0>
					<row1>0.000000 1.000000 0.000000</row1>
					<row2>0.000000 0.000000 1.000000</row2>
					<row3>0.000000 -0.163570 1.933867</row3>
				</transform>
			</node>
			<node>
				<identifier>HP_TrackUp_LFront</identifier>
				<transform>
					<row0>1.000000 0.000000 0.000000</row0>
					<row1>0.000000 0.978148 0.207912</row1>
					<row2>0.000000 -0.207912 0.978148</row2>
					<row3>-1.197596 0.129349 2.998657</row3>
				</transform>
			</node>
			<node>
				<identifier>HP_TrackUp_LRear</identifier>
				<transform>
					<row0>-1.000000 0.000000 0.000000</row0>
					<row1>0.000000 0.783836 -0.620969</row1>
					<row2>-0.000000 -0.620969 -0.783836</row2>
					<row3>-1.197596 0.031751 -3.042253</row3>
				</transform>
			</node>
			<node>
				<identifier>HP_TrackUp_RFront</identifier>
				<transform>
					<row0>1.000000 0.000000 0.000000</row0>
					<row1>0.000000 0.978148 0.207912</row1>
					<row2>0.000000 -0.207912 0.978148</row2>
					<row3>1.197596 0.129349 2.998657</row3>
				</transform>
			</node>
			<node>
				<identifier>HP_TrackUp_RRear</identifier>
				<transform>
					<row0>-1.000000 0.000000 0.000000</row0>
					<row1>0.000000 0.783836 -0.620969</row1>
					<row2>-0.000000 -0.620969 -0.783836</row2>
					<row3>1.197596 0.031751 -3.042253</row3>
				</transform>
			</node>
			<node>
				<identifier>HP_Track_Exhaus_1</identifier>
				<transform>
					<row0>1.000000 0.000000 0.000000</row0>
					<row1>0.000000 -1.000000 -0.000000</row1>
					<row2>0.000000 0.000000 -1.000000</row2>
					<row3>-1.181658 0.303289 -3.252087</row3>
				</transform>
			</node>
			<node>
				<identifier>HP_Track_Exhaus_2</identifier>
				<transform>
					<row0>1.000000 0.000000 0.000000</row0>
					<row1>0.000000 -1.000000 -0.000000</row1>
					<row2>0.000000 0.000000 -1.000000</row2>
					<row3>-0.961619 0.303289 -3.252087</row3>
				</transform>
			</node>
			<node>
				<identifier>HP_Track_Exhaus_3</identifier>
				<transform>
					<row0>1.000000 0.000000 0.000000</row0>
					<row1>0.000000 -1.000000 -0.000000</row1>
					<row2>0.000000 0.000000 -1.000000</row2>
					<row3>0.961619 0.303289 -3.252087</row3>
				</transform>
			</node>
			<node>
				<identifier>HP_Track_Exhaus_4</identifier>
				<transform>
					<row0>1.000000 0.000000 0.000000</row0>
					<row1>0.000000 -1.000000 -0.000000</row1>
					<row2>0.000000 0.000000 -1.000000</row2>
					<row3>1.181658 0.303289 -3.252087</row3>
				</transform>
			</node>
			<node>
				<identifier>HP_turretJoint_02</identifier>
				<transform>
					<row0>1.000000 0.000000 0.000000</row0>
					<row1>0.000000 1.000000 0.000000</row1>
					<row2>0.000000 0.000000 1.000000</row2>
					<row3>0.000000 0.476120 -0.357700</row3>
				</transform>
			</node>
		</node>
	</node>
	<renderSet>
		<treatAsWorldSpaceObject>false</treatAsWorldSpaceObject>
		<node>Scene Root</node>
		<geometry>
			<vertices>vertices</vertices>
			<primitive>indices</primitive>
			<primitiveGroup>
				0
				<material>
					<identifier>tank_proxy</identifier>
					<property>
						selfIllumination
						<Float>0.000000</Float>
					</property>
					<collisionFlags>0</collisionFlags>
					<materialKind>0</materialKind>
					<fx>shaders/std_effects/PBS_tank.fx</fx>
					<property>
						metallicGlossMap
						<Texture>vehicles/sweden/S14_Ikv_103_SH/Ikv_103_SH_2_proxy_GMM.dds</Texture>
					</property>
					<property>
						normalMap
						<Texture>vehicles/sweden/S14_Ikv_103_SH/Ikv_103_SH_2_proxy_ANM.dds</Texture>
					</property>
					<property>
						diffuseMap
						<Texture>vehicles/sweden/S14_Ikv_103_SH/Ikv_103_SH_2_proxy_AM.dds</Texture>
					</property>
					<property>
						excludeMaskAndAOMap
						<Texture>vehicles/sweden/S14_Ikv_103_SH/Ikv_103_SH_2_proxy_AO.dds</Texture>
					</property>
				</material>
				<groupOrigin>-0.012117 -0.056543 0.057016</groupOrigin>
			</primitiveGroup>
		</geometry>
	</renderSet>
	<boundingBox>
		<min>-1.715538 -0.675507 -3.287351</min>
		<max>1.691303 0.476284 3.401382</max>
	</boundingBox>
	<geometrySize>7044</geometrySize>
	<minUVDensity>0.001686</minUVDensity>
</root>
